set2
Ns: 10000
=========================================================
          Learning params for data #1
=========================================================
Actual Params: [7 0.0886 0.002757 0.6069 13 0.5]
Predicted Params: [7 0.0886 0.002757 0.6069 13 0.539]
Actual M:[
  [
	[6.7091, 3.3805],
	[7.8182, 3.5391],
	[4.7329, 8.9242],
	[1.7579, 8.3033],
	[3.091, 9.9447],
	[1.6156, 9.8105],
	[7.7982, 3.4284]
  ]
]

Predicted M:[
  [
	[3.639, 7.6236],
	[3.9221, 7.4482],
	[2.7646, 5.2198],
	[1.1048, 4.3131],
	[3.6247, 2.3816],
	[7.3708, 2.1496],
	[4.2908, 6.9202]
  ]
]

MSE: 0.821499
=========================================================
          Learning params for data #2
=========================================================
Actual Params: [12 0.0207 0.0879 0.7383 6 0.5]
Predicted Params: [12 0.0207 0.0879 0.7383 6 0.4368]
Actual M:[
  [
	[8.9539, 8.4467],
	[3.3699, 2.8542],
	[2.1241, 8.1794],
	[3.7258, 9.7948],
	[7.0767, 7.3472],
	[4.0693, 3.8746],
	[4.9779, 1.1954]
  ]
]

Predicted M:[
  [
	[2.3336, 1.3211],
	[2.1258, 4.2483],
	[20.0957, 5.0769],
	[11.865, 2.3167],
	[1.3016, 32.2794],
	[4.1254, 2.9699],
	[4.5208, 4.3874]
  ]
]

MSE: 0.352142
=========================================================
          Learning params for data #3
=========================================================
Actual Params: [2 0.05498 0.08157 0.975 10 0.3]
Predicted Params: [2 0.05498 0.08157 0.975 10 0.4732]
Actual M:[
  [
	[5.7926, 5.3744],
	[3.4344, 8.3844],
	[9.9198, 8.6803],
	[6.6847, 8.727],
	[2.0576, 5.5303],
	[1.8384, 7.6044],
	[4.2735, 3.7381]
  ]
]

Predicted M:[
  [
	[8.5051, 3.3642],
	[7.073, 5.2987],
	[18.5858, 7.3622],
	[2.7927, 1.314],
	[6.9655, 4.6565],
	[3.8657, 8.7706],
	[6.0798, 6.0513]
  ]
]

MSE: 0.454556
=========================================================
          Learning params for data #4
=========================================================
Actual Params: [12 0.08775 0.08303 0.6181 10 0.3]
Predicted Params: [12 0.08775 0.08303 0.6181 10 0.4859]
Actual M:[
  [
	[6.2614, 8.4127],
	[9.8844, 3.2887],
	[7.1096, 4.8903],
	[3.3824, 7.7779],
	[9.8713, 6.8729],
	[9.9212, 3.862],
	[9.1177, 2.096]
  ]
]

Predicted M:[
  [
	[4.7357, 11.1947],
	[7.4879, 1.522],
	[7.3333, 4.8058],
	[4.3808, 8.5002],
	[5.8748, 10.2461],
	[5.9622, 8.1286],
	[3.8082, 5.3438]
  ]
]

MSE: 0.025375
=========================================================
          Learning params for data #5
=========================================================
Actual Params: [14 0.03447 0.02943 0.1469 6 0.3]
Predicted Params: [14 0.03447 0.02943 0.1469 6 0.4634]
Actual M:[
  [
	[9.3398, 5.4991],
	[1.7639, 4.7785],
	[1.6465, 4.2247],
	[2.066, 7.8604],
	[8.675, 8.761],
	[7.1905, 6.538],
	[5.4191, 7.9723]
  ]
]

Predicted M:[
  [
	[9.3013, 3.6269],
	[4.5429, 2.8839],
	[3.886, 3.9626],
	[4.0562, 2.9154],
	[5.0742, 16.3538],
	[4.7985, 8.5511],
	[1.1164, 11.7582]
  ]
]

MSE: 0.000039
=========================================================
          Learning params for data #6
=========================================================
Actual Params: [3 0.06913 0.02665 1.011 5 0.3]
Predicted Params: [3 0.06913 0.02665 1.011 5 0.516]
Actual M:[
  [
	[7.4052, 2.6355],
	[6.8333, 9.1432],
	[8.1426, 6.7928],
	[6.7303, 3.7937],
	[4.7322, 8.9464],
	[9.5688, 3.6356],
	[4.6816, 4.1429]
  ]
]

Predicted M:[
  [
	[5.8494, 6.0757],
	[8.0934, 8.1804],
	[9.3587, 8.447],
	[5.0692, 5.2252],
	[18.2941, 4.8942],
	[1.4295, 8.3701],
	[4.5982, 1.7254]
  ]
]

MSE: 0.002439
=========================================================
          Learning params for data #7
=========================================================
Actual Params: [8 0.09432 0.07593 0.5647 11 0.5]
Predicted Params: [8 0.09432 0.07593 0.5647 11 0.5356]
Actual M:[
  [
	[7.5713, 1.7415],
	[1.6431, 6.5443],
	[7.9291, 8.2136],
	[6.085, 4.7642],
	[9.0742, 7.1303],
	[2.4952, 5.4455],
	[2.806, 6.9435]
  ]
]

Predicted M:[
  [
	[2.0347, 8.8612],
	[2.8566, 1.9987],
	[16.5473, 4.1418],
	[8.4853, 3.9483],
	[17.8487, 2.2532],
	[2.8129, 4.0187],
	[9.0057, 2.1539]
  ]
]

MSE: 0.046974
=========================================================
          Learning params for data #8
=========================================================
Actual Params: [4 0.07248 0.03056 0.6813 7 0.7]
Predicted Params: [4 0.07248 0.03056 0.6813 7 0.4767]
Actual M:[
  [
	[7.1174, 4.9418],
	[9.8409, 4.1169],
	[7.3875, 9.6934],
	[4.8516, 9.6847],
	[8.0458, 9.3603],
	[1.8207, 8.0572],
	[2.3846, 4.5035]
  ]
]

Predicted M:[
  [
	[3.2008, 1.4078],
	[134.0971, 4.0836],
	[1.8902, 1.9903],
	[0.36485, 6.1716],
	[2.3176, 33.217],
	[3.9864, 7.2067],
	[4.496, 6.7202]
  ]
]

MSE: 0.365851
=========================================================
          Learning params for data #9
=========================================================
Actual Params: [11 0.05288 0.1001 0.7631 10 0.7]
Predicted Params: [11 0.05288 0.1001 0.7631 10 0.4915]
Actual M:[
  [
	[8.5821, 6.4933],
	[4.0645, 5.0269],
	[7.6156, 9.0557],
	[8.2838, 6.7496],
	[4.4336, 1.0499],
	[3.9031, 2.7941],
	[8.4707, 3.0816]
  ]
]

Predicted M:[
  [
	[16.6265, 3.2528],
	[5.3604, 9.8987],
	[1.4342, 2.5176],
	[1.4065, 1.8575],
	[5.5406, 8.7832],
	[7.9463, 5.6912],
	[5.8593, 9.7868]
  ]
]

MSE: 1.088275
=========================================================
          Learning params for data #10
=========================================================
Actual Params: [11 0.08807 0.04289 0.9603 13 0.3]
Predicted Params: [11 0.08807 0.04289 0.9603 13 0.7318]
Actual M:[
  [
	[1.5648, 1.0447],
	[6.142, 8.0967],
	[5.3103, 7.7681],
	[2.8124, 8.5013],
	[1.508, 4.1041],
	[3.2568, 1.7692],
	[3.2529, 8.1921]
  ]
]

Predicted M:[
  [
	[4.5048, 14.643],
	[130.8506, 1.2191],
	[1.2402, 5.3283],
	[7.1852, 2.943],
	[3.9068, 2.119],
	[6.182, 11.1917],
	[3.2893, 5.3238]
  ]
]

MSE: 0.565101


MSE list: [0.8215 0.3521 0.4546 0.02538 3.864e-05 0.002439 0.04697 0.3659 1.088 0.5651]
MSE mean: 0.372225
MSE std: 0.374218
Time elapsed: 2517.180941
