set3
Ns: 10000
=========================================================
          Learning params for data #1
=========================================================
Actual Params: [12 0.02904 0.005287 0.1909 9 0.5]
Predicted Params: [12 0.02904 0.005287 0.1909 9 0.5924]
Actual M:[
  [
	[4.1229, 7.1553],
	[2.1928, 2.4237],
	[1.8739, 2.7593],
	[7.9858, 7.7988],
	[9.9497, 2.9864],
	[3.8855, 8.5377],
	[9.6982, 2.2332],
	[5.3424, 1.8394],
	[4.4776, 5.4386],
	[4.5843, 2.3409]
  ]
]

Predicted M:[
  [
	[1.1806, 1.6063],
	[3.0108, 4.1758],
	[6.5932, 2.7215],
	[20.0891, 4.819],
	[11.1736, 2.0981],
	[4.1015, 13.3002],
	[1.988, 6.4223],
	[1.3208, 4.493],
	[4.4486, 8.0648],
	[2.7743, 2.2506]
  ]
]

MSE: 0.194863
=========================================================
          Learning params for data #2
=========================================================
Actual Params: [6 0.08333 0.0576 0.8178 6 0.3]
Predicted Params: [6 0.08333 0.0576 0.8178 6 0.3979]
Actual M:[
  [
	[5.7895, 1.0904],
	[6.2125, 5.7856],
	[7.1447, 1.5892],
	[3.2431, 5.3426],
	[1.4049, 8.6264],
	[8.9263, 7.6408],
	[6.0796, 2.9174],
	[3.5284, 8.2277],
	[3.7307, 2.1708],
	[6.7964, 1.1748]
  ]
]

Predicted M:[
  [
	[7.2135, 3.7944],
	[9.4744, 4.3146],
	[6.6192, 8.4129],
	[6.7724, 4.925],
	[1.0027, 12.0427],
	[20.4849, 4.4295],
	[5.2687, 5.6744],
	[7.9779, 10.1257],
	[6.9734, 4.6702],
	[5.0437, 6.2002]
  ]
]

MSE: 0.010007
=========================================================
          Learning params for data #3
=========================================================
Actual Params: [11 0.02103 0.03234 0.1099 11 0.5]
Predicted Params: [11 0.02103 0.03234 0.1099 11 0.5013]
Actual M:[
  [
	[6.4082, 2.6337],
	[3.0198, 9.1973],
	[3.4106, 5.8212],
	[4.309, 9.0914],
	[5.4476, 2.5134],
	[2.6929, 4.0391],
	[5.2711, 4.906],
	[9.5966, 1.9723],
	[7.3133, 1.336],
	[3.0795, 8.1371]
  ]
]

Predicted M:[
  [
	[4.2559, 3.5841],
	[10.0622, 3.2708],
	[3.1941, 3.8793],
	[1.5726, 2.0914],
	[3.6626, 8.9199],
	[4.5348, 5.5578],
	[8.2832, 1.1145],
	[9.4199, 5.0272],
	[5.3686, 6.7939],
	[1.5877, 4.6982]
  ]
]

MSE: 0.714383
=========================================================
          Learning params for data #4
=========================================================
Actual Params: [12 0.008264 0.08028 0.3637 6 0.3]
Predicted Params: [12 0.008264 0.08028 0.3637 6 0.4542]
Actual M:[
  [
	[3.353, 4.1972],
	[4.2028, 4.3317],
	[5.8332, 7.3911],
	[1.0897, 9.989],
	[1.964, 9.2061],
	[4.0064, 4.9395],
	[3.7916, 9.1133],
	[3.075, 5.5527],
	[3.2291, 7.2749],
	[4.9538, 8.9374]
  ]
]

Predicted M:[
  [
	[7.5838, 8.3205],
	[12.2403, 2.199],
	[11.686, 2.9461],
	[7.7104, 11.1493],
	[2.7093, 2.8088],
	[1.9774, 2.7664],
	[2.2778, 2.2005],
	[1.8909, 5.9877],
	[4.5602, 2.7483],
	[2.5549, 1.3849]
  ]
]

MSE: 1.453700
=========================================================
          Learning params for data #5
=========================================================
Actual Params: [7 0.0781 0.0757 0.3766 11 0.3]
Predicted Params: [7 0.0781 0.0757 0.3766 11 0.7298]
Actual M:[
  [
	[3.3068, 6.7137],
	[4.0489, 1.2393],
	[3.692, 8.2201],
	[5.1263, 3.5942],
	[3.0904, 5.4838],
	[1.7162, 2.983],
	[4.3678, 8.8463],
	[3.0899, 4.3687],
	[9.3724, 7.5118],
	[2.5953, 4.0944]
  ]
]

Predicted M:[
  [
	[9.6768, 6.7616],
	[3.2073, 2.88],
	[4.7005, 8.1317],
	[1.6763, 4.2206],
	[7.6686, 2.0252],
	[3.0407, 2.6059],
	[14.045, 7.0729],
	[2.779, 5.6457],
	[11.3591, 12.9032],
	[2.1927, 6.1707]
  ]
]

MSE: 0.022936
=========================================================
          Learning params for data #6
=========================================================
Actual Params: [7 0.01025 0.04218 0.7062 9 0.7]
Predicted Params: [7 0.01025 0.04218 0.7062 9 0.3758]
Actual M:[
  [
	[6.8872, 9.0848],
	[5.1358, 3.4868],
	[3.4615, 2.6715],
	[7.5326, 8.2249],
	[1.6833, 2.3291],
	[9.206, 4.4505],
	[1.1234, 5.6471],
	[1.539, 5.6909],
	[9.1008, 8.8513],
	[6.4185, 4.5342]
  ]
]

Predicted M:[
  [
	[7.2313, 2.5233],
	[2.4897, 118.3927],
	[6.9931, 2.4541],
	[8.2873, 9.0318],
	[1.764, 2.7363],
	[20.4899, 2.4647],
	[4.8311, 6.68],
	[5.4901, 2.471],
	[7.5769, 11.889],
	[2.2538, 1.5422]
  ]
]

MSE: 0.000190
=========================================================
          Learning params for data #7
=========================================================
Actual Params: [12 0.06591 0.0716 0.2883 10 0.5]
Predicted Params: [12 0.06591 0.0716 0.2883 10 0.4961]
Actual M:[
  [
	[2.468, 8.5694],
	[5.6916, 1.2769],
	[5.3695, 4.3587],
	[2.1193, 2.5804],
	[4.988, 8.1534],
	[8.489, 3.0654],
	[4.456, 2.2072],
	[7.5827, 6.4569],
	[6.3528, 4.7899],
	[8.6647, 5.7085]
  ]
]

Predicted M:[
  [
	[2.2423, 8.0737],
	[2.3123, 7.7818],
	[1.2247, 3.9323],
	[3.6141, 5.439],
	[8.652, 9.9064],
	[6.8224, 4.0539],
	[7.8014, 3.9537],
	[8.4258, 2.4542],
	[2.6718, 1.6706],
	[3.2489, 16.1551]
  ]
]

MSE: 0.017856
=========================================================
          Learning params for data #8
=========================================================
Actual Params: [12 0.06784 0.03608 0.957 12 0.3]
Predicted Params: [12 0.06784 0.03608 0.957 12 0.4993]
Actual M:[
  [
	[6.0721, 2.2454],
	[3.2622, 4.8486],
	[2.777, 7.4128],
	[2.3891, 3.4386],
	[9.4918, 8.6208],
	[1.9577, 7.4003],
	[7.0488, 5.3962],
	[5.4568, 9.1014],
	[5.559, 9.0396],
	[8.1349, 5.9695]
  ]
]

Predicted M:[
  [
	[9.382, 3.5943],
	[2.9331, 4.9999],
	[7.0275, 6.5555],
	[3.8093, 1.9085],
	[3.9085, 2.3033],
	[8.7875, 3.9786],
	[6.4667, 6.956],
	[4.0987, 13.31],
	[5.3989, 5.7777],
	[2.6067, 11.8313]
  ]
]

MSE: 0.537433
=========================================================
          Learning params for data #9
=========================================================
Actual Params: [7 0.001913 0.05217 0.922 13 0.5]
Predicted Params: [7 0.001913 0.05217 0.922 13 0.4843]
Actual M:[
  [
	[5.279, 5.5098],
	[1.5975, 2.3357],
	[9.4757, 4.9901],
	[2.5392, 1.4115],
	[9.0072, 7.1212],
	[7.9377, 5.5679],
	[7.6763, 8.7913],
	[4.4623, 1.661],
	[1.1523, 2.3404],
	[6.2803, 5.7662]
  ]
]

Predicted M:[
  [
	[2.365, 8.886],
	[4.7955, 5.1086],
	[13.7682, 9.3107],
	[8.4986, 2.1802],
	[1.0633, 3.0289],
	[4.0622, 11.6806],
	[3.6789, 2.1451],
	[7.6948, 4.3944],
	[5.2913, 6.5815],
	[17.1603, 1.1276]
  ]
]

MSE: 0.943389
=========================================================
          Learning params for data #10
=========================================================
Actual Params: [3 0.08485 0.07077 0.9386 9 0.5]
Predicted Params: [3 0.08485 0.07077 0.9386 9 0.5034]
Actual M:[
  [
	[6.4558, 9.8237],
	[3.5982, 9.3153],
	[6.1453, 4.3124],
	[3.1648, 8.9715],
	[6.2195, 3.2572],
	[2.6598, 3.3843],
	[9.4378, 2.3301],
	[3.9303, 1.0584],
	[2.1681, 7.9529],
	[4.7689, 9.5371]
  ]
]

Predicted M:[
  [
	[3.0891, 24.61],
	[3.234, 1.2322],
	[5.4503, 3.8995],
	[5.7766, 4.6333],
	[1.1285, 3.8433],
	[2.5098, 3.5534],
	[7.4508, 2.7321],
	[2.4029, 4.8239],
	[1.8023, 7.2932],
	[6.011, 5.91]
  ]
]

MSE: 0.006988


MSE list: [0.1949 0.01001 0.7144 1.454 0.02294 0.0001897 0.01786 0.5374 0.9434 0.006988]
MSE mean: 0.390174
MSE std: 0.507610
Time elapsed: 1958.532188
