set4
Ns: 10000
=========================================================
          Learning params for data #1
=========================================================
Actual Params: [6 0.01048 0.09347 0.6619 9 0.5]
Predicted Params: [6 0.01048 0.09347 0.6619 9 0.4675]
Actual M:[
  [
	[5.4559, 3.8589],
	[5.7904, 9.4533],
	[6.321, 6.4622],
	[9.1597, 8.2455],
	[2.5524, 3.6977],
	[9.2294, 2.7679],
	[4.5952, 7.9509],
	[7.7787, 6.7735],
	[1.2703, 4.9991],
	[9.7626, 7.1873]
  ]
]

Predicted M:[
  [
	[2.5837, 4.1741],
	[10.0203, 1.9133],
	[9.0882, 2.0792],
	[13.3132, 6.3983],
	[2.7538, 4.833],
	[1.1097, 6.2539],
	[8.586, 2.6357],
	[9.2333, 2.2917],
	[5.5893, 1.8499],
	[3.4003, 12.5785]
  ]
]

MSE: 0.027992
=========================================================
          Learning params for data #2
=========================================================
Actual Params: [7 0.002658 0.05934 1.031 7 0.3]
Predicted Params: [7 0.002658 0.05934 1.031 7 0.6412]
Actual M:[
  [
	[6.7878, 4.0805],
	[1.1699, 5.6311],
	[4.9092, 9.9969],
	[5.1991, 8.2377],
	[7.2856, 2.161],
	[2.2416, 1.2197],
	[5.806, 5.3335],
	[8.6, 6.8361],
	[7.2292, 8.6917],
	[1.0703, 8.5617]
  ]
]

Predicted M:[
  [
	[1.6572, 7.2351],
	[1.5745, 6.5191],
	[23.2267, 2.7084],
	[5.3876, 8.3071],
	[2.7283, 3.4182],
	[1.6579, 2.7035],
	[1.6065, 8.2411],
	[4.1361, 12.3677],
	[22.4652, 5.1371],
	[4.5455, 7.0711]
  ]
]

MSE: 0.004576
=========================================================
          Learning params for data #3
=========================================================
Actual Params: [3 0.01907 0.02772 0.6474 9 0.7]
Predicted Params: [3 0.01907 0.02772 0.6474 9 0.527]
Actual M:[
  [
	[1.9209, 6.6835],
	[5.5596, 1.6384],
	[7.5601, 9.5587],
	[4.0948, 2.3501],
	[9.3653, 4.7113],
	[3.5672, 8.8111],
	[1.2658, 8.2121],
	[5.5531, 7.7049],
	[7.7599, 4.7993],
	[6.1568, 9.8185]
  ]
]

Predicted M:[
  [
	[1.6438, 4.3329],
	[1.0241, 1.3571],
	[1.7721, 142.1151],
	[2.182, 4.765],
	[34.3439, 6.6702],
	[1.5337, 5.4714],
	[2.674, 2.098],
	[14.1555, 2.7615],
	[9.888, 1.6248],
	[17.2582, 9.5277]
  ]
]

MSE: 0.007576
=========================================================
          Learning params for data #4
=========================================================
Actual Params: [10 0.08347 0.01039 0.4206 11 0.7]
Predicted Params: [10 0.08347 0.01039 0.4206 11 0.3623]
Actual M:[
  [
	[1.6961, 3.1829],
	[5.9039, 4.4354],
	[4.0088, 8.2137],
	[2.1123, 9.9837],
	[4.4561, 9.6691],
	[2.1431, 9.5443],
	[8.2292, 5.4949],
	[5.1295, 9.5461],
	[7.6169, 5.1456],
	[2.2804, 9.2519]
  ]
]

Predicted M:[
  [
	[9.8127, 2.3403],
	[7.9644, 10.1401],
	[4.8932, 1.8621],
	[4.348, 11.495],
	[5.6469, 11.8463],
	[11.4698, 1.1734],
	[3.7946, 15.3417],
	[5.6404, 11.7233],
	[1.5797, 2.4217],
	[1.4617, 4.9918]
  ]
]

MSE: 0.381057
=========================================================
          Learning params for data #5
=========================================================
Actual Params: [15 0.005602 0.04936 1.048 10 0.5]
Predicted Params: [15 0.005602 0.04936 1.048 10 0.4389]
Actual M:[
  [
	[7.6422, 6.1578],
	[1.5456, 7.496],
	[8.5077, 8.9245],
	[6.9019, 4.6655],
	[2.3092, 4.0145],
	[6.3186, 5.3923],
	[7.0036, 3.8335],
	[8.1513, 7.4795],
	[4.4782, 9.3731],
	[2.2137, 9.646]
  ]
]

Predicted M:[
  [
	[5.7202, 2.8369],
	[2.4766, 5.0925],
	[1.1832, 25.9944],
	[5.8313, 5.8163],
	[3.6187, 5.9691],
	[6.142, 5.5255],
	[1.6856, 8.216],
	[8.3102, 6.8978],
	[9.172, 5.3969],
	[3.4899, 2.5372]
  ]
]

MSE: 0.132995
=========================================================
          Learning params for data #6
=========================================================
Actual Params: [13 0.07515 0.04428 0.3062 10 0.7]
Predicted Params: [13 0.07515 0.04428 0.3062 10 0.5473]
Actual M:[
  [
	[8.3264, 5.2889],
	[2.7621, 7.6215],
	[9.4554, 2.146],
	[5.9297, 8.2934],
	[9.2898, 3.9568],
	[6.1323, 2.0642],
	[6.2128, 8.6085],
	[8.4597, 7.0034],
	[3.708, 2.4111],
	[6.8061, 8.597]
  ]
]

Predicted M:[
  [
	[1.6563, 3.7871],
	[2.3145, 8.5411],
	[3.6852, 2.5851],
	[8.0854, 1.3042],
	[14.7391, 1.9167],
	[3.9496, 7.2481],
	[9.1966, 4.126],
	[4.3446, 18.9625],
	[4.3274, 5.972],
	[10.9872, 3.1577]
  ]
]

MSE: 0.319479
=========================================================
          Learning params for data #7
=========================================================
Actual Params: [3 0.01854 0.0322 0.264 12 0.5]
Predicted Params: [3 0.01854 0.0322 0.264 12 0.4405]
Actual M:[
  [
	[1.3541, 4.1343],
	[9.0605, 1.8931],
	[3.8588, 4.8764],
	[7.3164, 3.7888],
	[3.4345, 3.5958],
	[2.8433, 3.9166],
	[5.2057, 5.7397],
	[4.6678, 8.2039],
	[8.1603, 6.6289],
	[5.5667, 7.0906]
  ]
]

Predicted M:[
  [
	[2.9801, 1.8134],
	[6.8634, 2.8169],
	[1.3892, 5.8019],
	[4.5589, 4.4269],
	[2.1542, 1.0161],
	[3.952, 1.2994],
	[3.5141, 5.1122],
	[3.8928, 5.6788],
	[7.9556, 7.3066],
	[3.4601, 4.2371]
  ]
]

MSE: 0.055601
=========================================================
          Learning params for data #8
=========================================================
Actual Params: [5 0.09266 0.08487 0.291 5 0.7]
Predicted Params: [5 0.09266 0.08487 0.291 5 0.4929]
Actual M:[
  [
	[2.5434, 7.0666],
	[9.953, 3.311],
	[1.7554, 1.7555],
	[6.2532, 6.6801],
	[3.8213, 4.1345],
	[5.7197, 3.0761],
	[4.6253, 7.3993],
	[3.7587, 3.0967],
	[7.3822, 6.0077],
	[6.1287, 2.5375]
  ]
]

Predicted M:[
  [
	[4.8043, 8.6321],
	[8.7853, 7.1639],
	[5.488, 8.0896],
	[7.7507, 6.8353],
	[7.275, 4.1131],
	[1.7609, 1.3313],
	[3.6891, 5.1821],
	[7.4317, 6.4547],
	[1.9878, 4.4045],
	[6.0185, 8.0873]
  ]
]

MSE: 0.486030
=========================================================
          Learning params for data #9
=========================================================
Actual Params: [7 0.007387 0.07956 0.5033 5 0.7]
Predicted Params: [7 0.007387 0.07956 0.5033 5 0.6052]
Actual M:[
  [
	[1.995, 7.0812],
	[8.6369, 9.5787],
	[5.7856, 5.7954],
	[7.6278, 6.9064],
	[6.0201, 1.3067],
	[7.5074, 2.8717],
	[1.7031, 4.1757],
	[9.9671, 1.2131],
	[7.7372, 5.3285],
	[3.1516, 1.0452]
  ]
]

Predicted M:[
  [
	[2.7515, 4.7101],
	[29.3987, 10.7419],
	[1.8197, 6.3679],
	[13.1542, 2.1215],
	[2.9727, 4.4002],
	[2.3197, 5.6804],
	[2.2888, 3.5753],
	[13.6328, 1.1625],
	[2.8759, 6.4342],
	[2.8747, 2.6497]
  ]
]

MSE: 0.052467
=========================================================
          Learning params for data #10
=========================================================
Actual Params: [4 0.01947 0.09716 0.9316 9 0.7]
Predicted Params: [4 0.01947 0.09716 0.9316 9 0.5227]
Actual M:[
  [
	[3.3366, 5.7812],
	[9.1008, 9.6818],
	[5.3242, 1.3323],
	[5.1578, 1.5885],
	[4.8251, 2.185],
	[3.9965, 5.445],
	[2.4127, 9.6987],
	[5.6746, 7.5692],
	[6.7941, 2.0371],
	[2.3135, 7.7798]
  ]
]

Predicted M:[
  [
	[6.1178, 5.4119],
	[2.6994, 2.3547],
	[3.9468, 7.6274],
	[8.0664, 2.5907],
	[3.4988, 2.276],
	[3.9363, 9.2626],
	[1.3654, 12.5793],
	[2.7119, 11.9748],
	[5.6999, 9.9619],
	[7.8286, 3.4682]
  ]
]

MSE: 0.435232


MSE list: [0.02799 0.004576 0.007576 0.3811 0.133 0.3195 0.0556 0.486 0.05247 0.4352]
MSE mean: 0.190301
MSE std: 0.192981
Time elapsed: 4727.313822
