set2
Ns: 10000
=========================================================
          Learning params for data #1
=========================================================
Actual Params: [7 0.0886 0.002757 0.6069 13 0.5]
Predicted Params: [7 0.0886 0.002757 0.6069 13 0.5]
Actual M:[
  [
	[6.7091, 3.3805],
	[7.8182, 3.5391],
	[4.7329, 8.9242],
	[1.7579, 8.3033],
	[3.091, 9.9447],
	[1.6156, 9.8105],
	[7.7982, 3.4284]
  ]
]

Predicted M:[
  [
	[8.1258, 7.357],
	[7.4202, 2.6549],
	[4.5827, 6.4502],
	[2.1007, 12.0505],
	[5.4361, 5.2729],
	[2.2935, 5.8072],
	[10.4276, 4.9237]
  ]
]

MSE: 0.805739
=========================================================
          Learning params for data #2
=========================================================
Actual Params: [12 0.0207 0.0879 0.7383 6 0.5]
Predicted Params: [12 0.0207 0.0879 0.7383 6 0.5]
Actual M:[
  [
	[8.9539, 8.4467],
	[3.3699, 2.8542],
	[2.1241, 8.1794],
	[3.7258, 9.7948],
	[7.0767, 7.3472],
	[4.0693, 3.8746],
	[4.9779, 1.1954]
  ]
]

Predicted M:[
  [
	[2.8216, 20.6895],
	[2.1271, 4.262],
	[4.116, 4.2118],
	[8.3469, 4.8673],
	[3.5778, 10.4426],
	[2.7065, 3.0296],
	[1.2257, 4.9284]
  ]
]

MSE: 0.015119
=========================================================
          Learning params for data #3
=========================================================
Actual Params: [2 0.05498 0.08157 0.975 10 0.3]
Predicted Params: [2 0.05498 0.08157 0.975 10 0.3]
Actual M:[
  [
	[5.7926, 5.3744],
	[3.4344, 8.3844],
	[9.9198, 8.6803],
	[6.6847, 8.727],
	[2.0576, 5.5303],
	[1.8384, 7.6044],
	[4.2735, 3.7381]
  ]
]

Predicted M:[
  [
	[1.543, 4.0624],
	[1.1312, 6.6933],
	[31.7228, 8.4503],
	[10.5055, 8.4305],
	[3.7031, 3.6352],
	[1.5439, 6.4425],
	[4.7901, 1.2288]
  ]
]

MSE: 0.001159
=========================================================
          Learning params for data #4
=========================================================
Actual Params: [12 0.08775 0.08303 0.6181 10 0.3]
Predicted Params: [12 0.08775 0.08303 0.6181 10 0.3]
Actual M:[
  [
	[6.2614, 8.4127],
	[9.8844, 3.2887],
	[7.1096, 4.8903],
	[3.3824, 7.7779],
	[9.8713, 6.8729],
	[9.9212, 3.862],
	[9.1177, 2.096]
  ]
]

Predicted M:[
  [
	[7.2337, 8.5439],
	[7.0762, 2.5387],
	[5.0943, 7.8987],
	[9.5221, 7.2599],
	[5.9917, 3.7618],
	[8.7404, 8.9502],
	[9.4905, 5.6138]
  ]
]

MSE: 0.465031
=========================================================
          Learning params for data #5
=========================================================
Actual Params: [14 0.03447 0.02943 0.1469 6 0.3]
Predicted Params: [14 0.03447 0.02943 0.1469 6 0.3]
Actual M:[
  [
	[9.3398, 5.4991],
	[1.7639, 4.7785],
	[1.6465, 4.2247],
	[2.066, 7.8604],
	[8.675, 8.761],
	[7.1905, 6.538],
	[5.4191, 7.9723]
  ]
]

Predicted M:[
  [
	[2.3826, 9.1784],
	[7.566, 4.183],
	[8.7207, 5.8941],
	[5.2696, 4.8997],
	[25.8003, 3.4843],
	[1.8919, 8.1853],
	[6.5567, 8.1609]
  ]
]

MSE: 0.170540
=========================================================
          Learning params for data #6
=========================================================
Actual Params: [3 0.06913 0.02665 1.011 5 0.3]
Predicted Params: [3 0.06913 0.02665 1.011 5 0.3]
Actual M:[
  [
	[7.4052, 2.6355],
	[6.8333, 9.1432],
	[8.1426, 6.7928],
	[6.7303, 3.7937],
	[4.7322, 8.9464],
	[9.5688, 3.6356],
	[4.6816, 4.1429]
  ]
]

Predicted M:[
  [
	[1.2083, 1.1045],
	[31.5896, 11.7062],
	[12.0345, 24.8172],
	[4.1663, 2.0678],
	[17.4879, 8.6766],
	[0.99633, 8.165],
	[1.3629, 3.977]
  ]
]

MSE: 0.062335
=========================================================
          Learning params for data #7
=========================================================
Actual Params: [8 0.09432 0.07593 0.5647 11 0.5]
Predicted Params: [8 0.09432 0.07593 0.5647 11 0.5]
Actual M:[
  [
	[7.5713, 1.7415],
	[1.6431, 6.5443],
	[7.9291, 8.2136],
	[6.085, 4.7642],
	[9.0742, 7.1303],
	[2.4952, 5.4455],
	[2.806, 6.9435]
  ]
]

Predicted M:[
  [
	[1.606, 10.1698],
	[7.6008, 3.9044],
	[2.0554, 8.4624],
	[9.8185, 3.5928],
	[10.6618, 3.1008],
	[2.4175, 4.5657],
	[7.7906, 5.0566]
  ]
]

MSE: 0.211575
=========================================================
          Learning params for data #8
=========================================================
Actual Params: [4 0.07248 0.03056 0.6813 7 0.7]
Predicted Params: [4 0.07248 0.03056 0.6813 7 0.7]
Actual M:[
  [
	[7.1174, 4.9418],
	[9.8409, 4.1169],
	[7.3875, 9.6934],
	[4.8516, 9.6847],
	[8.0458, 9.3603],
	[1.8207, 8.0572],
	[2.3846, 4.5035]
  ]
]

Predicted M:[
  [
	[5.3351, 4.3574],
	[4.0028, 83.8443],
	[4.9303, 15.437],
	[1.2041, 72.1144],
	[1.3982, 2.0331],
	[1.3609, 3.8484],
	[1.2945, 2.9266]
  ]
]

MSE: 0.505265
=========================================================
          Learning params for data #9
=========================================================
Actual Params: [11 0.05288 0.1001 0.7631 10 0.7]
Predicted Params: [11 0.05288 0.1001 0.7631 10 0.7]
Actual M:[
  [
	[8.5821, 6.4933],
	[4.0645, 5.0269],
	[7.6156, 9.0557],
	[8.2838, 6.7496],
	[4.4336, 1.0499],
	[3.9031, 2.7941],
	[8.4707, 3.0816]
  ]
]

Predicted M:[
  [
	[7.1286, 6.1243],
	[4.4565, 8.3792],
	[7.0829, 12.3851],
	[8.6655, 3.2804],
	[1.5093, 4.3708],
	[4.3753, 6.2159],
	[8.4792, 1.7645]
  ]
]

MSE: 0.012468
=========================================================
          Learning params for data #10
=========================================================
Actual Params: [11 0.08807 0.04289 0.9603 13 0.3]
Predicted Params: [11 0.08807 0.04289 0.9603 13 0.3]
Actual M:[
  [
	[1.5648, 1.0447],
	[6.142, 8.0967],
	[5.3103, 7.7681],
	[2.8124, 8.5013],
	[1.508, 4.1041],
	[3.2568, 1.7692],
	[3.2529, 8.1921]
  ]
]

Predicted M:[
  [
	[3.451, 7.3158],
	[1.897, 1.262],
	[7.7254, 6.3659],
	[9.2056, 5.7489],
	[3.4447, 7.719],
	[1.047, 8.0894],
	[5.0587, 7.3438]
  ]
]

MSE: 0.892577


MSE list: [0.8057 0.01512 0.001159 0.465 0.1705 0.06234 0.2116 0.5053 0.01247 0.8926]
MSE mean: 0.314181
MSE std: 0.334743
Time elapsed: 3306.790472
