set3
Ns: 10000
=========================================================
          Learning params for data #1
=========================================================
Actual Params: [12 0.02904 0.005287 0.1909 9 0.5]
Predicted Params: [12 0.02904 0.005287 0.1909 9 0.5]
Actual M:[
  [
	[4.1229, 7.1553],
	[2.1928, 2.4237],
	[1.8739, 2.7593],
	[7.9858, 7.7988],
	[9.9497, 2.9864],
	[3.8855, 8.5377],
	[9.6982, 2.2332],
	[5.3424, 1.8394],
	[4.4776, 5.4386],
	[4.5843, 2.3409]
  ]
]

Predicted M:[
  [
	[3.9797, 1.9009],
	[2.2885, 2.4677],
	[3.2853, 2.1546],
	[19.2505, 2.2824],
	[18.4746, 1.7264],
	[2.8257, 10.2342],
	[5.5671, 7.7982],
	[3.4907, 7.1674],
	[4.637, 4.0458],
	[1.5287, 4.8815]
  ]
]

MSE: 0.220885
=========================================================
          Learning params for data #2
=========================================================
Actual Params: [6 0.08333 0.0576 0.8178 6 0.3]
Predicted Params: [6 0.08333 0.0576 0.8178 6 0.3]
Actual M:[
  [
	[5.7895, 1.0904],
	[6.2125, 5.7856],
	[7.1447, 1.5892],
	[3.2431, 5.3426],
	[1.4049, 8.6264],
	[8.9263, 7.6408],
	[6.0796, 2.9174],
	[3.5284, 8.2277],
	[3.7307, 2.1708],
	[6.7964, 1.1748]
  ]
]

Predicted M:[
  [
	[6.3352, 7.1788],
	[11.3824, 6.2118],
	[1.2686, 8.534],
	[6.6321, 6.8879],
	[23.0911, 5.2648],
	[3.4385, 14.7366],
	[9.0666, 7.0725],
	[2.2641, 1.7563],
	[4.3663, 7.2047],
	[7.8992, 6.7152]
  ]
]

MSE: 0.532856
=========================================================
          Learning params for data #3
=========================================================
Actual Params: [11 0.02103 0.03234 0.1099 11 0.5]
Predicted Params: [11 0.02103 0.03234 0.1099 11 0.5]
Actual M:[
  [
	[6.4082, 2.6337],
	[3.0198, 9.1973],
	[3.4106, 5.8212],
	[4.309, 9.0914],
	[5.4476, 2.5134],
	[2.6929, 4.0391],
	[5.2711, 4.906],
	[9.5966, 1.9723],
	[7.3133, 1.336],
	[3.0795, 8.1371]
  ]
]

Predicted M:[
  [
	[2.3233, 4.1726],
	[7.4125, 4.4579],
	[3.3102, 6.6234],
	[1.1352, 1.3021],
	[7.9761, 3.7753],
	[9.0437, 7.6124],
	[10.1377, 1.8323],
	[3.7579, 9.2418],
	[2.0781, 3.144],
	[6.5805, 4.9112]
  ]
]

MSE: 0.620987
=========================================================
          Learning params for data #4
=========================================================
Actual Params: [12 0.008264 0.08028 0.3637 6 0.3]
Predicted Params: [12 0.008264 0.08028 0.3637 6 0.3]
Actual M:[
  [
	[3.353, 4.1972],
	[4.2028, 4.3317],
	[5.8332, 7.3911],
	[1.0897, 9.989],
	[1.964, 9.2061],
	[4.0064, 4.9395],
	[3.7916, 9.1133],
	[3.075, 5.5527],
	[3.2291, 7.2749],
	[4.9538, 8.9374]
  ]
]

Predicted M:[
  [
	[1.4647, 8.4164],
	[4.4966, 2.4836],
	[6.6748, 6.3445],
	[3.0385, 7.2391],
	[16.4263, 1.1723],
	[3.3841, 4.4005],
	[6.7318, 9.1956],
	[3.5679, 7.7876],
	[4.9897, 7.7062],
	[3.3266, 2.8816]
  ]
]

MSE: 0.508472
=========================================================
          Learning params for data #5
=========================================================
Actual Params: [7 0.0781 0.0757 0.3766 11 0.3]
Predicted Params: [7 0.0781 0.0757 0.3766 11 0.3]
Actual M:[
  [
	[3.3068, 6.7137],
	[4.0489, 1.2393],
	[3.692, 8.2201],
	[5.1263, 3.5942],
	[3.0904, 5.4838],
	[1.7162, 2.983],
	[4.3678, 8.8463],
	[3.0899, 4.3687],
	[9.3724, 7.5118],
	[2.5953, 4.0944]
  ]
]

Predicted M:[
  [
	[8.0174, 4.3104],
	[2.7576, 7.3369],
	[2.0228, 1.9548],
	[9.47, 5.8458],
	[5.6506, 4.1022],
	[5.6226, 2.7629],
	[6.8337, 10.1092],
	[1.3171, 1.5455],
	[4.9806, 7.692],
	[1.7273, 4.3354]
  ]
]

MSE: 0.359920
=========================================================
          Learning params for data #6
=========================================================
Actual Params: [7 0.01025 0.04218 0.7062 9 0.7]
Predicted Params: [7 0.01025 0.04218 0.7062 9 0.7]
Actual M:[
  [
	[6.8872, 9.0848],
	[5.1358, 3.4868],
	[3.4615, 2.6715],
	[7.5326, 8.2249],
	[1.6833, 2.3291],
	[9.206, 4.4505],
	[1.1234, 5.6471],
	[1.539, 5.6909],
	[9.1008, 8.8513],
	[6.4185, 4.5342]
  ]
]

Predicted M:[
  [
	[8.1811, 5.0255],
	[29.9634, 7.83],
	[3.2157, 7.9143],
	[4.1929, 161.3344],
	[1.2998, 1.5748],
	[14.0425, 1.1897],
	[5.9527, 0.53601],
	[1.2723, 1.1518],
	[18.6786, 8.0794],
	[3.3547, 3.5616]
  ]
]

MSE: 0.019478
=========================================================
          Learning params for data #7
=========================================================
Actual Params: [12 0.06591 0.0716 0.2883 10 0.5]
Predicted Params: [12 0.06591 0.0716 0.2883 10 0.5]
Actual M:[
  [
	[2.468, 8.5694],
	[5.6916, 1.2769],
	[5.3695, 4.3587],
	[2.1193, 2.5804],
	[4.988, 8.1534],
	[8.489, 3.0654],
	[4.456, 2.2072],
	[7.5827, 6.4569],
	[6.3528, 4.7899],
	[8.6647, 5.7085]
  ]
]

Predicted M:[
  [
	[10.1974, 4.929],
	[4.8991, 1.1361],
	[7.622, 7.8053],
	[3.0077, 8.4949],
	[17.4396, 3.5446],
	[13.2546, 1.1848],
	[3.6355, 4.6793],
	[7.667, 10.2179],
	[7.743, 3.4077],
	[5.6468, 5.5914]
  ]
]

MSE: 0.421526
=========================================================
          Learning params for data #8
=========================================================
Actual Params: [12 0.06784 0.03608 0.957 12 0.3]
Predicted Params: [12 0.06784 0.03608 0.957 12 0.3]
Actual M:[
  [
	[6.0721, 2.2454],
	[3.2622, 4.8486],
	[2.777, 7.4128],
	[2.3891, 3.4386],
	[9.4918, 8.6208],
	[1.9577, 7.4003],
	[7.0488, 5.3962],
	[5.4568, 9.1014],
	[5.559, 9.0396],
	[8.1349, 5.9695]
  ]
]

Predicted M:[
  [
	[5.1678, 6.1368],
	[4.809, 6.0767],
	[3.395, 6.2048],
	[4.2235, 6.3314],
	[2.628, 9.6933],
	[1.9489, 4.6094],
	[1.7728, 1.2153],
	[1.3169, 6.6488],
	[9.7047, 1.2765],
	[1.1188, 8.0376]
  ]
]

MSE: 0.473091
=========================================================
          Learning params for data #9
=========================================================
Actual Params: [7 0.001913 0.05217 0.922 13 0.5]
Predicted Params: [7 0.001913 0.05217 0.922 13 0.5]
Actual M:[
  [
	[5.279, 5.5098],
	[1.5975, 2.3357],
	[9.4757, 4.9901],
	[2.5392, 1.4115],
	[9.0072, 7.1212],
	[7.9377, 5.5679],
	[7.6763, 8.7913],
	[4.4623, 1.661],
	[1.1523, 2.3404],
	[6.2803, 5.7662]
  ]
]

Predicted M:[
  [
	[3.1174, 6.0569],
	[3.3127, 2.8808],
	[1.0602, 5.1684],
	[1.7914, 8.3234],
	[3.3713, 1.1995],
	[4.8741, 5.5041],
	[8.2308, 4.6723],
	[4.7997, 5.3048],
	[1.6857, 3.5133],
	[4.7154, 5.1197]
  ]
]

MSE: 0.468884
=========================================================
          Learning params for data #10
=========================================================
Actual Params: [3 0.08485 0.07077 0.9386 9 0.5]
Predicted Params: [3 0.08485 0.07077 0.9386 9 0.5]
Actual M:[
  [
	[6.4558, 9.8237],
	[3.5982, 9.3153],
	[6.1453, 4.3124],
	[3.1648, 8.9715],
	[6.2195, 3.2572],
	[2.6598, 3.3843],
	[9.4378, 2.3301],
	[3.9303, 1.0584],
	[2.1681, 7.9529],
	[4.7689, 9.5371]
  ]
]

Predicted M:[
  [
	[162.3512, 0.96336],
	[2.4476, 4.0983],
	[1.338, 6.254],
	[0.206, 8.14],
	[1.7494, 1.0762],
	[4.3861, 2.2731],
	[1259.3488, 2.6035],
	[2.3424, 1.3815],
	[4.8561, 3.4435],
	[34.3347, 4.1733]
  ]
]

MSE: 0.037751


MSE list: [0.2209 0.5329 0.621 0.5085 0.3599 0.01948 0.4215 0.4731 0.4689 0.03775]
MSE mean: 0.366385
MSE std: 0.207422
Time elapsed: 2426.305986
