set4
Ns: 10000
=========================================================
          Learning params for data #1
=========================================================
Actual Params: [6 0.01048 0.09347 0.6619 9 0.5]
Predicted Params: [6 0.01048 0.09347 0.6619 9 0.5]
Actual M:[
  [
	[5.4559, 3.8589],
	[5.7904, 9.4533],
	[6.321, 6.4622],
	[9.1597, 8.2455],
	[2.5524, 3.6977],
	[9.2294, 2.7679],
	[4.5952, 7.9509],
	[7.7787, 6.7735],
	[1.2703, 4.9991],
	[9.7626, 7.1873]
  ]
]

Predicted M:[
  [
	[5.681, 1.2224],
	[1.6726, 10.3777],
	[5.6803, 6.0964],
	[13.6109, 9.9949],
	[1.7914, 4.5186],
	[2.0354, 3.0456],
	[3.3826, 8.0123],
	[3.1772, 8.4781],
	[4.5606, 4.6485],
	[15.9178, 4.3545]
  ]
]

MSE: 0.044026
=========================================================
          Learning params for data #2
=========================================================
Actual Params: [7 0.002658 0.05934 1.031 7 0.3]
Predicted Params: [7 0.002658 0.05934 1.031 7 0.3]
Actual M:[
  [
	[6.7878, 4.0805],
	[1.1699, 5.6311],
	[4.9092, 9.9969],
	[5.1991, 8.2377],
	[7.2856, 2.161],
	[2.2416, 1.2197],
	[5.806, 5.3335],
	[8.6, 6.8361],
	[7.2292, 8.6917],
	[1.0703, 8.5617]
  ]
]

Predicted M:[
  [
	[5.0506, 2.1231],
	[1.2529, 2.2304],
	[62.6065, 1.0911],
	[26.4463, 0.65939],
	[2.713, 1.4476],
	[2.535, 1.0547],
	[6.9107, 1.8144],
	[48.5891, 19.0924],
	[48.6359, 22.0488],
	[3.3923, 3.7636]
  ]
]

MSE: 0.009550
=========================================================
          Learning params for data #3
=========================================================
Actual Params: [3 0.01907 0.02772 0.6474 9 0.7]
Predicted Params: [3 0.01907 0.02772 0.6474 9 0.7]
Actual M:[
  [
	[1.9209, 6.6835],
	[5.5596, 1.6384],
	[7.5601, 9.5587],
	[4.0948, 2.3501],
	[9.3653, 4.7113],
	[3.5672, 8.8111],
	[1.2658, 8.2121],
	[5.5531, 7.7049],
	[7.7599, 4.7993],
	[6.1568, 9.8185]
  ]
]

Predicted M:[
  [
	[3.6724, 1.2605],
	[3.3422, 11.7296],
	[1.7035, 12.3078],
	[2.8469, 3.3914],
	[8.4843, 26.9518],
	[1.3315, 7.0941],
	[3.7649, 1.0583],
	[8.2971, 7.9807],
	[4.4466, 2.4205],
	[1.376, 2.6385]
  ]
]

MSE: 0.357727
=========================================================
          Learning params for data #4
=========================================================
Actual Params: [10 0.08347 0.01039 0.4206 11 0.7]
Predicted Params: [10 0.08347 0.01039 0.4206 11 0.7]
Actual M:[
  [
	[1.6961, 3.1829],
	[5.9039, 4.4354],
	[4.0088, 8.2137],
	[2.1123, 9.9837],
	[4.4561, 9.6691],
	[2.1431, 9.5443],
	[8.2292, 5.4949],
	[5.1295, 9.5461],
	[7.6169, 5.1456],
	[2.2804, 9.2519]
  ]
]

Predicted M:[
  [
	[7.011, 4.3116],
	[15.4198, 4.2167],
	[9.3593, 15.5952],
	[2.8584, 33.6099],
	[2.8833, 1.1237],
	[9.5395, 2.5281],
	[6.9537, 56.9845],
	[1.877, 0.76001],
	[7.0058, 15.0713],
	[8.7733, 8.9951]
  ]
]

MSE: 0.465852
=========================================================
          Learning params for data #5
=========================================================
Actual Params: [15 0.005602 0.04936 1.048 10 0.5]
Predicted Params: [15 0.005602 0.04936 1.048 10 0.5]
Actual M:[
  [
	[7.6422, 6.1578],
	[1.5456, 7.496],
	[8.5077, 8.9245],
	[6.9019, 4.6655],
	[2.3092, 4.0145],
	[6.3186, 5.3923],
	[7.0036, 3.8335],
	[8.1513, 7.4795],
	[4.4782, 9.3731],
	[2.2137, 9.646]
  ]
]

Predicted M:[
  [
	[2.3726, 1.8375],
	[0.71913, 1.8545],
	[2.6692, 45.7813],
	[4.7251, 11.9243],
	[3.8318, 1.5812],
	[1.0973, 13.9641],
	[9.7474, 2.1298],
	[5.8305, 25.4898],
	[1.1077, 25.8129],
	[35.1417, 1.0391]
  ]
]

MSE: 0.057420
=========================================================
          Learning params for data #6
=========================================================
Actual Params: [13 0.07515 0.04428 0.3062 10 0.7]
Predicted Params: [13 0.07515 0.04428 0.3062 10 0.7]
Actual M:[
  [
	[8.3264, 5.2889],
	[2.7621, 7.6215],
	[9.4554, 2.146],
	[5.9297, 8.2934],
	[9.2898, 3.9568],
	[6.1323, 2.0642],
	[6.2128, 8.6085],
	[8.4597, 7.0034],
	[3.708, 2.4111],
	[6.8061, 8.597]
  ]
]

Predicted M:[
  [
	[8.9034, 1.8281],
	[7.3799, 3.5058],
	[6.5478, 7.8189],
	[3.3566, 2.3401],
	[5.0808, 2.7759],
	[2.2332, 1.4875],
	[6.6258, 7.5645],
	[11.0503, 8.968],
	[2.2688, 3.1641],
	[4.1673, 4.0586]
  ]
]

MSE: 0.416257
=========================================================
          Learning params for data #7
=========================================================
Actual Params: [3 0.01854 0.0322 0.264 12 0.5]
Predicted Params: [3 0.01854 0.0322 0.264 12 0.5]
Actual M:[
  [
	[1.3541, 4.1343],
	[9.0605, 1.8931],
	[3.8588, 4.8764],
	[7.3164, 3.7888],
	[3.4345, 3.5958],
	[2.8433, 3.9166],
	[5.2057, 5.7397],
	[4.6678, 8.2039],
	[8.1603, 6.6289],
	[5.5667, 7.0906]
  ]
]

Predicted M:[
  [
	[2.6395, 8.5299],
	[2.2791, 3.3146],
	[5.142, 7.1739],
	[4.1836, 8.5976],
	[1.0766, 5.6938],
	[4.8017, 6.6193],
	[3.5321, 4.0279],
	[9.3781, 7.1869],
	[16.6955, 3.3595],
	[4.2518, 6.3563]
  ]
]

MSE: 0.340353
=========================================================
          Learning params for data #8
=========================================================
Actual Params: [5 0.09266 0.08487 0.291 5 0.7]
Predicted Params: [5 0.09266 0.08487 0.291 5 0.7]
Actual M:[
  [
	[2.5434, 7.0666],
	[9.953, 3.311],
	[1.7554, 1.7555],
	[6.2532, 6.6801],
	[3.8213, 4.1345],
	[5.7197, 3.0761],
	[4.6253, 7.3993],
	[3.7587, 3.0967],
	[7.3822, 6.0077],
	[6.1287, 2.5375]
  ]
]

Predicted M:[
  [
	[2.7951, 4.7461],
	[13.298, 7.213],
	[2.3928, 9.3455],
	[9.1625, 5.429],
	[5.1889, 2.2575],
	[3.7166, 5.2622],
	[7.4577, 7.4822],
	[1.9417, 4.732],
	[9.3211, 14.2668],
	[2.2747, 10.9136]
  ]
]

MSE: 0.019462
=========================================================
          Learning params for data #9
=========================================================
Actual Params: [7 0.007387 0.07956 0.5033 5 0.7]
Predicted Params: [7 0.007387 0.07956 0.5033 5 0.7]
Actual M:[
  [
	[1.995, 7.0812],
	[8.6369, 9.5787],
	[5.7856, 5.7954],
	[7.6278, 6.9064],
	[6.0201, 1.3067],
	[7.5074, 2.8717],
	[1.7031, 4.1757],
	[9.9671, 1.2131],
	[7.7372, 5.3285],
	[3.1516, 1.0452]
  ]
]

Predicted M:[
  [
	[5.2281, 2.5536],
	[14.7128, 9.6283],
	[4.9338, 4.1538],
	[3.6568, 4.4327],
	[4.0516, 5.5088],
	[5.3799, 9.1274],
	[5.3826, 1.1855],
	[3.916, 36.9333],
	[5.2356, 10.1437],
	[3.5669, 7.739]
  ]
]

MSE: 0.183170
=========================================================
          Learning params for data #10
=========================================================
Actual Params: [4 0.01947 0.09716 0.9316 9 0.7]
Predicted Params: [4 0.01947 0.09716 0.9316 9 0.7]
Actual M:[
  [
	[3.3366, 5.7812],
	[9.1008, 9.6818],
	[5.3242, 1.3323],
	[5.1578, 1.5885],
	[4.8251, 2.185],
	[3.9965, 5.445],
	[2.4127, 9.6987],
	[5.6746, 7.5692],
	[6.7941, 2.0371],
	[2.3135, 7.7798]
  ]
]

Predicted M:[
  [
	[0.90418, 4.6328],
	[45.8027, 1.6808],
	[6.4159, 1.0803],
	[2.6531, 9.03],
	[4.7736, 1.2632],
	[7.1539, 2.864],
	[1.0903, 15.1034],
	[15.243, 1.7964],
	[28.7032, 1.4048],
	[2.518, 10.6004]
  ]
]

MSE: 0.127472


MSE list: [0.04403 0.00955 0.3577 0.4659 0.05742 0.4163 0.3404 0.01946 0.1832 0.1275]
MSE mean: 0.202129
MSE std: 0.176711
Time elapsed: 3685.078731
