set_nopts7_ncomb1_nproblem50_no7
Ns: 5000
=========================================================
          Learning params for data #1
=========================================================
Actual Params: [1 0.005135 0.05128 0.9118 25 0.7]
Predicted Params: [1 0.005135 0.05128 0.9118 25 0.7041]
Actual M:[
  [
	[5.5896, 6.9578],
	[6.0497, 3.7934],
	[7.1662, 3.3493],
	[9.4172, 4.325],
	[8.828, 6.9732],
	[9.6637, 7.3429],
	[4.4182, 7.4418]
  ]
]

Predicted M:[
  [
	[5.5896, 6.9578],
	[6.0497, 3.7934],
	[7.1662, 3.3493],
	[9.4172, 4.325],
	[8.828, 6.9732],
	[9.6637, 7.3429],
	[4.4182, 7.4418]
  ]
]

MSE: 0.000056
=========================================================
          Learning params for data #2
=========================================================
Actual Params: [1 0.03436 0.03951 0.4355 25 0.7]
Predicted Params: [1 0.03436 0.03951 0.4355 25 0.5176]
Actual M:[
  [
	[5.5426, 2.6108],
	[3.1776, 6.8513],
	[8.3106, 8.0483],
	[4.3908, 9.0841],
	[4.9314, 9.6346],
	[9.3328, 9.9239],
	[9.7545, 5.7829]
  ]
]

Predicted M:[
  [
	[5.5426, 2.6108],
	[3.1776, 6.8513],
	[8.3106, 8.0483],
	[4.3908, 9.0841],
	[4.9314, 9.6346],
	[9.3328, 9.9239],
	[9.7545, 5.7829]
  ]
]

MSE: 0.002422
=========================================================
          Learning params for data #3
=========================================================
Actual Params: [3 0.01945 0.04045 0.734 25 0.5]
Predicted Params: [3 0.01945 0.04045 0.734 25 0.5024]
Actual M:[
  [
	[9.1731, 2.6836],
	[7.4864, 4.6372],
	[8.8483, 4.8532],
	[1.495, 7.2012],
	[9.2877, 3.8885],
	[3.7424, 7.3261],
	[1.6776, 9.9649]
  ]
]

Predicted M:[
  [
	[9.1731, 2.6836],
	[7.4864, 4.6372],
	[8.8483, 4.8532],
	[1.495, 7.2012],
	[9.2877, 3.8885],
	[3.7424, 7.3261],
	[1.6776, 9.9649]
  ]
]

MSE: 0.000039
=========================================================
          Learning params for data #4
=========================================================
Actual Params: [15 0.02566 0.05086 0.4763 25 0.3]
Predicted Params: [15 0.02566 0.05086 0.4763 25 0.3025]
Actual M:[
  [
	[3.6233, 7.7012],
	[4.7142, 8.5814],
	[7.3549, 5.7318],
	[6.2823, 8.6027],
	[7.9622, 8.1762],
	[5.6109, 9.7872],
	[9.9539, 5.9244]
  ]
]

Predicted M:[
  [
	[3.6233, 7.7012],
	[4.7142, 8.5814],
	[7.3549, 5.7318],
	[6.2823, 8.6027],
	[7.9622, 8.1762],
	[5.6109, 9.7872],
	[9.9539, 5.9244]
  ]
]

MSE: 0.000002
=========================================================
          Learning params for data #5
=========================================================
Actual Params: [6 0.0081 0.058 1.034 25 0.7]
Predicted Params: [6 0.0081 0.058 1.034 25 0.7071]
Actual M:[
  [
	[2.7176, 6.2197],
	[8.4345, 8.3565],
	[9.0333, 6.3594],
	[1.0296, 8.6726],
	[9.9219, 9.0692],
	[9.8653, 9.3413],
	[2.6199, 9.6567]
  ]
]

Predicted M:[
  [
	[2.7176, 6.2197],
	[8.4345, 8.3565],
	[9.0333, 6.3594],
	[1.0296, 8.6726],
	[9.9219, 9.0692],
	[9.8653, 9.3413],
	[2.6199, 9.6567]
  ]
]

MSE: 0.000023
=========================================================
          Learning params for data #6
=========================================================
Actual Params: [15 0.03366 0.0692 0.8877 25 0.7]
Predicted Params: [15 0.03366 0.0692 0.8877 25 0.4999]
Actual M:[
  [
	[8.8956, 2.3916],
	[7.7859, 7.9184],
	[3.6281, 9.9325],
	[6.0811, 9.4478],
	[9.6422, 3.0118],
	[9.9074, 3.2028],
	[9.1852, 9.4823]
  ]
]

Predicted M:[
  [
	[8.8956, 2.3916],
	[7.7859, 7.9184],
	[3.6281, 9.9325],
	[6.0811, 9.4478],
	[9.6422, 3.0118],
	[9.9074, 3.2028],
	[9.1852, 9.4823]
  ]
]

MSE: 0.000300
=========================================================
          Learning params for data #7
=========================================================
Actual Params: [7 0.09314 0.03406 0.8788 25 0.7]
Predicted Params: [7 0.09314 0.03406 0.8788 25 0.6984]
Actual M:[
  [
	[2.7235, 6.242],
	[9.4031, 2.8129],
	[3.9699, 2.8967],
	[5.725, 8.7688],
	[4.4253, 9.4753],
	[7.7331, 3.4889],
	[7.314, 7.365]
  ]
]

Predicted M:[
  [
	[2.7235, 6.242],
	[9.4031, 2.8129],
	[3.9699, 2.8967],
	[5.725, 8.7688],
	[4.4253, 9.4753],
	[7.7331, 3.4889],
	[7.314, 7.365]
  ]
]

MSE: 0.000305
=========================================================
          Learning params for data #8
=========================================================
Actual Params: [4 0.03887 0.004182 0.4594 25 0.7]
Predicted Params: [4 0.03887 0.004182 0.4594 25 0.5]
Actual M:[
  [
	[5.2464, 2.6801],
	[2.2758, 8.1025],
	[7.8251, 3.2101],
	[4.2526, 9.2245],
	[8.0256, 5.8659],
	[4.9685, 8.325],
	[9.6748, 8.6455]
  ]
]

Predicted M:[
  [
	[5.2464, 2.6801],
	[2.2758, 8.1025],
	[7.8251, 3.2101],
	[4.2526, 9.2245],
	[8.0256, 5.8659],
	[4.9685, 8.325],
	[9.6748, 8.6455]
  ]
]

MSE: 0.000000
=========================================================
          Learning params for data #9
=========================================================
Actual Params: [4 0.08235 0.01142 0.4857 25 0.7]
Predicted Params: [4 0.08235 0.01142 0.4857 25 0.7012]
Actual M:[
  [
	[1.5272, 7.4424],
	[2.0554, 8.5685],
	[7.1442, 9.6113],
	[9.9286, 7.4191],
	[9.961, 8.8367],
	[9.4217, 9.6788],
	[3.9268, 9.8223]
  ]
]

Predicted M:[
  [
	[1.5272, 7.4424],
	[2.0554, 8.5685],
	[7.1442, 9.6113],
	[9.9286, 7.4191],
	[9.961, 8.8367],
	[9.4217, 9.6788],
	[3.9268, 9.8223]
  ]
]

MSE: 0.000282
=========================================================
          Learning params for data #10
=========================================================
Actual Params: [13 0.06488 0.05954 0.7671 25 0.7]
Predicted Params: [13 0.06488 0.05954 0.7671 25 0.7025]
Actual M:[
  [
	[8.4119, 1.0925],
	[6.7942, 9.9425],
	[9.1691, 4.0052],
	[7.111, 5.4719],
	[9.012, 7.1317],
	[7.0822, 8.4682],
	[9.391, 1.2535]
  ]
]

Predicted M:[
  [
	[8.4119, 1.0925],
	[6.7942, 9.9425],
	[9.1691, 4.0052],
	[7.111, 5.4719],
	[9.012, 7.1317],
	[7.0822, 8.4682],
	[9.391, 1.2535]
  ]
]

MSE: 0.000116
=========================================================
          Learning params for data #11
=========================================================
Actual Params: [7 0.00221 0.06608 0.7378 25 0.5]
Predicted Params: [7 0.00221 0.06608 0.7378 25 0.4935]
Actual M:[
  [
	[3.9256, 5.3814],
	[9.2657, 8.335],
	[2.9043, 9.5493],
	[9.3114, 6.9752],
	[9.4562, 7.5316],
	[3.9828, 8.679],
	[4.9968, 8.5943]
  ]
]

Predicted M:[
  [
	[3.9256, 5.3814],
	[9.2657, 8.335],
	[2.9043, 9.5493],
	[9.3114, 6.9752],
	[9.4562, 7.5316],
	[3.9828, 8.679],
	[4.9968, 8.5943]
  ]
]

MSE: 0.000046
=========================================================
          Learning params for data #12
=========================================================
Actual Params: [5 0.04198 0.0805 0.4932 25 0.3]
Predicted Params: [5 0.04198 0.0805 0.4932 25 0.2967]
Actual M:[
  [
	[9.7107, 9.2087],
	[3.9736, 9.6079],
	[4.9473, 9.2762],
	[6.1789, 9.2135],
	[3.0194, 9.7545],
	[8.241, 9.365],
	[8.2494, 9.375]
  ]
]

Predicted M:[
  [
	[9.7107, 9.2087],
	[3.9736, 9.6079],
	[4.9473, 9.2762],
	[6.1789, 9.2135],
	[3.0194, 9.7545],
	[8.241, 9.365],
	[8.2494, 9.375]
  ]
]

MSE: 0.000030
=========================================================
          Learning params for data #13
=========================================================
Actual Params: [3 0.03123 0.01768 0.5345 25 0.3]
Predicted Params: [3 0.03123 0.01768 0.5345 25 0.2951]
Actual M:[
  [
	[7.6431, 4.4083],
	[6.9069, 9.521],
	[9.1794, 2.9804],
	[9.864, 9.1184],
	[1.9273, 9.8812],
	[9.9287, 6.0829],
	[9.9612, 6.1609]
  ]
]

Predicted M:[
  [
	[7.6431, 4.4083],
	[6.9069, 9.521],
	[9.1794, 2.9804],
	[9.864, 9.1184],
	[1.9273, 9.8812],
	[9.9287, 6.0829],
	[9.9612, 6.1609]
  ]
]

MSE: 0.000005
=========================================================
          Learning params for data #14
=========================================================
Actual Params: [11 0.08816 0.04912 0.4998 25 0.5]
Predicted Params: [11 0.08816 0.04912 0.4998 25 0.4954]
Actual M:[
  [
	[4.0368, 4.119],
	[6.0594, 7.5305],
	[6.3988, 5.6113],
	[9.472, 8.4424],
	[1.4611, 8.9231],
	[7.7604, 9.3013],
	[1.4137, 9.4287]
  ]
]

Predicted M:[
  [
	[4.0368, 4.119],
	[6.0594, 7.5305],
	[6.3988, 5.6113],
	[9.472, 8.4424],
	[1.4611, 8.9231],
	[7.7604, 9.3013],
	[1.4137, 9.4287]
  ]
]

MSE: 0.000034
=========================================================
          Learning params for data #15
=========================================================
Actual Params: [3 0.07007 0.07162 0.2273 25 0.5]
Predicted Params: [3 0.07007 0.07162 0.2273 25 0.4978]
Actual M:[
  [
	[5.1515, 7.0813],
	[2.5451, 9.8968],
	[5.2323, 2.6888],
	[7.0744, 4.7026],
	[7.4064, 1.6998],
	[7.5923, 3.1674],
	[8.582, 3.8709]
  ]
]

Predicted M:[
  [
	[5.1515, 7.0813],
	[2.5451, 9.8968],
	[5.2323, 2.6888],
	[7.0744, 4.7026],
	[7.4064, 1.6998],
	[7.5923, 3.1674],
	[8.582, 3.8709]
  ]
]

MSE: 0.000008
=========================================================
          Learning params for data #16
=========================================================
Actual Params: [11 0.04002 0.09399 0.7987 25 0.3]
Predicted Params: [11 0.04002 0.09399 0.7987 25 0.3045]
Actual M:[
  [
	[4.7232, 6.1515],
	[8.2465, 4.3347],
	[7.3372, 5.632],
	[7.3563, 9.063],
	[8.4694, 6.6848],
	[9.9439, 1.6393],
	[9.6575, 2.6008]
  ]
]

Predicted M:[
  [
	[4.7232, 6.1515],
	[8.2465, 4.3347],
	[7.3372, 5.632],
	[7.3563, 9.063],
	[8.4694, 6.6848],
	[9.9439, 1.6393],
	[9.6575, 2.6008]
  ]
]

MSE: 0.000001
=========================================================
          Learning params for data #17
=========================================================
Actual Params: [4 0.08239 0.061 0.4292 25 0.5]
Predicted Params: [4 0.08239 0.061 0.4292 25 0.5]
Actual M:[
  [
	[9.8129, 6.2069],
	[7.2143, 7.3869],
	[5.5063, 9.9807],
	[6.2668, 8.2696],
	[8.7259, 7.591],
	[6.8919, 7.8273],
	[6.8668, 9.3665]
  ]
]

Predicted M:[
  [
	[9.8129, 6.2069],
	[7.2143, 7.3869],
	[5.5063, 9.9807],
	[6.2668, 8.2696],
	[8.7259, 7.591],
	[6.8919, 7.8273],
	[6.8668, 9.3665]
  ]
]

MSE: 0.000117
=========================================================
          Learning params for data #18
=========================================================
Actual Params: [9 0.003797 0.0477 0.5335 25 0.3]
Predicted Params: [9 0.003797 0.0477 0.5335 25 0.3025]
Actual M:[
  [
	[4.563, 3.6525],
	[6.1859, 5.2132],
	[8.1315, 1.6599],
	[8.0909, 6.8679],
	[3.5743, 9.9021],
	[4.5176, 7.9536],
	[4.8736, 9.8022]
  ]
]

Predicted M:[
  [
	[4.563, 3.6525],
	[6.1859, 5.2132],
	[8.1315, 1.6599],
	[8.0909, 6.8679],
	[3.5743, 9.9021],
	[4.5176, 7.9536],
	[4.8736, 9.8022]
  ]
]

MSE: 0.000003
=========================================================
          Learning params for data #19
=========================================================
Actual Params: [9 0.03067 0.04887 0.2688 25 0.7]
Predicted Params: [9 0.03067 0.04887 0.2688 25 0.6976]
Actual M:[
  [
	[3.2424, 5.9158],
	[9.8344, 4.2912],
	[4.7784, 6.1384],
	[5.7283, 9.5823],
	[7.9542, 9.7398],
	[8.5411, 9.3472],
	[3.2353, 9.9811]
  ]
]

Predicted M:[
  [
	[3.2424, 5.9158],
	[9.8344, 4.2912],
	[4.7784, 6.1384],
	[5.7283, 9.5823],
	[7.9542, 9.7398],
	[8.5411, 9.3472],
	[3.2353, 9.9811]
  ]
]

MSE: 0.000367
=========================================================
          Learning params for data #20
=========================================================
Actual Params: [2 0.02481 0.09297 0.9578 25 0.3]
Predicted Params: [2 0.02481 0.09297 0.9578 25 0.3058]
Actual M:[
  [
	[9.1863, 2.5282],
	[3.566, 8.0018],
	[7.4787, 3.1487],
	[4.5636, 8.2267],
	[6.898, 3.4603],
	[9.1785, 4.0419],
	[4.5193, 8.7711]
  ]
]

Predicted M:[
  [
	[9.1863, 2.5282],
	[3.566, 8.0018],
	[7.4787, 3.1487],
	[4.5636, 8.2267],
	[6.898, 3.4603],
	[9.1785, 4.0419],
	[4.5193, 8.7711]
  ]
]

MSE: 0.000058
=========================================================
          Learning params for data #21
=========================================================
Actual Params: [12 0.001133 0.07007 0.3968 25 0.5]
Predicted Params: [12 0.001133 0.07007 0.3968 25 0.4968]
Actual M:[
  [
	[2.787, 1.1761],
	[8.574, 2.3219],
	[1.8444, 5.0735],
	[9.4798, 4.635],
	[5.2575, 5.189],
	[7.9923, 5.7329],
	[5.5705, 8.3455]
  ]
]

Predicted M:[
  [
	[2.787, 1.1761],
	[8.574, 2.3219],
	[1.8444, 5.0735],
	[9.4798, 4.635],
	[5.2575, 5.189],
	[7.9923, 5.7329],
	[5.5705, 8.3455]
  ]
]

MSE: 0.000062
=========================================================
          Learning params for data #22
=========================================================
Actual Params: [6 0.05718 0.06327 0.6363 25 0.5]
Predicted Params: [6 0.05718 0.06327 0.6363 25 0.4989]
Actual M:[
  [
	[8.0563, 4.4536],
	[9.1155, 8.5278],
	[6.4749, 9.5337],
	[9.6704, 1.5096],
	[9.2074, 7.456],
	[9.8545, 2.7679],
	[7.2504, 9.9118]
  ]
]

Predicted M:[
  [
	[8.0563, 4.4536],
	[9.1155, 8.5278],
	[6.4749, 9.5337],
	[9.6704, 1.5096],
	[9.2074, 7.456],
	[9.8545, 2.7679],
	[7.2504, 9.9118]
  ]
]

MSE: 0.000068
=========================================================
          Learning params for data #23
=========================================================
Actual Params: [11 0.09212 0.02368 0.6496 25 0.3]
Predicted Params: [11 0.09212 0.02368 0.6496 25 0.4516]
Actual M:[
  [
	[4.335, 5.3371],
	[3.8883, 7.2831],
	[8.7443, 6.8673],
	[5.5298, 9.9805],
	[9.9034, 4.0818],
	[7.806, 9.7273],
	[9.9009, 5.4594]
  ]
]

Predicted M:[
  [
	[4.335, 5.3371],
	[3.8883, 7.2831],
	[8.7443, 6.8673],
	[5.5298, 9.9805],
	[9.9034, 4.0818],
	[7.806, 9.7273],
	[9.9009, 5.4594]
  ]
]

MSE: 0.002286
=========================================================
          Learning params for data #24
=========================================================
Actual Params: [5 0.01008 0.02937 0.5618 25 0.7]
Predicted Params: [5 0.01008 0.02937 0.5618 25 0.4978]
Actual M:[
  [
	[6.7432, 5.0694],
	[9.9279, 6.6272],
	[7.8666, 8.1863],
	[6.471, 9.4775],
	[9.6362, 9.5509],
	[9.9843, 9.619],
	[7.5315, 9.8651]
  ]
]

Predicted M:[
  [
	[6.7432, 5.0694],
	[9.9279, 6.6272],
	[7.8666, 8.1863],
	[6.471, 9.4775],
	[9.6362, 9.5509],
	[9.9843, 9.619],
	[7.5315, 9.8651]
  ]
]

MSE: 0.002217
=========================================================
          Learning params for data #25
=========================================================
Actual Params: [3 0.08282 0.06116 0.9336 25 0.7]
Predicted Params: [3 0.08282 0.06116 0.9336 25 0.7075]
Actual M:[
  [
	[9.095, 6.3003],
	[1.9929, 7.7266],
	[9.2064, 7.639],
	[9.7897, 7.103],
	[9.714, 8.1069],
	[4.1123, 9.3231],
	[9.9025, 7.9917]
  ]
]

Predicted M:[
  [
	[9.095, 6.3003],
	[1.9929, 7.7266],
	[9.2064, 7.639],
	[9.7897, 7.103],
	[9.714, 8.1069],
	[4.1123, 9.3231],
	[9.9025, 7.9917]
  ]
]

MSE: 0.000050
=========================================================
          Learning params for data #26
=========================================================
Actual Params: [10 0.09937 0.06505 0.1535 25 0.3]
Predicted Params: [10 0.09937 0.06505 0.1535 25 0.5]
Actual M:[
  [
	[7.998, 6.0585],
	[6.6111, 7.6908],
	[6.7805, 7.4333],
	[3.6741, 8.4377],
	[7.9774, 6.317],
	[8.315, 9.6288],
	[9.4254, 3.8875]
  ]
]

Predicted M:[
  [
	[7.998, 6.0585],
	[6.6111, 7.6908],
	[6.7805, 7.4333],
	[3.6741, 8.4377],
	[7.9774, 6.317],
	[8.315, 9.6288],
	[9.4254, 3.8875]
  ]
]

MSE: 0.000001
=========================================================
          Learning params for data #27
=========================================================
Actual Params: [8 0.0246 0.04313 0.4163 25 0.5]
Predicted Params: [8 0.0246 0.04313 0.4163 25 0.4989]
Actual M:[
  [
	[8.364, 3.7533],
	[5.2429, 4.8323],
	[7.3968, 6.5925],
	[4.7073, 6.6979],
	[1.9276, 7.0088],
	[3.3931, 8.1242],
	[4.3856, 9.8432]
  ]
]

Predicted M:[
  [
	[8.364, 3.7533],
	[5.2429, 4.8323],
	[7.3968, 6.5925],
	[4.7073, 6.6979],
	[1.9276, 7.0088],
	[3.3931, 8.1242],
	[4.3856, 9.8432]
  ]
]

MSE: 0.000042
=========================================================
          Learning params for data #28
=========================================================
Actual Params: [14 0.05236 0.03159 0.2852 25 0.7]
Predicted Params: [14 0.05236 0.03159 0.2852 25 0.701]
Actual M:[
  [
	[7.7643, 4.1262],
	[1.5616, 6.2903],
	[1.774, 8.9766],
	[2.2941, 6.0487],
	[3.6511, 9.7368],
	[6.2621, 7.3255],
	[7.6853, 5.9203]
  ]
]

Predicted M:[
  [
	[7.7643, 4.1262],
	[1.5616, 6.2903],
	[1.774, 8.9766],
	[2.2941, 6.0487],
	[3.6511, 9.7368],
	[6.2621, 7.3255],
	[7.6853, 5.9203]
  ]
]

MSE: 0.000010
=========================================================
          Learning params for data #29
=========================================================
Actual Params: [12 0.05033 0.09234 0.9374 25 0.3]
Predicted Params: [12 0.05033 0.09234 0.9374 25 0.3064]
Actual M:[
  [
	[8.9303, 1.4739],
	[4.9219, 3.972],
	[6.7142, 1.6692],
	[9.1682, 8.9005],
	[9.6521, 3.6874],
	[4.9863, 9.0712],
	[2.1937, 9.2794]
  ]
]

Predicted M:[
  [
	[8.9303, 1.4739],
	[4.9219, 3.972],
	[6.7142, 1.6692],
	[9.1682, 8.9005],
	[9.6521, 3.6874],
	[4.9863, 9.0712],
	[2.1937, 9.2794]
  ]
]

MSE: 0.000009
=========================================================
          Learning params for data #30
=========================================================
Actual Params: [6 0.05887 0.04995 1.057 25 0.7]
Predicted Params: [6 0.05887 0.04995 1.057 25 0.6979]
Actual M:[
  [
	[1.6965, 7.696],
	[3.1222, 1.6129],
	[7.8777, 2.4959],
	[1.8836, 7.2596],
	[9.7083, 2.8905],
	[8.359, 4.812],
	[1.0442, 9.7643]
  ]
]

Predicted M:[
  [
	[1.6965, 7.696],
	[3.1222, 1.6129],
	[7.8777, 2.4959],
	[1.8836, 7.2596],
	[9.7083, 2.8905],
	[8.359, 4.812],
	[1.0442, 9.7643]
  ]
]

MSE: 0.000242
=========================================================
          Learning params for data #31
=========================================================
Actual Params: [1 0.09219 0.05898 0.9574 25 0.5]
Predicted Params: [1 0.09219 0.05898 0.9574 25 0.5044]
Actual M:[
  [
	[2.7232, 8.4657],
	[7.4842, 6.2667],
	[6.2997, 6.9556],
	[9.4879, 3.0295],
	[6.0623, 7.9327],
	[9.9251, 9.0086],
	[7.8356, 9.2315]
  ]
]

Predicted M:[
  [
	[2.7232, 8.4657],
	[7.4842, 6.2667],
	[6.2997, 6.9556],
	[9.4879, 3.0295],
	[6.0623, 7.9327],
	[9.9251, 9.0086],
	[7.8356, 9.2315]
  ]
]

MSE: 0.000012
=========================================================
          Learning params for data #32
=========================================================
Actual Params: [6 0.01868 0.02005 0.5159 25 0.5]
Predicted Params: [6 0.01868 0.02005 0.5159 25 0.4991]
Actual M:[
  [
	[7.9271, 2.7919],
	[9.2185, 7.7489],
	[8.1161, 7.9155],
	[9.7655, 1.5249],
	[8.0926, 9.0816],
	[1.2264, 9.8936],
	[9.497, 7.8196]
  ]
]

Predicted M:[
  [
	[7.9271, 2.7919],
	[9.2185, 7.7489],
	[8.1161, 7.9155],
	[9.7655, 1.5249],
	[8.0926, 9.0816],
	[1.2264, 9.8936],
	[9.497, 7.8196]
  ]
]

MSE: 0.000028
=========================================================
          Learning params for data #33
=========================================================
Actual Params: [7 0.08194 0.02405 0.7119 25 0.5]
Predicted Params: [7 0.08194 0.02405 0.7119 25 0.4984]
Actual M:[
  [
	[1.5598, 4.1187],
	[6.3796, 7],
	[5.5214, 7.149],
	[8.6072, 3.921],
	[2.3718, 8.4397],
	[9.5665, 6.4494],
	[6.8954, 9.6515]
  ]
]

Predicted M:[
  [
	[1.5598, 4.1187],
	[6.3796, 7],
	[5.5214, 7.149],
	[8.6072, 3.921],
	[2.3718, 8.4397],
	[9.5665, 6.4494],
	[6.8954, 9.6515]
  ]
]

MSE: 0.000048
=========================================================
          Learning params for data #34
=========================================================
Actual Params: [9 0.03245 0.06034 1.097 25 0.3]
Predicted Params: [9 0.03245 0.06034 1.097 25 0.2999]
Actual M:[
  [
	[3.4142, 5.5847],
	[7.6921, 9.1025],
	[8.6576, 4.4081],
	[9.5216, 6.6821],
	[8.2921, 8.9452],
	[7.9605, 9.1925],
	[6.0653, 9.4882]
  ]
]

Predicted M:[
  [
	[3.4142, 5.5847],
	[7.6921, 9.1025],
	[8.6576, 4.4081],
	[9.5216, 6.6821],
	[8.2921, 8.9452],
	[7.9605, 9.1925],
	[6.0653, 9.4882]
  ]
]

MSE: 0.000195
=========================================================
          Learning params for data #35
=========================================================
Actual Params: [4 0.075 0.02497 0.7456 25 0.7]
Predicted Params: [4 0.075 0.02497 0.7456 25 0.7002]
Actual M:[
  [
	[5.5769, 6.763],
	[7.2409, 3.7078],
	[4.4319, 7.0749],
	[6.6202, 5.6302],
	[7.052, 4.9316],
	[9.4171, 4.6571],
	[9.0088, 7.2994]
  ]
]

Predicted M:[
  [
	[5.5769, 6.763],
	[7.2409, 3.7078],
	[4.4319, 7.0749],
	[6.6202, 5.6302],
	[7.052, 4.9316],
	[9.4171, 4.6571],
	[9.0088, 7.2994]
  ]
]

MSE: 0.000004
=========================================================
          Learning params for data #36
=========================================================
Actual Params: [12 0.01982 0.06157 0.258 25 0.5]
Predicted Params: [12 0.01982 0.06157 0.258 25 0.5176]
Actual M:[
  [
	[5.8349, 5.2772],
	[9.5245, 8.8947],
	[7.4164, 9.5603],
	[6.4296, 9.6907],
	[9.6079, 7.2886],
	[9.6925, 5.9708],
	[2.0781, 9.7918]
  ]
]

Predicted M:[
  [
	[5.8349, 5.2772],
	[9.5245, 8.8947],
	[7.4164, 9.5603],
	[6.4296, 9.6907],
	[9.6079, 7.2886],
	[9.6925, 5.9708],
	[2.0781, 9.7918]
  ]
]

MSE: 0.000000
=========================================================
          Learning params for data #37
=========================================================
Actual Params: [10 0.09645 0.04477 0.7645 25 0.5]
Predicted Params: [10 0.09645 0.04477 0.7645 25 0.5176]
Actual M:[
  [
	[6.2425, 5.5939],
	[6.7446, 4.2706],
	[3.9717, 6.4472],
	[7.109, 5.3174],
	[9.6492, 5.315],
	[3.3805, 7.0677],
	[9.5306, 7.0334]
  ]
]

Predicted M:[
  [
	[6.2425, 5.5939],
	[6.7446, 4.2706],
	[3.9717, 6.4472],
	[7.109, 5.3174],
	[9.6492, 5.315],
	[3.3805, 7.0677],
	[9.5306, 7.0334]
  ]
]

MSE: 0.000000
=========================================================
          Learning params for data #38
=========================================================
Actual Params: [11 0.01048 0.01247 0.8118 25 0.3]
Predicted Params: [11 0.01048 0.01247 0.8118 25 0.5176]
Actual M:[
  [
	[6.0647, 3.718],
	[6.0779, 1.1063],
	[4.5792, 3.7592],
	[5.4671, 8.5606],
	[6.3386, 8.1061],
	[9.6601, 7.9676],
	[9.7638, 4.5592]
  ]
]

Predicted M:[
  [
	[6.0647, 3.718],
	[6.0779, 1.1063],
	[4.5792, 3.7592],
	[5.4671, 8.5606],
	[6.3386, 8.1061],
	[9.6601, 7.9676],
	[9.7638, 4.5592]
  ]
]

MSE: 0.000139
=========================================================
          Learning params for data #39
=========================================================
Actual Params: [11 0.00831 0.03305 0.7059 25 0.7]
Predicted Params: [11 0.00831 0.03305 0.7059 25 0.7006]
Actual M:[
  [
	[2.8529, 4.5562],
	[1.7731, 6.321],
	[4.2499, 5.0287],
	[3.3021, 9.6798],
	[5.9283, 4.1346],
	[9.5806, 4.5926],
	[6.5571, 9.3187]
  ]
]

Predicted M:[
  [
	[2.8529, 4.5562],
	[1.7731, 6.321],
	[4.2499, 5.0287],
	[3.3021, 9.6798],
	[5.9283, 4.1346],
	[9.5806, 4.5926],
	[6.5571, 9.3187]
  ]
]

MSE: 0.000288
=========================================================
          Learning params for data #40
=========================================================
Actual Params: [6 0.0468 0.06828 0.4474 25 0.5]
Predicted Params: [6 0.0468 0.06828 0.4474 25 0.4788]
Actual M:[
  [
	[7.9953, 8.0517],
	[9.9697, 6.2896],
	[1.7674, 9.6387],
	[1.2118, 9.7609],
	[9.0582, 9.7326],
	[9.9766, 4.3929],
	[1.993, 9.9837]
  ]
]

Predicted M:[
  [
	[7.9953, 8.0517],
	[9.9697, 6.2896],
	[1.7674, 9.6387],
	[1.2118, 9.7609],
	[9.0582, 9.7326],
	[9.9766, 4.3929],
	[1.993, 9.9837]
  ]
]

MSE: 0.000002
=========================================================
          Learning params for data #41
=========================================================
Actual Params: [6 0.03942 0.004749 0.6944 25 0.7]
Predicted Params: [6 0.03942 0.004749 0.6944 25 0.5]
Actual M:[
  [
	[9.8227, 2.956],
	[2.2901, 5.741],
	[1.2878, 6.3929],
	[3.2075, 9.814],
	[9.9425, 8.7734],
	[5.6032, 8.7738],
	[7.4405, 8.854]
  ]
]

Predicted M:[
  [
	[9.8227, 2.956],
	[2.2901, 5.741],
	[1.2878, 6.3929],
	[3.2075, 9.814],
	[9.9425, 8.7734],
	[5.6032, 8.7738],
	[7.4405, 8.854]
  ]
]

MSE: 0.000000
=========================================================
          Learning params for data #42
=========================================================
Actual Params: [10 0.0591 0.002407 0.7365 25 0.5]
Predicted Params: [10 0.0591 0.002407 0.7365 25 0.5]
Actual M:[
  [
	[9.716, 3.7645],
	[5.3016, 7.7929],
	[6.3412, 4.1191],
	[8.3533, 8.8247],
	[9.2966, 5.9617],
	[9.5951, 4.8251],
	[7.8043, 9.3812]
  ]
]

Predicted M:[
  [
	[9.716, 3.7645],
	[5.3016, 7.7929],
	[6.3412, 4.1191],
	[8.3533, 8.8247],
	[9.2966, 5.9617],
	[9.5951, 4.8251],
	[7.8043, 9.3812]
  ]
]

MSE: 0.000139
=========================================================
          Learning params for data #43
=========================================================
Actual Params: [13 0.03828 0.05714 0.1342 25 0.7]
Predicted Params: [13 0.03828 0.05714 0.1342 25 0.4353]
Actual M:[
  [
	[9.4892, 6.144],
	[1.3434, 6.5541],
	[4.8585, 9.8011],
	[8.5082, 9.3892],
	[6.7529, 9.8787],
	[9.2847, 6.3901],
	[9.5104, 3.1414]
  ]
]

Predicted M:[
  [
	[9.4892, 6.144],
	[1.3434, 6.5541],
	[4.8585, 9.8011],
	[8.5082, 9.3892],
	[6.7529, 9.8787],
	[9.2847, 6.3901],
	[9.5104, 3.1414]
  ]
]

MSE: 0.003254
=========================================================
          Learning params for data #44
=========================================================
Actual Params: [12 0.06993 0.04875 1.026 25 0.7]
Predicted Params: [12 0.06993 0.04875 1.026 25 0.7018]
Actual M:[
  [
	[3.6219, 6.9396],
	[7.1244, 1.7782],
	[4.0304, 6.2591],
	[8.6839, 9.6325],
	[9.6373, 5.1022],
	[9.6099, 8.5632],
	[3.8975, 9.7346]
  ]
]

Predicted M:[
  [
	[3.6219, 6.9396],
	[7.1244, 1.7782],
	[4.0304, 6.2591],
	[8.6839, 9.6325],
	[9.6373, 5.1022],
	[9.6099, 8.5632],
	[3.8975, 9.7346]
  ]
]

MSE: 0.000116
=========================================================
          Learning params for data #45
=========================================================
Actual Params: [10 0.003657 0.03941 1.057 25 0.5]
Predicted Params: [10 0.003657 0.03941 1.057 25 0.5027]
Actual M:[
  [
	[3.182, 7.3884],
	[5.4906, 6.3682],
	[6.9214, 3.3247],
	[7.5605, 5.1621],
	[3.5976, 7.2384],
	[1.7013, 7.9581],
	[7.3056, 5.5921]
  ]
]

Predicted M:[
  [
	[3.182, 7.3884],
	[5.4906, 6.3682],
	[6.9214, 3.3247],
	[7.5605, 5.1621],
	[3.5976, 7.2384],
	[1.7013, 7.9581],
	[7.3056, 5.5921]
  ]
]

MSE: 0.000063
=========================================================
          Learning params for data #46
=========================================================
Actual Params: [7 0.08776 0.03817 0.4342 25 0.5]
Predicted Params: [7 0.08776 0.03817 0.4342 25 0.499]
Actual M:[
  [
	[9.7552, 5.5826],
	[4.4094, 7.4204],
	[9.9594, 9.1398],
	[9.8365, 9.6169],
	[2.067, 9.6175],
	[9.9669, 2.4807],
	[9.9214, 9.1792]
  ]
]

Predicted M:[
  [
	[9.7552, 5.5826],
	[4.4094, 7.4204],
	[9.9594, 9.1398],
	[9.8365, 9.6169],
	[2.067, 9.6175],
	[9.9669, 2.4807],
	[9.9214, 9.1792]
  ]
]

MSE: 0.000190
=========================================================
          Learning params for data #47
=========================================================
Actual Params: [15 0.03307 0.05538 0.6831 25 0.7]
Predicted Params: [15 0.03307 0.05538 0.6831 25 0.4747]
Actual M:[
  [
	[7.8684, 8.1385],
	[4.0922, 8.499],
	[9.0567, 6.2702],
	[8.7821, 8.5029],
	[6.5569, 9.4462],
	[2.1458, 9.5418],
	[9.7201, 2.9611]
  ]
]

Predicted M:[
  [
	[7.8684, 8.1385],
	[4.0922, 8.499],
	[9.0567, 6.2702],
	[8.7821, 8.5029],
	[6.5569, 9.4462],
	[2.1458, 9.5418],
	[9.7201, 2.9611]
  ]
]

MSE: 0.006688
=========================================================
          Learning params for data #48
=========================================================
Actual Params: [10 0.01676 0.0213 0.1611 25 0.5]
Predicted Params: [10 0.01676 0.0213 0.1611 25 0.4914]
Actual M:[
  [
	[5.6171, 8.8062],
	[1.7405, 9.6569],
	[8.8151, 2.0739],
	[9.1086, 9.9044],
	[9.5041, 6.4718],
	[9.4992, 8.344],
	[9.5343, 9.9072]
  ]
]

Predicted M:[
  [
	[5.6171, 8.8062],
	[1.7405, 9.6569],
	[8.8151, 2.0739],
	[9.1086, 9.9044],
	[9.5041, 6.4718],
	[9.4992, 8.344],
	[9.5343, 9.9072]
  ]
]

MSE: 0.000000
=========================================================
          Learning params for data #49
=========================================================
Actual Params: [9 0.02607 0.05665 0.5573 25 0.7]
Predicted Params: [9 0.02607 0.05665 0.5573 25 0.4429]
Actual M:[
  [
	[2.8498, 4.4331],
	[6.2564, 8.0554],
	[3.1021, 8.2546],
	[7.0937, 6.3315],
	[7.8217, 8.6997],
	[8.2305, 8.7774],
	[8.8981, 3.5742]
  ]
]

Predicted M:[
  [
	[2.8498, 4.4331],
	[6.2564, 8.0554],
	[3.1021, 8.2546],
	[7.0937, 6.3315],
	[7.8217, 8.6997],
	[8.2305, 8.7774],
	[8.8981, 3.5742]
  ]
]

MSE: 0.051803
=========================================================
          Learning params for data #50
=========================================================
Actual Params: [9 0.07139 0.08476 0.6307 25 0.5]
Predicted Params: [9 0.07139 0.08476 0.6307 25 0.5002]
Actual M:[
  [
	[2.454, 3.1626],
	[8.3531, 2.0639],
	[2.9781, 6.3489],
	[6.1846, 5.9576],
	[1.1067, 9.2785],
	[8.6771, 2.8258],
	[4.8375, 8.8136]
  ]
]

Predicted M:[
  [
	[2.454, 3.1626],
	[8.3531, 2.0639],
	[2.9781, 6.3489],
	[6.1846, 5.9576],
	[1.1067, 9.2785],
	[8.6771, 2.8258],
	[4.8375, 8.8136]
  ]
]

MSE: 0.000010


MSE list: [5.642e-05 0.002422 3.946e-05 2.22e-06 2.338e-05 0.0003003 0.0003046 0 0.0002819 0.0001157 4.572e-05 3.02e-05 4.88e-06 3.362e-05 7.98e-06 8.6e-07 0.0001172 3.14e-06 0.0003667 5.786e-05 6.162e-05 6.754e-05 0.002286 0.002217 4.986e-05 7.2e-07 4.218e-05 9.72e-06 9.06e-06 0.0002421 1.152e-05 2.79e-05 4.802e-05 0.0001953 4.5e-06 0 0 0.0001395 0.000288 1.68e-06 8e-08 0.0001392 0.003254 0.0001155 6.296e-05 0.0001899 0.006688 6e-08 0.0518 1.042e-05]
MSE mean: 0.001444
MSE std: 0.007356
Time elapsed: 86.333915
