set_nopts7_ncomb3_nproblem50_no3
Ns: 5000
=========================================================
          Learning params for data #1
=========================================================
Actual Params: [12 0.03973 0.02163 0.8761 25 0.7]
Predicted Params: [12 0.03973 0.02163 0.8761 25 0.701]
Actual M:[
  [
	[9.0078, 7.9019],
	[3.3055, 9.7744],
	[9.1675, 6.4581],
	[7.5159, 9.3135],
	[5.3736, 9.5075],
	[9.574, 8.8147],
	[3.3256, 9.6163]
  ]
]

Predicted M:[
  [
	[9.0078, 7.9019],
	[3.3055, 9.7744],
	[9.1675, 6.4581],
	[7.5159, 9.3135],
	[5.3736, 9.5075],
	[9.574, 8.8147],
	[3.3256, 9.6163]
  ]
]

MSE: 0.000016
=========================================================
          Learning params for data #2
=========================================================
Actual Params: [1 0.04948 0.06532 0.1291 25 0.5]
Predicted Params: [1 0.04948 0.06532 0.1291 25 0.5011]
Actual M:[
  [
	[4.3422, 7.4455],
	[3.8203, 8.1894],
	[6.1636, 6.1341],
	[8.6597, 7.3184],
	[9.4498, 5.0304],
	[8.9146, 7.8427],
	[1.1344, 8.4029]
  ]
]

Predicted M:[
  [
	[4.3422, 7.4455],
	[3.8203, 8.1894],
	[6.1636, 6.1341],
	[8.6597, 7.3184],
	[9.4498, 5.0304],
	[8.9146, 7.8427],
	[1.1344, 8.4029]
  ]
]

MSE: 0.000005
=========================================================
          Learning params for data #3
=========================================================
Actual Params: [8 0.05002 0.07358 0.917 25 0.5]
Predicted Params: [8 0.05002 0.07358 0.917 25 0.5132]
Actual M:[
  [
	[2.7181, 4.9478],
	[8.5643, 1.5637],
	[6.8093, 9.1657],
	[9.5391, 4.9954],
	[6.833, 6.4086],
	[7.658, 9.7801],
	[9.4357, 9.5996]
  ]
]

Predicted M:[
  [
	[2.7181, 4.9478],
	[8.5643, 1.5637],
	[6.8093, 9.1657],
	[9.5391, 4.9954],
	[6.833, 6.4086],
	[7.658, 9.7801],
	[9.4357, 9.5996]
  ]
]

MSE: 0.000004
=========================================================
          Learning params for data #4
=========================================================
Actual Params: [15 0.04276 0.02396 0.3549 25 0.5]
Predicted Params: [15 0.04276 0.02396 0.3549 25 0.4995]
Actual M:[
  [
	[7.9643, 8.9103],
	[4.0412, 9.7328],
	[9.6942, 5.2022],
	[8.5032, 5.4347],
	[9.3918, 6.6015],
	[9.8078, 4.6081],
	[9.3851, 9.0497]
  ]
]

Predicted M:[
  [
	[7.9643, 8.9103],
	[4.0412, 9.7328],
	[9.6942, 5.2022],
	[8.5032, 5.4347],
	[9.3918, 6.6015],
	[9.8078, 4.6081],
	[9.3851, 9.0497]
  ]
]

MSE: 0.000003
=========================================================
          Learning params for data #5
=========================================================
Actual Params: [1 0.06804 0.05928 0.3864 25 0.7]
Predicted Params: [1 0.06804 0.05928 0.3864 25 0.7071]
Actual M:[
  [
	[3.4362, 9.2176],
	[4.9702, 9.4249],
	[8.3331, 9.9877],
	[9.8653, 9.5997],
	[9.922, 8.0602],
	[9.9239, 2.07],
	[9.8759, 9.5344]
  ]
]

Predicted M:[
  [
	[3.4362, 9.2176],
	[4.9702, 9.4249],
	[8.3331, 9.9877],
	[9.8653, 9.5997],
	[9.922, 8.0602],
	[9.9239, 2.07],
	[9.8759, 9.5344]
  ]
]

MSE: 0.000000
=========================================================
          Learning params for data #6
=========================================================
Actual Params: [2 0.02986 0.09543 0.2305 25 0.5]
Predicted Params: [2 0.02986 0.09543 0.2305 25 0.4981]
Actual M:[
  [
	[6.3797, 9.9279],
	[6.9825, 1.7499],
	[7.9276, 1.383],
	[9.4603, 5.1089],
	[8.0628, 9.6229],
	[9.3683, 8.4296],
	[9.6715, 9.4802]
  ]
]

Predicted M:[
  [
	[6.3797, 9.9279],
	[6.9825, 1.7499],
	[7.9276, 1.383],
	[9.4603, 5.1089],
	[8.0628, 9.6229],
	[9.3683, 8.4296],
	[9.6715, 9.4802]
  ]
]

MSE: 0.000027
=========================================================
          Learning params for data #7
=========================================================
Actual Params: [7 0.09306 0.02714 0.4377 25 0.3]
Predicted Params: [7 0.09306 0.02714 0.4377 25 0.5]
Actual M:[
  [
	[2.0179, 2.7529],
	[6.9872, 2.4688],
	[9.1296, 3.9498],
	[9.7581, 4.0752],
	[9.9363, 2.1812],
	[9.8542, 9.4341],
	[9.8842, 4.807]
  ]
]

Predicted M:[
  [
	[2.0179, 2.7529],
	[6.9872, 2.4688],
	[9.1296, 3.9498],
	[9.7581, 4.0752],
	[9.9363, 2.1812],
	[9.8542, 9.4341],
	[9.8842, 4.807]
  ]
]

MSE: 0.000000
=========================================================
          Learning params for data #8
=========================================================
Actual Params: [6 0.05376 0.04839 0.4641 25 0.3]
Predicted Params: [6 0.05376 0.04839 0.4641 25 0.3025]
Actual M:[
  [
	[9.2212, 1.2212],
	[2.3093, 6.3618],
	[8.8009, 4.6366],
	[9.0541, 7.8916],
	[9.2416, 2.2926],
	[2.9282, 9.2676],
	[1.8967, 9.4454]
  ]
]

Predicted M:[
  [
	[9.2212, 1.2212],
	[2.3093, 6.3618],
	[8.8009, 4.6366],
	[9.0541, 7.8916],
	[9.2416, 2.2926],
	[2.9282, 9.2676],
	[1.8967, 9.4454]
  ]
]

MSE: 0.000255
=========================================================
          Learning params for data #9
=========================================================
Actual Params: [5 0.0755 0.02254 0.1736 25 0.3]
Predicted Params: [5 0.0755 0.02254 0.1736 25 0.2922]
Actual M:[
  [
	[4.6632, 2.8003],
	[6.5777, 7.7654],
	[7.1461, 6.3177],
	[9.8109, 7.3971],
	[5.9436, 8.1339],
	[5.7412, 9.8915],
	[6.7849, 7.4377]
  ]
]

Predicted M:[
  [
	[4.6632, 2.8003],
	[6.5777, 7.7654],
	[7.1461, 6.3177],
	[9.8109, 7.3971],
	[5.9436, 8.1339],
	[5.7412, 9.8915],
	[6.7849, 7.4377]
  ]
]

MSE: 0.000008
=========================================================
          Learning params for data #10
=========================================================
Actual Params: [6 0.08184 0.07358 1.035 25 0.3]
Predicted Params: [6 0.08184 0.07358 1.035 25 0.3001]
Actual M:[
  [
	[5.5992, 4.2422],
	[4.575, 5.729],
	[6.4894, 7.6926],
	[8.0735, 1.6951],
	[8.0831, 2.3679],
	[7.0028, 5.8626],
	[3.342, 8.3792]
  ]
]

Predicted M:[
  [
	[5.5992, 4.2422],
	[4.575, 5.729],
	[6.4894, 7.6926],
	[8.0735, 1.6951],
	[8.0831, 2.3679],
	[7.0028, 5.8626],
	[3.342, 8.3792]
  ]
]

MSE: 0.000032
=========================================================
          Learning params for data #11
=========================================================
Actual Params: [1 0.07628 0.08992 0.4871 25 0.3]
Predicted Params: [1 0.07628 0.08992 0.4871 25 0.3029]
Actual M:[
  [
	[6.5166, 1.453],
	[2.6659, 2.3277],
	[1.2827, 6.8156],
	[6.3911, 7.7458],
	[8.6855, 5.4829],
	[9.7742, 4.509],
	[7.3846, 7.0538]
  ]
]

Predicted M:[
  [
	[6.5166, 1.453],
	[2.6659, 2.3277],
	[1.2827, 6.8156],
	[6.3911, 7.7458],
	[8.6855, 5.4829],
	[9.7742, 4.509],
	[7.3846, 7.0538]
  ]
]

MSE: 0.000005
=========================================================
          Learning params for data #12
=========================================================
Actual Params: [4 0.05454 0.08688 0.4274 25 0.5]
Predicted Params: [4 0.05454 0.08688 0.4274 25 0.4973]
Actual M:[
  [
	[6.9256, 6.2519],
	[4.8568, 8.023],
	[5.3213, 6.9102],
	[7.5762, 2.4088],
	[4.092, 9.672],
	[7.0021, 5.4058],
	[8.3294, 2.1773]
  ]
]

Predicted M:[
  [
	[6.9256, 6.2519],
	[4.8568, 8.023],
	[5.3213, 6.9102],
	[7.5762, 2.4088],
	[4.092, 9.672],
	[7.0021, 5.4058],
	[8.3294, 2.1773]
  ]
]

MSE: 0.000047
=========================================================
          Learning params for data #13
=========================================================
Actual Params: [7 0.01368 0.0719 0.7034 25 0.3]
Predicted Params: [7 0.01368 0.0719 0.7034 25 0.2975]
Actual M:[
  [
	[5.9324, 4.593],
	[5.5069, 5.248],
	[2.8026, 9.6601],
	[7.682, 9.6611],
	[8.3014, 7.9346],
	[8.8118, 1.6298],
	[7.9517, 8.6606]
  ]
]

Predicted M:[
  [
	[5.9324, 4.593],
	[5.5069, 5.248],
	[2.8026, 9.6601],
	[7.682, 9.6611],
	[8.3014, 7.9346],
	[8.8118, 1.6298],
	[7.9517, 8.6606]
  ]
]

MSE: 0.000004
=========================================================
          Learning params for data #14
=========================================================
Actual Params: [12 0.004239 0.02458 1.022 25 0.5]
Predicted Params: [12 0.004239 0.02458 1.022 25 0.4977]
Actual M:[
  [
	[7.2799, 7.9774],
	[8.5995, 2.6153],
	[4.1608, 8.4822],
	[9.796, 3.9259],
	[8.9805, 9.3235],
	[1.9249, 9.4395],
	[9.9118, 2.6113]
  ]
]

Predicted M:[
  [
	[7.2799, 7.9774],
	[8.5995, 2.6153],
	[4.1608, 8.4822],
	[9.796, 3.9259],
	[8.9805, 9.3235],
	[1.9249, 9.4395],
	[9.9118, 2.6113]
  ]
]

MSE: 0.000005
=========================================================
          Learning params for data #15
=========================================================
Actual Params: [13 0.00255 0.08772 0.6444 25 0.7]
Predicted Params: [13 0.00255 0.08772 0.6444 25 0.6997]
Actual M:[
  [
	[1.0322, 2.5574],
	[2.2807, 9.3249],
	[5.3592, 5.4146],
	[2.6342, 5.9612],
	[5.8463, 1.0429],
	[7.9157, 3.9181],
	[4.7332, 6.3891]
  ]
]

Predicted M:[
  [
	[1.0322, 2.5574],
	[2.2807, 9.3249],
	[5.3592, 5.4146],
	[2.6342, 5.9612],
	[5.8463, 1.0429],
	[7.9157, 3.9181],
	[4.7332, 6.3891]
  ]
]

MSE: 0.000017
=========================================================
          Learning params for data #16
=========================================================
Actual Params: [11 0.008861 0.04481 0.2788 25 0.3]
Predicted Params: [11 0.008861 0.04481 0.2788 25 0.3009]
Actual M:[
  [
	[7.0717, 3.7803],
	[8.1275, 8.619],
	[2.0548, 9.9624],
	[8.5502, 4.4612],
	[9.4989, 7.8503],
	[9.4134, 8.8092],
	[9.5091, 4.6392]
  ]
]

Predicted M:[
  [
	[7.0717, 3.7803],
	[8.1275, 8.619],
	[2.0548, 9.9624],
	[8.5502, 4.4612],
	[9.4989, 7.8503],
	[9.4134, 8.8092],
	[9.5091, 4.6392]
  ]
]

MSE: 0.000000
=========================================================
          Learning params for data #17
=========================================================
Actual Params: [12 0.05343 0.08286 0.5858 25 0.5]
Predicted Params: [12 0.05343 0.08286 0.5858 25 0.4986]
Actual M:[
  [
	[5.7284, 5.4958],
	[6.5588, 8.5401],
	[6.2345, 8.9038],
	[9.34, 3.2521],
	[2.8307, 9.4678],
	[7.8749, 6.2447],
	[9.3456, 2.3799]
  ]
]

Predicted M:[
  [
	[5.7284, 5.4958],
	[6.5588, 8.5401],
	[6.2345, 8.9038],
	[9.34, 3.2521],
	[2.8307, 9.4678],
	[7.8749, 6.2447],
	[9.3456, 2.3799]
  ]
]

MSE: 0.000143
=========================================================
          Learning params for data #18
=========================================================
Actual Params: [2 0.04862 0.06087 0.645 25 0.5]
Predicted Params: [2 0.04862 0.06087 0.645 25 0.5087]
Actual M:[
  [
	[3.9215, 8.1814],
	[9.2509, 9.9148],
	[9.4784, 1.9415],
	[9.2887, 4.7221],
	[9.8083, 9.0449],
	[9.9732, 1.5008],
	[4.4744, 9.9755]
  ]
]

Predicted M:[
  [
	[3.9215, 8.1814],
	[9.2509, 9.9148],
	[9.4784, 1.9415],
	[9.2887, 4.7221],
	[9.8083, 9.0449],
	[9.9732, 1.5008],
	[4.4744, 9.9755]
  ]
]

MSE: 0.000000
=========================================================
          Learning params for data #19
=========================================================
Actual Params: [7 0.02624 0.03777 1.081 25 0.7]
Predicted Params: [7 0.02624 0.03777 1.081 25 0.5]
Actual M:[
  [
	[3.4858, 2.0341],
	[3.1407, 7.1582],
	[9.9357, 4.6344],
	[6.7253, 7.0769],
	[4.8348, 8.4144],
	[8.2337, 7.8457],
	[9.5714, 8.3616]
  ]
]

Predicted M:[
  [
	[3.4858, 2.0341],
	[3.1407, 7.1582],
	[9.9357, 4.6344],
	[6.7253, 7.0769],
	[4.8348, 8.4144],
	[8.2337, 7.8457],
	[9.5714, 8.3616]
  ]
]

MSE: 0.000000
=========================================================
          Learning params for data #20
=========================================================
Actual Params: [1 0.09946 0.003403 0.6461 25 0.7]
Predicted Params: [1 0.09946 0.003403 0.6461 25 0.7012]
Actual M:[
  [
	[7.0462, 6.842],
	[6.5248, 7.1893],
	[9.5644, 3.2777],
	[7.0687, 8.4085],
	[5.2912, 9.2523],
	[8.506, 4.6305],
	[8.9721, 7.0461]
  ]
]

Predicted M:[
  [
	[7.0462, 6.842],
	[6.5248, 7.1893],
	[9.5644, 3.2777],
	[7.0687, 8.4085],
	[5.2912, 9.2523],
	[8.506, 4.6305],
	[8.9721, 7.0461]
  ]
]

MSE: 0.000069
=========================================================
          Learning params for data #21
=========================================================
Actual Params: [9 0.02837 0.08435 0.1149 25 0.5]
Predicted Params: [9 0.02837 0.08435 0.1149 25 0.5041]
Actual M:[
  [
	[6.333, 5.11],
	[4.4881, 8.415],
	[8.3749, 8.1689],
	[6.7623, 9.1113],
	[7.5753, 9.3771],
	[8.0638, 9.1205],
	[1.5988, 9.8992]
  ]
]

Predicted M:[
  [
	[6.333, 5.11],
	[4.4881, 8.415],
	[8.3749, 8.1689],
	[6.7623, 9.1113],
	[7.5753, 9.3771],
	[8.0638, 9.1205],
	[1.5988, 9.8992]
  ]
]

MSE: 0.000072
=========================================================
          Learning params for data #22
=========================================================
Actual Params: [15 0.04387 0.09871 0.5941 25 0.3]
Predicted Params: [15 0.04387 0.09871 0.5941 25 0.296]
Actual M:[
  [
	[2.0382, 2.2879],
	[7.0042, 7.6557],
	[1.6246, 8.6008],
	[3.6711, 7.9045],
	[9.449, 5.0401],
	[5.2358, 9.8896],
	[7.339, 9.2323]
  ]
]

Predicted M:[
  [
	[2.0382, 2.2879],
	[7.0042, 7.6557],
	[1.6246, 8.6008],
	[3.6711, 7.9045],
	[9.449, 5.0401],
	[5.2358, 9.8896],
	[7.339, 9.2323]
  ]
]

MSE: 0.000015
=========================================================
          Learning params for data #23
=========================================================
Actual Params: [4 0.08297 0.06713 0.7185 25 0.5]
Predicted Params: [4 0.08297 0.06713 0.7185 25 0.4946]
Actual M:[
  [
	[2.2653, 2.6705],
	[8.7107, 6.6285],
	[4.9257, 8.6575],
	[8.5861, 9.3447],
	[2.4337, 9.9689],
	[4.8158, 9.5914],
	[9.4841, 5.1758]
  ]
]

Predicted M:[
  [
	[2.2653, 2.6705],
	[8.7107, 6.6285],
	[4.9257, 8.6575],
	[8.5861, 9.3447],
	[2.4337, 9.9689],
	[4.8158, 9.5914],
	[9.4841, 5.1758]
  ]
]

MSE: 0.000027
=========================================================
          Learning params for data #24
=========================================================
Actual Params: [11 0.03517 0.09679 0.6389 25 0.5]
Predicted Params: [11 0.03517 0.09679 0.6389 25 0.4995]
Actual M:[
  [
	[7.0746, 8.6313],
	[7.2616, 4.3578],
	[8.2877, 3.3281],
	[7.6877, 9.794],
	[7.9775, 8.0602],
	[9.8702, 7.6717],
	[4.0762, 9.8127]
  ]
]

Predicted M:[
  [
	[7.0746, 8.6313],
	[7.2616, 4.3578],
	[8.2877, 3.3281],
	[7.6877, 9.794],
	[7.9775, 8.0602],
	[9.8702, 7.6717],
	[4.0762, 9.8127]
  ]
]

MSE: 0.000232
=========================================================
          Learning params for data #25
=========================================================
Actual Params: [5 0.03102 0.08559 1.079 25 0.5]
Predicted Params: [5 0.03102 0.08559 1.079 25 0.5]
Actual M:[
  [
	[9.6875, 1.5492],
	[6.286, 7.3303],
	[8.5247, 7.4915],
	[8.6548, 5.1896],
	[4.7846, 8.8195],
	[9.529, 5.6695],
	[9.6702, 5.2458]
  ]
]

Predicted M:[
  [
	[9.6875, 1.5492],
	[6.286, 7.3303],
	[8.5247, 7.4915],
	[8.6548, 5.1896],
	[4.7846, 8.8195],
	[9.529, 5.6695],
	[9.6702, 5.2458]
  ]
]

MSE: 0.000056
=========================================================
          Learning params for data #26
=========================================================
Actual Params: [1 0.06905 0.02057 0.4837 25 0.3]
Predicted Params: [1 0.06905 0.02057 0.4837 25 0.2984]
Actual M:[
  [
	[4.3237, 1.042],
	[1.0827, 8.6667],
	[9.3133, 8.059],
	[9.1198, 8.4578],
	[6.4535, 9.4009],
	[1.5837, 9.7066],
	[6.7576, 9.1358]
  ]
]

Predicted M:[
  [
	[4.3237, 1.042],
	[1.0827, 8.6667],
	[9.3133, 8.059],
	[9.1198, 8.4578],
	[6.4535, 9.4009],
	[1.5837, 9.7066],
	[6.7576, 9.1358]
  ]
]

MSE: 0.000015
=========================================================
          Learning params for data #27
=========================================================
Actual Params: [5 0.0841 0.05255 0.3936 25 0.3]
Predicted Params: [5 0.0841 0.05255 0.3936 25 0.3058]
Actual M:[
  [
	[5.6349, 5.3186],
	[6.5719, 7.2315],
	[9.2024, 5.2796],
	[5.602, 9.5491],
	[7.7401, 6.641],
	[8.1579, 7.5],
	[9.1646, 8.0273]
  ]
]

Predicted M:[
  [
	[5.6349, 5.3186],
	[6.5719, 7.2315],
	[9.2024, 5.2796],
	[5.602, 9.5491],
	[7.7401, 6.641],
	[8.1579, 7.5],
	[9.1646, 8.0273]
  ]
]

MSE: 0.000164
=========================================================
          Learning params for data #28
=========================================================
Actual Params: [5 0.01053 0.007944 1.062 25 0.3]
Predicted Params: [5 0.01053 0.007944 1.062 25 0.3051]
Actual M:[
  [
	[3.7348, 4.4082],
	[2.9093, 6.0612],
	[3.4243, 7.5765],
	[9.1339, 7.9954],
	[9.7655, 5.2268],
	[9.8546, 4.3437],
	[5.79, 9.832]
  ]
]

Predicted M:[
  [
	[3.7348, 4.4082],
	[2.9093, 6.0612],
	[3.4243, 7.5765],
	[9.1339, 7.9954],
	[9.7655, 5.2268],
	[9.8546, 4.3437],
	[5.79, 9.832]
  ]
]

MSE: 0.000003
=========================================================
          Learning params for data #29
=========================================================
Actual Params: [3 0.05244 0.01157 0.416 25 0.7]
Predicted Params: [3 0.05244 0.01157 0.416 25 0.732]
Actual M:[
  [
	[2.931, 2.2043],
	[9.221, 4.3476],
	[4.0353, 9.6447],
	[6.2871, 8.5699],
	[9.3267, 9.512],
	[9.9802, 8.1416],
	[6.8074, 9.8763]
  ]
]

Predicted M:[
  [
	[2.931, 2.2043],
	[9.221, 4.3476],
	[4.0353, 9.6447],
	[6.2871, 8.5699],
	[9.3267, 9.512],
	[9.9802, 8.1416],
	[6.8074, 9.8763]
  ]
]

MSE: 0.000000
=========================================================
          Learning params for data #30
=========================================================
Actual Params: [10 0.08897 0.03681 0.9916 25 0.3]
Predicted Params: [10 0.08897 0.03681 0.9916 25 0.2916]
Actual M:[
  [
	[1.599, 4.6744],
	[7.4494, 4.8875],
	[7.0846, 7.47],
	[9.6903, 2.1303],
	[8.7008, 2.8225],
	[5.4288, 9.0374],
	[6.6794, 9.0949]
  ]
]

Predicted M:[
  [
	[1.599, 4.6744],
	[7.4494, 4.8875],
	[7.0846, 7.47],
	[9.6903, 2.1303],
	[8.7008, 2.8225],
	[5.4288, 9.0374],
	[6.6794, 9.0949]
  ]
]

MSE: 0.000002
=========================================================
          Learning params for data #31
=========================================================
Actual Params: [15 0.07069 0.04788 0.3225 25 0.3]
Predicted Params: [15 0.07069 0.04788 0.3225 25 0.2973]
Actual M:[
  [
	[3.963, 6.7967],
	[6.4799, 7.4346],
	[6.1167, 7.8548],
	[8.0993, 7.2252],
	[5.3508, 8.7192],
	[9.3499, 7.9704],
	[6.36, 9.3201]
  ]
]

Predicted M:[
  [
	[3.963, 6.7967],
	[6.4799, 7.4346],
	[6.1167, 7.8548],
	[8.0993, 7.2252],
	[5.3508, 8.7192],
	[9.3499, 7.9704],
	[6.36, 9.3201]
  ]
]

MSE: 0.000117
=========================================================
          Learning params for data #32
=========================================================
Actual Params: [12 0.01865 0.06053 0.688 25 0.3]
Predicted Params: [12 0.01865 0.06053 0.688 25 0.2973]
Actual M:[
  [
	[5.6297, 9.5051],
	[6.3316, 4.4831],
	[9.3402, 2.5908],
	[9.7498, 2.2622],
	[6.633, 7.9799],
	[7.128, 9.8688],
	[7.206, 9.8714]
  ]
]

Predicted M:[
  [
	[5.6297, 9.5051],
	[6.3316, 4.4831],
	[9.3402, 2.5908],
	[9.7498, 2.2622],
	[6.633, 7.9799],
	[7.128, 9.8688],
	[7.206, 9.8714]
  ]
]

MSE: 0.000001
=========================================================
          Learning params for data #33
=========================================================
Actual Params: [7 0.03684 0.0323 0.535 25 0.7]
Predicted Params: [7 0.03684 0.0323 0.535 25 0.6995]
Actual M:[
  [
	[6.7512, 8.0472],
	[2.157, 8.6588],
	[8.0899, 1.0556],
	[7.7977, 2.972],
	[7.6615, 4.3469],
	[7.7651, 8.9247],
	[8.6153, 9.306]
  ]
]

Predicted M:[
  [
	[6.7512, 8.0472],
	[2.157, 8.6588],
	[8.0899, 1.0556],
	[7.7977, 2.972],
	[7.6615, 4.3469],
	[7.7651, 8.9247],
	[8.6153, 9.306]
  ]
]

MSE: 0.000038
=========================================================
          Learning params for data #34
=========================================================
Actual Params: [6 0.06748 0.004324 0.1934 25 0.5]
Predicted Params: [6 0.06748 0.004324 0.1934 25 0.5011]
Actual M:[
  [
	[7.0796, 1.4711],
	[2.7602, 6.2439],
	[9.0221, 1.3085],
	[6.1923, 4.0947],
	[5.2135, 7.7163],
	[3.6111, 8.5439],
	[9.3032, 4.3493]
  ]
]

Predicted M:[
  [
	[7.0796, 1.4711],
	[2.7602, 6.2439],
	[9.0221, 1.3085],
	[6.1923, 4.0947],
	[5.2135, 7.7163],
	[3.6111, 8.5439],
	[9.3032, 4.3493]
  ]
]

MSE: 0.000070
=========================================================
          Learning params for data #35
=========================================================
Actual Params: [13 0.02755 0.004393 0.5296 25 0.7]
Predicted Params: [13 0.02755 0.004393 0.5296 25 0.698]
Actual M:[
  [
	[4.1101, 9.6223],
	[7.4163, 4.7479],
	[4.3945, 8.8999],
	[9.3268, 2.996],
	[2.3811, 9.9198],
	[5.2245, 6.1824],
	[9.9379, 5.9443]
  ]
]

Predicted M:[
  [
	[4.1101, 9.6223],
	[7.4163, 4.7479],
	[4.3945, 8.8999],
	[9.3268, 2.996],
	[2.3811, 9.9198],
	[5.2245, 6.1824],
	[9.9379, 5.9443]
  ]
]

MSE: 0.000046
=========================================================
          Learning params for data #36
=========================================================
Actual Params: [6 0.002279 0.03111 0.3082 25 0.3]
Predicted Params: [6 0.002279 0.03111 0.3082 25 0.3012]
Actual M:[
  [
	[4.9922, 5.5575],
	[8.5112, 4.0616],
	[7.0825, 7.0551],
	[5.4498, 8.9657],
	[9.368, 9.651],
	[9.9452, 6.5822],
	[9.6843, 7.8177]
  ]
]

Predicted M:[
  [
	[4.9922, 5.5575],
	[8.5112, 4.0616],
	[7.0825, 7.0551],
	[5.4498, 8.9657],
	[9.368, 9.651],
	[9.9452, 6.5822],
	[9.6843, 7.8177]
  ]
]

MSE: 0.000010
=========================================================
          Learning params for data #37
=========================================================
Actual Params: [6 0.02996 0.07879 0.793 25 0.5]
Predicted Params: [6 0.02996 0.07879 0.793 25 0.5]
Actual M:[
  [
	[7.3226, 1.0139],
	[1.95, 4.5793],
	[4.4252, 5.4329],
	[8.9543, 5.2756],
	[8.173, 6.9924],
	[6.1537, 9.4253],
	[9.8322, 8.3312]
  ]
]

Predicted M:[
  [
	[7.3226, 1.0139],
	[1.95, 4.5793],
	[4.4252, 5.4329],
	[8.9543, 5.2756],
	[8.173, 6.9924],
	[6.1537, 9.4253],
	[9.8322, 8.3312]
  ]
]

MSE: 0.000000
=========================================================
          Learning params for data #38
=========================================================
Actual Params: [4 0.02679 0.01392 0.2494 25 0.3]
Predicted Params: [4 0.02679 0.01392 0.2494 25 0.3045]
Actual M:[
  [
	[6.7732, 3.9477],
	[8.5108, 4.847],
	[9.7601, 2.9693],
	[4.7732, 5.7101],
	[9.6633, 4.7853],
	[7.0004, 6.2155],
	[6.0976, 6.9743]
  ]
]

Predicted M:[
  [
	[6.7732, 3.9477],
	[8.5108, 4.847],
	[9.7601, 2.9693],
	[4.7732, 5.7101],
	[9.6633, 4.7853],
	[7.0004, 6.2155],
	[6.0976, 6.9743]
  ]
]

MSE: 0.000029
=========================================================
          Learning params for data #39
=========================================================
Actual Params: [3 0.01185 0.0731 0.6606 25 0.7]
Predicted Params: [3 0.01185 0.0731 0.6606 25 0.701]
Actual M:[
  [
	[1.3511, 3.9689],
	[6.5259, 1.8517],
	[6.5167, 6.9786],
	[3.6522, 8.5585],
	[7.7315, 3.4272],
	[7.4941, 9.9116],
	[9.9499, 4.8838]
  ]
]

Predicted M:[
  [
	[1.3511, 3.9689],
	[6.5259, 1.8517],
	[6.5167, 6.9786],
	[3.6522, 8.5585],
	[7.7315, 3.4272],
	[7.4941, 9.9116],
	[9.9499, 4.8838]
  ]
]

MSE: 0.000032
=========================================================
          Learning params for data #40
=========================================================
Actual Params: [10 0.05603 0.09408 1.082 25 0.5]
Predicted Params: [10 0.05603 0.09408 1.082 25 0.4988]
Actual M:[
  [
	[3.0637, 6.829],
	[5.1599, 3.6196],
	[4.4404, 8.5721],
	[9.618, 3.3392],
	[9.9709, 3.9497],
	[6.9084, 8.7692],
	[9.2251, 5.1281]
  ]
]

Predicted M:[
  [
	[3.0637, 6.829],
	[5.1599, 3.6196],
	[4.4404, 8.5721],
	[9.618, 3.3392],
	[9.9709, 3.9497],
	[6.9084, 8.7692],
	[9.2251, 5.1281]
  ]
]

MSE: 0.000005
=========================================================
          Learning params for data #41
=========================================================
Actual Params: [8 0.03832 0.08093 0.7068 25 0.5]
Predicted Params: [8 0.03832 0.08093 0.7068 25 0.5022]
Actual M:[
  [
	[6.6458, 3.5415],
	[8.6132, 2.4813],
	[7.1783, 9.044],
	[9.6967, 1.9649],
	[9.9606, 8.3526],
	[8.2237, 9.2555],
	[4.765, 9.8345]
  ]
]

Predicted M:[
  [
	[6.6458, 3.5415],
	[8.6132, 2.4813],
	[7.1783, 9.044],
	[9.6967, 1.9649],
	[9.9606, 8.3526],
	[8.2237, 9.2555],
	[4.765, 9.8345]
  ]
]

MSE: 0.000013
=========================================================
          Learning params for data #42
=========================================================
Actual Params: [7 0.06589 0.04427 0.5506 25 0.5]
Predicted Params: [7 0.06589 0.04427 0.5506 25 0.5071]
Actual M:[
  [
	[5.0873, 3.944],
	[9.5747, 3.9229],
	[5.9729, 4.1682],
	[4.8313, 4.6529],
	[8.2596, 4.8914],
	[4.1086, 6.1343],
	[4.8294, 9.2119]
  ]
]

Predicted M:[
  [
	[5.0873, 3.944],
	[9.5747, 3.9229],
	[5.9729, 4.1682],
	[4.8313, 4.6529],
	[8.2596, 4.8914],
	[4.1086, 6.1343],
	[4.8294, 9.2119]
  ]
]

MSE: 0.000008
=========================================================
          Learning params for data #43
=========================================================
Actual Params: [1 0.05214 0.03251 0.8618 25 0.7]
Predicted Params: [1 0.05214 0.03251 0.8618 25 0.6994]
Actual M:[
  [
	[8.5132, 5.5455],
	[9.9272, 7.5108],
	[8.2112, 7.9004],
	[4.2212, 9.4164],
	[8.0858, 9.2664],
	[8.2824, 7.5253],
	[8.2659, 8.0331]
  ]
]

Predicted M:[
  [
	[8.5132, 5.5455],
	[9.9272, 7.5108],
	[8.2112, 7.9004],
	[4.2212, 9.4164],
	[8.0858, 9.2664],
	[8.2824, 7.5253],
	[8.2659, 8.0331]
  ]
]

MSE: 0.000013
=========================================================
          Learning params for data #44
=========================================================
Actual Params: [7 0.0545 0.04747 0.7628 25 0.7]
Predicted Params: [7 0.0545 0.04747 0.7628 25 0.7021]
Actual M:[
  [
	[4.2357, 3.881],
	[8.6526, 8.0661],
	[9.8153, 2.4401],
	[7.7244, 8.7623],
	[9.9062, 1.5368],
	[5.9399, 9.988],
	[9.7973, 5.3713]
  ]
]

Predicted M:[
  [
	[4.2357, 3.881],
	[8.6526, 8.0661],
	[9.8153, 2.4401],
	[7.7244, 8.7623],
	[9.9062, 1.5368],
	[5.9399, 9.988],
	[9.7973, 5.3713]
  ]
]

MSE: 0.000072
=========================================================
          Learning params for data #45
=========================================================
Actual Params: [5 0.01565 0.01329 0.7568 25 0.3]
Predicted Params: [5 0.01565 0.01329 0.7568 25 0.301]
Actual M:[
  [
	[3.0078, 8.0237],
	[8.0096, 6.5501],
	[2.3239, 9.2989],
	[5.8951, 9.993],
	[9.7972, 2.573],
	[9.593, 9.8733],
	[9.9381, 9.0775]
  ]
]

Predicted M:[
  [
	[3.0078, 8.0237],
	[8.0096, 6.5501],
	[2.3239, 9.2989],
	[5.8951, 9.993],
	[9.7972, 2.573],
	[9.593, 9.8733],
	[9.9381, 9.0775]
  ]
]

MSE: 0.000001
=========================================================
          Learning params for data #46
=========================================================
Actual Params: [3 0.04861 0.04716 0.7785 25 0.7]
Predicted Params: [3 0.04861 0.04716 0.7785 25 0.7019]
Actual M:[
  [
	[6.4547, 9.6189],
	[9.7511, 2.7111],
	[7.3027, 7.0788],
	[7.4966, 5.6011],
	[8.7029, 6.3759],
	[3.6162, 9.7549],
	[9.8502, 6.2803]
  ]
]

Predicted M:[
  [
	[6.4547, 9.6189],
	[9.7511, 2.7111],
	[7.3027, 7.0788],
	[7.4966, 5.6011],
	[8.7029, 6.3759],
	[3.6162, 9.7549],
	[9.8502, 6.2803]
  ]
]

MSE: 0.000067
=========================================================
          Learning params for data #47
=========================================================
Actual Params: [8 0.09759 0.03668 1.041 25 0.3]
Predicted Params: [8 0.09759 0.03668 1.041 25 0.2975]
Actual M:[
  [
	[5.9665, 5.4644],
	[1.5118, 9.7402],
	[8.5595, 8.9876],
	[9.2773, 2.7938],
	[7.5569, 9.9144],
	[9.7015, 1.2321],
	[9.9837, 3.5234]
  ]
]

Predicted M:[
  [
	[5.9665, 5.4644],
	[1.5118, 9.7402],
	[8.5595, 8.9876],
	[9.2773, 2.7938],
	[7.5569, 9.9144],
	[9.7015, 1.2321],
	[9.9837, 3.5234]
  ]
]

MSE: 0.000002
=========================================================
          Learning params for data #48
=========================================================
Actual Params: [9 0.004546 0.03597 0.9204 25 0.3]
Predicted Params: [9 0.004546 0.03597 0.9204 25 0.2985]
Actual M:[
  [
	[4.9228, 3.5704],
	[3.7284, 3.6777],
	[2.9319, 9.2539],
	[5.1351, 6.5313],
	[6.2933, 3.979],
	[9.3033, 5.8492],
	[9.6153, 6.6198]
  ]
]

Predicted M:[
  [
	[4.9228, 3.5704],
	[3.7284, 3.6777],
	[2.9319, 9.2539],
	[5.1351, 6.5313],
	[6.2933, 3.979],
	[9.3033, 5.8492],
	[9.6153, 6.6198]
  ]
]

MSE: 0.000065
=========================================================
          Learning params for data #49
=========================================================
Actual Params: [2 0.08807 0.05316 0.143 25 0.7]
Predicted Params: [2 0.08807 0.05316 0.143 25 0.7023]
Actual M:[
  [
	[4.7146, 8.5282],
	[6.4567, 6.0551],
	[9.6923, 6.3128],
	[5.9803, 7.7245],
	[6.4427, 9.2242],
	[8.6852, 9.0797],
	[9.6475, 6.5634]
  ]
]

Predicted M:[
  [
	[4.7146, 8.5282],
	[6.4567, 6.0551],
	[9.6923, 6.3128],
	[5.9803, 7.7245],
	[6.4427, 9.2242],
	[8.6852, 9.0797],
	[9.6475, 6.5634]
  ]
]

MSE: 0.000023
=========================================================
          Learning params for data #50
=========================================================
Actual Params: [12 0.06093 0.0628 0.9274 25 0.7]
Predicted Params: [12 0.06093 0.0628 0.9274 25 0.6989]
Actual M:[
  [
	[1.0768, 5.4485],
	[8.2173, 9.2947],
	[9.6219, 5.4722],
	[1.4725, 9.4927],
	[6.0458, 9.8974],
	[9.8867, 4.091],
	[1.8991, 9.9289]
  ]
]

Predicted M:[
  [
	[1.0768, 5.4485],
	[8.2173, 9.2947],
	[9.6219, 5.4722],
	[1.4725, 9.4927],
	[6.0458, 9.8974],
	[9.8867, 4.091],
	[1.8991, 9.9289]
  ]
]

MSE: 0.000037


MSE list: [1.645e-05 4.753e-06 3.88e-06 3.02e-06 1.933e-07 2.675e-05 0 0.0002546 7.713e-06 3.203e-05 4.867e-06 4.702e-05 4.273e-06 5.233e-06 1.701e-05 6e-08 0.0001429 0 1.067e-07 6.899e-05 7.181e-05 1.499e-05 2.683e-05 0.0002321 5.631e-05 1.515e-05 0.0001637 3.173e-06 6e-08 2.34e-06 0.0001171 6.733e-07 3.835e-05 7.007e-05 4.585e-05 1.047e-05 0 2.915e-05 3.207e-05 4.753e-06 1.291e-05 8.167e-06 1.289e-05 7.185e-05 6.4e-07 6.711e-05 2.16e-06 6.543e-05 2.259e-05 3.689e-05]
MSE mean: 0.000038
MSE std: 0.000056
Time elapsed: 118.396479
