set_nopts10_ncomb1_nproblem50_no10
Ns: 5000
=========================================================
          Learning params for data #1
=========================================================
Actual Params: [2 0.07005 0.02724 0.7575 25 0.3]
Predicted Params: [2 0.07005 0.02724 0.7575 25 0.2973]
Actual M:[
  [
	[1.6685, 8.2573],
	[5.4604, 7.4014],
	[5.7393, 9.0463],
	[7.1185, 7.6387],
	[8.2548, 6.5764],
	[6.2653, 8.5994],
	[7.5704, 9.662],
	[9.0056, 9.0283],
	[9.3297, 9.4615],
	[9.8702, 3.0944]
  ]
]

Predicted M:[
  [
	[1.6685, 8.2573],
	[5.4604, 7.4014],
	[5.7393, 9.0463],
	[7.1185, 7.6387],
	[8.2548, 6.5764],
	[6.2653, 8.5994],
	[7.5704, 9.662],
	[9.0056, 9.0283],
	[9.3297, 9.4615],
	[9.8702, 3.0944]
  ]
]

MSE: 0.000017
=========================================================
          Learning params for data #2
=========================================================
Actual Params: [11 0.02 0.08372 0.1195 25 0.7]
Predicted Params: [11 0.02 0.08372 0.1195 25 0.6991]
Actual M:[
  [
	[8.4909, 2.0894],
	[2.7724, 4.4992],
	[2.6793, 6.4241],
	[6.2513, 8.5864],
	[9.7747, 7.7984],
	[6.1286, 9.0255],
	[9.1146, 9.5581],
	[4.7945, 9.915],
	[6.9702, 9.5886],
	[9.9773, 3.0022]
  ]
]

Predicted M:[
  [
	[8.4909, 2.0894],
	[2.7724, 4.4992],
	[2.6793, 6.4241],
	[6.2513, 8.5864],
	[9.7747, 7.7984],
	[6.1286, 9.0255],
	[9.1146, 9.5581],
	[4.7945, 9.915],
	[6.9702, 9.5886],
	[9.9773, 3.0022]
  ]
]

MSE: 0.000771
=========================================================
          Learning params for data #3
=========================================================
Actual Params: [6 0.0129 0.07696 0.9918 25 0.7]
Predicted Params: [6 0.0129 0.07696 0.9918 25 0.6651]
Actual M:[
  [
	[3.6944, 4.3913],
	[5.5517, 4.1908],
	[9.007, 2.9946],
	[7.9077, 4.378],
	[6.7294, 6.9548],
	[8.3362, 6.0898],
	[9.1126, 1.3285],
	[1.8309, 8.1979],
	[9.617, 5.912],
	[9.7404, 2.1924]
  ]
]

Predicted M:[
  [
	[3.6944, 4.3913],
	[5.5517, 4.1908],
	[9.007, 2.9946],
	[7.9077, 4.378],
	[6.7294, 6.9548],
	[8.3362, 6.0898],
	[9.1126, 1.3285],
	[1.8309, 8.1979],
	[9.617, 5.912],
	[9.7404, 2.1924]
  ]
]

MSE: 0.000029
=========================================================
          Learning params for data #4
=========================================================
Actual Params: [5 0.06178 0.05832 0.1975 25 0.5]
Predicted Params: [5 0.06178 0.05832 0.1975 25 0.5079]
Actual M:[
  [
	[9.8167, 4.4254],
	[3.5295, 8.7635],
	[9.8802, 2.8992],
	[4.5899, 5.8014],
	[5.2604, 7.3243],
	[9.7369, 9.8722],
	[9.8767, 5.6563],
	[9.9574, 9.8045],
	[1.4688, 9.9958],
	[4.1227, 9.9592]
  ]
]

Predicted M:[
  [
	[9.8167, 4.4254],
	[3.5295, 8.7635],
	[9.8802, 2.8992],
	[4.5899, 5.8014],
	[5.2604, 7.3243],
	[9.7369, 9.8722],
	[9.8767, 5.6563],
	[9.9574, 9.8045],
	[1.4688, 9.9958],
	[4.1227, 9.9592]
  ]
]

MSE: 0.000002
=========================================================
          Learning params for data #5
=========================================================
Actual Params: [6 0.05952 0.02486 0.4546 25 0.5]
Predicted Params: [6 0.05952 0.02486 0.4546 25 0.5]
Actual M:[
  [
	[6.4521, 8.7375],
	[7.4583, 5.9005],
	[1.4508, 9.6027],
	[9.7206, 9.4731],
	[7.4119, 9.4937],
	[7.7819, 9.7175],
	[2.9124, 9.8671],
	[9.9962, 4.2694],
	[1.3775, 9.885],
	[9.8938, 5.4486]
  ]
]

Predicted M:[
  [
	[6.4521, 8.7375],
	[7.4583, 5.9005],
	[1.4508, 9.6027],
	[9.7206, 9.4731],
	[7.4119, 9.4937],
	[7.7819, 9.7175],
	[2.9124, 9.8671],
	[9.9962, 4.2694],
	[1.3775, 9.885],
	[9.8938, 5.4486]
  ]
]

MSE: 0.000000
=========================================================
          Learning params for data #6
=========================================================
Actual Params: [8 0.06811 0.08505 0.617 25 0.7]
Predicted Params: [8 0.06811 0.08505 0.617 25 0.7002]
Actual M:[
  [
	[9.0518, 7.9557],
	[3.9774, 8.5984],
	[9.7152, 6.252],
	[6.7838, 9.5749],
	[4.4686, 9.9222],
	[7.0585, 8.7743],
	[8.9049, 8.0234],
	[9.9963, 6.9916],
	[7.1596, 9.1205],
	[8.8106, 8.5492]
  ]
]

Predicted M:[
  [
	[9.0518, 7.9557],
	[3.9774, 8.5984],
	[9.7152, 6.252],
	[6.7838, 9.5749],
	[4.4686, 9.9222],
	[7.0585, 8.7743],
	[8.9049, 8.0234],
	[9.9963, 6.9916],
	[7.1596, 9.1205],
	[8.8106, 8.5492]
  ]
]

MSE: 0.000027
=========================================================
          Learning params for data #7
=========================================================
Actual Params: [7 0.07615 0.04901 0.5123 25 0.7]
Predicted Params: [7 0.07615 0.04901 0.5123 25 0.6598]
Actual M:[
  [
	[1.9079, 7.2609],
	[4.9769, 2.9057],
	[6.048, 4.5908],
	[9.5542, 5.0251],
	[3.4782, 6.3197],
	[6.7587, 6.1658],
	[4.6726, 6.1834],
	[7.0236, 5.1859],
	[5.5364, 6.6706],
	[9.9602, 5.4601]
  ]
]

Predicted M:[
  [
	[1.9079, 7.2609],
	[4.9769, 2.9057],
	[6.048, 4.5908],
	[9.5542, 5.0251],
	[3.4782, 6.3197],
	[6.7587, 6.1658],
	[4.6726, 6.1834],
	[7.0236, 5.1859],
	[5.5364, 6.6706],
	[9.9602, 5.4601]
  ]
]

MSE: 0.000000
=========================================================
          Learning params for data #8
=========================================================
Actual Params: [10 0.03969 0.07003 0.7172 25 0.5]
Predicted Params: [10 0.03969 0.07003 0.7172 25 0.4989]
Actual M:[
  [
	[3.5061, 1.7795],
	[1.5531, 4.7652],
	[9.9751, 5.3909],
	[1.5239, 9.4056],
	[6.8812, 6.7611],
	[3.9954, 7.4352],
	[9.7892, 9.5581],
	[9.9475, 8.6895],
	[1.4845, 9.6735],
	[6.6535, 9.7742]
  ]
]

Predicted M:[
  [
	[3.5061, 1.7795],
	[1.5531, 4.7652],
	[9.9751, 5.3909],
	[1.5239, 9.4056],
	[6.8812, 6.7611],
	[3.9954, 7.4352],
	[9.7892, 9.5581],
	[9.9475, 8.6895],
	[1.4845, 9.6735],
	[6.6535, 9.7742]
  ]
]

MSE: 0.000028
=========================================================
          Learning params for data #9
=========================================================
Actual Params: [10 0.007148 0.02359 0.7958 25 0.7]
Predicted Params: [10 0.007148 0.02359 0.7958 25 0.6953]
Actual M:[
  [
	[5.6313, 9.132],
	[6.7173, 9.2874],
	[7.3457, 1.7062],
	[8.8559, 8.2977],
	[6.8414, 9.5261],
	[9.8847, 8.7136],
	[1.6184, 9.7514],
	[8.5061, 9.6843],
	[8.8022, 8.7266],
	[9.2861, 9.9113]
  ]
]

Predicted M:[
  [
	[5.6313, 9.132],
	[6.7173, 9.2874],
	[7.3457, 1.7062],
	[8.8559, 8.2977],
	[6.8414, 9.5261],
	[9.8847, 8.7136],
	[1.6184, 9.7514],
	[8.5061, 9.6843],
	[8.8022, 8.7266],
	[9.2861, 9.9113]
  ]
]

MSE: 0.000641
=========================================================
          Learning params for data #10
=========================================================
Actual Params: [3 0.083 0.0622 0.7263 25 0.7]
Predicted Params: [3 0.083 0.0622 0.7263 25 0.6982]
Actual M:[
  [
	[9.5279, 7.7649],
	[9.1345, 9.2104],
	[9.5783, 3.4269],
	[9.3885, 8.4677],
	[9.8058, 2.1562],
	[1.584, 9.3354],
	[5.4236, 9.3851],
	[1.6455, 9.8054],
	[6.321, 9.5197],
	[7.9198, 9.496]
  ]
]

Predicted M:[
  [
	[9.5279, 7.7649],
	[9.1345, 9.2104],
	[9.5783, 3.4269],
	[9.3885, 8.4677],
	[9.8058, 2.1562],
	[1.584, 9.3354],
	[5.4236, 9.3851],
	[1.6455, 9.8054],
	[6.321, 9.5197],
	[7.9198, 9.496]
  ]
]

MSE: 0.000858
=========================================================
          Learning params for data #11
=========================================================
Actual Params: [5 0.01647 0.05123 0.6793 25 0.5]
Predicted Params: [5 0.01647 0.05123 0.6793 25 0.5044]
Actual M:[
  [
	[1.1739, 7.4908],
	[5.4107, 9.9781],
	[9.3598, 1.3704],
	[9.6829, 6.2186],
	[9.345, 9.1412],
	[6.9325, 9.9827],
	[9.9433, 7.6059],
	[7.9419, 9.5443],
	[9.5085, 8.4792],
	[9.5402, 8.4023]
  ]
]

Predicted M:[
  [
	[1.1739, 7.4908],
	[5.4107, 9.9781],
	[9.3598, 1.3704],
	[9.6829, 6.2186],
	[9.345, 9.1412],
	[6.9325, 9.9827],
	[9.9433, 7.6059],
	[7.9419, 9.5443],
	[9.5085, 8.4792],
	[9.5402, 8.4023]
  ]
]

MSE: 0.000331
=========================================================
          Learning params for data #12
=========================================================
Actual Params: [12 0.06297 0.005652 0.7397 25 0.7]
Predicted Params: [12 0.06297 0.005652 0.7397 25 0.5]
Actual M:[
  [
	[5.7361, 6.1283],
	[5.0635, 6.9172],
	[5.9522, 2.6817],
	[6.2708, 5.1415],
	[6.1844, 8.1804],
	[7.0042, 1.472],
	[9.4471, 3.994],
	[1.9848, 9.0706],
	[7.8686, 5.162],
	[9.3256, 9.8703]
  ]
]

Predicted M:[
  [
	[5.7361, 6.1283],
	[5.0635, 6.9172],
	[5.9522, 2.6817],
	[6.2708, 5.1415],
	[6.1844, 8.1804],
	[7.0042, 1.472],
	[9.4471, 3.994],
	[1.9848, 9.0706],
	[7.8686, 5.162],
	[9.3256, 9.8703]
  ]
]

MSE: 0.000001
=========================================================
          Learning params for data #13
=========================================================
Actual Params: [9 0.0904 0.08417 1.014 25 0.3]
Predicted Params: [9 0.0904 0.08417 1.014 25 0.2973]
Actual M:[
  [
	[4.4039, 7.0194],
	[2.6014, 9.2374],
	[9.2986, 7.807],
	[6.3252, 9.4507],
	[8.6733, 9.8172],
	[9.5818, 5.0624],
	[4.6505, 9.9488],
	[9.6745, 4.2164],
	[9.7635, 5.2791],
	[9.9465, 2.5678]
  ]
]

Predicted M:[
  [
	[4.4039, 7.0194],
	[2.6014, 9.2374],
	[9.2986, 7.807],
	[6.3252, 9.4507],
	[8.6733, 9.8172],
	[9.5818, 5.0624],
	[4.6505, 9.9488],
	[9.6745, 4.2164],
	[9.7635, 5.2791],
	[9.9465, 2.5678]
  ]
]

MSE: 0.000022
=========================================================
          Learning params for data #14
=========================================================
Actual Params: [11 0.09143 0.04488 0.1849 25 0.5]
Predicted Params: [11 0.09143 0.04488 0.1849 25 0.5]
Actual M:[
  [
	[3.8031, 3.1986],
	[4.3248, 5.9924],
	[1.9559, 8.1976],
	[8.2957, 5.3228],
	[1.3159, 9.8588],
	[7.5675, 6.7654],
	[5.932, 7.5807],
	[8.568, 4.1874],
	[9.3202, 9.9375],
	[9.5412, 8.0998]
  ]
]

Predicted M:[
  [
	[3.8031, 3.1986],
	[4.3248, 5.9924],
	[1.9559, 8.1976],
	[8.2957, 5.3228],
	[1.3159, 9.8588],
	[7.5675, 6.7654],
	[5.932, 7.5807],
	[8.568, 4.1874],
	[9.3202, 9.9375],
	[9.5412, 8.0998]
  ]
]

MSE: 0.000000
=========================================================
          Learning params for data #15
=========================================================
Actual Params: [13 0.0885 0.01995 0.5415 25 0.5]
Predicted Params: [13 0.0885 0.01995 0.5415 25 0.5078]
Actual M:[
  [
	[2.8577, 9.9505],
	[8.5547, 8.2022],
	[5.1826, 8.8281],
	[9.4239, 3.0396],
	[9.1093, 6.0832],
	[9.3047, 5.9488],
	[8.0771, 8.308],
	[3.1827, 9.7915],
	[8.8841, 8.1002],
	[5.7307, 9.0936]
  ]
]

Predicted M:[
  [
	[2.8577, 9.9505],
	[8.5547, 8.2022],
	[5.1826, 8.8281],
	[9.4239, 3.0396],
	[9.1093, 6.0832],
	[9.3047, 5.9488],
	[8.0771, 8.308],
	[3.1827, 9.7915],
	[8.8841, 8.1002],
	[5.7307, 9.0936]
  ]
]

MSE: 0.000035
=========================================================
          Learning params for data #16
=========================================================
Actual Params: [9 0.08173 0.02808 0.7464 25 0.5]
Predicted Params: [9 0.08173 0.02808 0.7464 25 0.5]
Actual M:[
  [
	[9.5955, 8.6153],
	[9.8575, 4.6622],
	[4.8726, 9.7595],
	[8.229, 9.5283],
	[5.9043, 9.6198],
	[1.8906, 9.9614],
	[8.9109, 9.122],
	[9.817, 8.3563],
	[9.9479, 8.6882],
	[7.2767, 9.7104]
  ]
]

Predicted M:[
  [
	[9.5955, 8.6153],
	[9.8575, 4.6622],
	[4.8726, 9.7595],
	[8.229, 9.5283],
	[5.9043, 9.6198],
	[1.8906, 9.9614],
	[8.9109, 9.122],
	[9.817, 8.3563],
	[9.9479, 8.6882],
	[7.2767, 9.7104]
  ]
]

MSE: 0.000058
=========================================================
          Learning params for data #17
=========================================================
Actual Params: [12 0.01358 0.04471 0.5203 25 0.5]
Predicted Params: [12 0.01358 0.04471 0.5203 25 0.4989]
Actual M:[
  [
	[5.5005, 2.3789],
	[9.2894, 1.8058],
	[6.2593, 5.6316],
	[8.3516, 5.9563],
	[7.6116, 7.5064],
	[2.1479, 9.9215],
	[8.5541, 1.9816],
	[9.841, 3.1935],
	[2.8614, 7.6156],
	[8.9521, 7.3971]
  ]
]

Predicted M:[
  [
	[5.5005, 2.3789],
	[9.2894, 1.8058],
	[6.2593, 5.6316],
	[8.3516, 5.9563],
	[7.6116, 7.5064],
	[2.1479, 9.9215],
	[8.5541, 1.9816],
	[9.841, 3.1935],
	[2.8614, 7.6156],
	[8.9521, 7.3971]
  ]
]

MSE: 0.000004
=========================================================
          Learning params for data #18
=========================================================
Actual Params: [1 0.004821 0.04458 0.184 25 0.3]
Predicted Params: [1 0.004821 0.04458 0.184 25 0.5]
Actual M:[
  [
	[1.817, 9.949],
	[3.7741, 6.7926],
	[7.174, 6.5356],
	[8.031, 9.3934],
	[8.9673, 5.4937],
	[3.0242, 9.4059],
	[9.6284, 4.4759],
	[8.3264, 7.0701],
	[9.5504, 9.4638],
	[5.577, 9.6068]
  ]
]

Predicted M:[
  [
	[1.817, 9.949],
	[3.7741, 6.7926],
	[7.174, 6.5356],
	[8.031, 9.3934],
	[8.9673, 5.4937],
	[3.0242, 9.4059],
	[9.6284, 4.4759],
	[8.3264, 7.0701],
	[9.5504, 9.4638],
	[5.577, 9.6068]
  ]
]

MSE: 0.000017
=========================================================
          Learning params for data #19
=========================================================
Actual Params: [14 0.04906 0.06451 1.071 25 0.7]
Predicted Params: [14 0.04906 0.06451 1.071 25 0.7071]
Actual M:[
  [
	[5.6314, 4.4184],
	[7.0978, 3.306],
	[1.9255, 7.6404],
	[8.3288, 2.1229],
	[8.0269, 4.8955],
	[1.8704, 9.0682],
	[6.0313, 9.211],
	[7.8207, 8.4231],
	[8.2706, 6.2328],
	[9.8898, 6.0989]
  ]
]

Predicted M:[
  [
	[5.6314, 4.4184],
	[7.0978, 3.306],
	[1.9255, 7.6404],
	[8.3288, 2.1229],
	[8.0269, 4.8955],
	[1.8704, 9.0682],
	[6.0313, 9.211],
	[7.8207, 8.4231],
	[8.2706, 6.2328],
	[9.8898, 6.0989]
  ]
]

MSE: 0.000136
=========================================================
          Learning params for data #20
=========================================================
Actual Params: [4 0.09398 0.02501 0.4412 25 0.7]
Predicted Params: [4 0.09398 0.02501 0.4412 25 0.701]
Actual M:[
  [
	[2.0013, 9.2062],
	[2.585, 7.4065],
	[4.8147, 6.9694],
	[7.8789, 8.7119],
	[9.1845, 8.2003],
	[9.5644, 5.9437],
	[1.56, 9.2884],
	[4.4813, 9.9502],
	[4.4882, 9.3092],
	[8.1405, 8.294]
  ]
]

Predicted M:[
  [
	[2.0013, 9.2062],
	[2.585, 7.4065],
	[4.8147, 6.9694],
	[7.8789, 8.7119],
	[9.1845, 8.2003],
	[9.5644, 5.9437],
	[1.56, 9.2884],
	[4.4813, 9.9502],
	[4.4882, 9.3092],
	[8.1405, 8.294]
  ]
]

MSE: 0.000004
=========================================================
          Learning params for data #21
=========================================================
Actual Params: [8 0.03407 0.01997 0.1008 25 0.3]
Predicted Params: [8 0.03407 0.01997 0.1008 25 0.2975]
Actual M:[
  [
	[6.0023, 6.1016],
	[1.4107, 9.5914],
	[9.8514, 4.6054],
	[9.9971, 8.5821],
	[8.2208, 9.6674],
	[3.2755, 9.959],
	[9.37, 9.5749],
	[4.9979, 9.7154],
	[8.2754, 9.7052],
	[6.1901, 9.732]
  ]
]

Predicted M:[
  [
	[6.0023, 6.1016],
	[1.4107, 9.5914],
	[9.8514, 4.6054],
	[9.9971, 8.5821],
	[8.2208, 9.6674],
	[3.2755, 9.959],
	[9.37, 9.5749],
	[4.9979, 9.7154],
	[8.2754, 9.7052],
	[6.1901, 9.732]
  ]
]

MSE: 0.000004
=========================================================
          Learning params for data #22
=========================================================
Actual Params: [8 0.05776 0.02502 0.9409 25 0.7]
Predicted Params: [8 0.05776 0.02502 0.9409 25 0.7002]
Actual M:[
  [
	[2.9821, 5.2043],
	[4.1424, 3.9794],
	[9.911, 3.8408],
	[8.9114, 8.148],
	[1.6277, 9.0767],
	[3.4205, 9.999],
	[9.4209, 6.6902],
	[9.6641, 7.5324],
	[4.56, 9.7721],
	[5.2413, 8.212]
  ]
]

Predicted M:[
  [
	[2.9821, 5.2043],
	[4.1424, 3.9794],
	[9.911, 3.8408],
	[8.9114, 8.148],
	[1.6277, 9.0767],
	[3.4205, 9.999],
	[9.4209, 6.6902],
	[9.6641, 7.5324],
	[4.56, 9.7721],
	[5.2413, 8.212]
  ]
]

MSE: 0.000015
=========================================================
          Learning params for data #23
=========================================================
Actual Params: [7 0.01955 0.03894 0.7463 25 0.7]
Predicted Params: [7 0.01955 0.03894 0.7463 25 0.5087]
Actual M:[
  [
	[9.239, 9.1892],
	[9.6212, 1.1978],
	[8.508, 9.4403],
	[9.6462, 6.4222],
	[9.908, 5.9169],
	[9.6019, 9.4483],
	[9.6142, 6.801],
	[2.6149, 9.936],
	[9.8673, 6.026],
	[6.8536, 9.5481]
  ]
]

Predicted M:[
  [
	[9.239, 9.1892],
	[9.6212, 1.1978],
	[8.508, 9.4403],
	[9.6462, 6.4222],
	[9.908, 5.9169],
	[9.6019, 9.4483],
	[9.6142, 6.801],
	[2.6149, 9.936],
	[9.8673, 6.026],
	[6.8536, 9.5481]
  ]
]

MSE: 0.000287
=========================================================
          Learning params for data #24
=========================================================
Actual Params: [6 0.02069 0.04938 1.029 25 0.5]
Predicted Params: [6 0.02069 0.04938 1.029 25 0.5022]
Actual M:[
  [
	[6.2319, 2.3938],
	[6.4683, 5.8203],
	[8.0208, 5.1573],
	[6.5768, 8.5985],
	[8.7129, 2.5336],
	[7.9516, 7.5191],
	[2.1604, 9.0626],
	[9.6656, 4.7377],
	[8.7849, 9.9863],
	[8.8496, 8.7699]
  ]
]

Predicted M:[
  [
	[6.2319, 2.3938],
	[6.4683, 5.8203],
	[8.0208, 5.1573],
	[6.5768, 8.5985],
	[8.7129, 2.5336],
	[7.9516, 7.5191],
	[2.1604, 9.0626],
	[9.6656, 4.7377],
	[8.7849, 9.9863],
	[8.8496, 8.7699]
  ]
]

MSE: 0.000001
=========================================================
          Learning params for data #25
=========================================================
Actual Params: [5 0.08286 0.01286 0.643 25 0.5]
Predicted Params: [5 0.08286 0.01286 0.643 25 0.5087]
Actual M:[
  [
	[3.8422, 6.9173],
	[6.8696, 2.2936],
	[7.1345, 3.7959],
	[8.668, 1.8682],
	[3.6429, 9.2565],
	[5.0626, 4.4924],
	[5.6038, 3.9017],
	[3.9655, 9.1652],
	[7.3689, 7.9526],
	[4.1115, 9.6228]
  ]
]

Predicted M:[
  [
	[3.8422, 6.9173],
	[6.8696, 2.2936],
	[7.1345, 3.7959],
	[8.668, 1.8682],
	[3.6429, 9.2565],
	[5.0626, 4.4924],
	[5.6038, 3.9017],
	[3.9655, 9.1652],
	[7.3689, 7.9526],
	[4.1115, 9.6228]
  ]
]

MSE: 0.000035
=========================================================
          Learning params for data #26
=========================================================
Actual Params: [7 0.07832 0.05933 0.4869 25 0.3]
Predicted Params: [7 0.07832 0.05933 0.4869 25 0.2979]
Actual M:[
  [
	[3.6416, 1.794],
	[5.34, 9.2191],
	[5.9074, 8.3342],
	[8.228, 1.1229],
	[8.8305, 2.6953],
	[6.2638, 5.7177],
	[9.2548, 7.504],
	[7.3411, 8.3083],
	[9.9782, 3.6152],
	[8.475, 8.6593]
  ]
]

Predicted M:[
  [
	[3.6416, 1.794],
	[5.34, 9.2191],
	[5.9074, 8.3342],
	[8.228, 1.1229],
	[8.8305, 2.6953],
	[6.2638, 5.7177],
	[9.2548, 7.504],
	[7.3411, 8.3083],
	[9.9782, 3.6152],
	[8.475, 8.6593]
  ]
]

MSE: 0.000146
=========================================================
          Learning params for data #27
=========================================================
Actual Params: [14 0.03344 0.09101 0.9418 25 0.3]
Predicted Params: [14 0.03344 0.09101 0.9418 25 0.3065]
Actual M:[
  [
	[4.4194, 9.3562],
	[5.3085, 2.6327],
	[8.9614, 8.6606],
	[9.1446, 6.0545],
	[3.6883, 9.4101],
	[9.3497, 2.3403],
	[9.6819, 5.0332],
	[8.0402, 9.8625],
	[9.6061, 9.8015],
	[9.7627, 7.1859]
  ]
]

Predicted M:[
  [
	[4.4194, 9.3562],
	[5.3085, 2.6327],
	[8.9614, 8.6606],
	[9.1446, 6.0545],
	[3.6883, 9.4101],
	[9.3497, 2.3403],
	[9.6819, 5.0332],
	[8.0402, 9.8625],
	[9.6061, 9.8015],
	[9.7627, 7.1859]
  ]
]

MSE: 0.000001
=========================================================
          Learning params for data #28
=========================================================
Actual Params: [11 0.07636 0.07515 0.297 25 0.5]
Predicted Params: [11 0.07636 0.07515 0.297 25 0.498]
Actual M:[
  [
	[5.8072, 9.6877],
	[6.3107, 3.7265],
	[6.1617, 4.0795],
	[9.5501, 1.2104],
	[6.6099, 1.4282],
	[7.164, 7.6105],
	[7.7606, 3.5902],
	[9.34, 1.9578],
	[7.4601, 7.81],
	[7.4739, 7.8531]
  ]
]

Predicted M:[
  [
	[5.8072, 9.6877],
	[6.3107, 3.7265],
	[6.1617, 4.0795],
	[9.5501, 1.2104],
	[6.6099, 1.4282],
	[7.164, 7.6105],
	[7.7606, 3.5902],
	[9.34, 1.9578],
	[7.4601, 7.81],
	[7.4739, 7.8531]
  ]
]

MSE: 0.000035
=========================================================
          Learning params for data #29
=========================================================
Actual Params: [7 0.09961 0.04669 0.5929 25 0.5]
Predicted Params: [7 0.09961 0.04669 0.5929 25 0.4914]
Actual M:[
  [
	[4.7516, 8.5422],
	[5.1397, 4.1499],
	[5.7695, 1.0939],
	[5.7904, 1.3557],
	[6.6528, 5.4324],
	[8.7473, 3.1004],
	[8.6079, 3.2342],
	[5.9848, 6.2897],
	[4.2157, 9.0924],
	[8.0801, 7.5384]
  ]
]

Predicted M:[
  [
	[4.7516, 8.5422],
	[5.1397, 4.1499],
	[5.7695, 1.0939],
	[5.7904, 1.3557],
	[6.6528, 5.4324],
	[8.7473, 3.1004],
	[8.6079, 3.2342],
	[5.9848, 6.2897],
	[4.2157, 9.0924],
	[8.0801, 7.5384]
  ]
]

MSE: 0.000000
=========================================================
          Learning params for data #30
=========================================================
Actual Params: [7 0.09418 0.06226 0.284 25 0.5]
Predicted Params: [7 0.09418 0.06226 0.284 25 0.5]
Actual M:[
  [
	[5.8944, 1.7673],
	[7.562, 8.4689],
	[8.8266, 5.819],
	[9.5357, 1.4818],
	[9.9287, 7.2416],
	[1.5276, 9.9297],
	[8.3751, 9.1661],
	[8.5162, 9.4764],
	[9.4297, 7.9626],
	[9.8917, 9.045]
  ]
]

Predicted M:[
  [
	[5.8944, 1.7673],
	[7.562, 8.4689],
	[8.8266, 5.819],
	[9.5357, 1.4818],
	[9.9287, 7.2416],
	[1.5276, 9.9297],
	[8.3751, 9.1661],
	[8.5162, 9.4764],
	[9.4297, 7.9626],
	[9.8917, 9.045]
  ]
]

MSE: 0.000000
=========================================================
          Learning params for data #31
=========================================================
Actual Params: [4 0.07379 0.006798 0.7224 25 0.5]
Predicted Params: [4 0.07379 0.006798 0.7224 25 0.4976]
Actual M:[
  [
	[4.6509, 5.8723],
	[2.0241, 7.6556],
	[7.3598, 6.9229],
	[7.3439, 7.8978],
	[2.167, 8.5855],
	[8.5998, 5.067],
	[7.6023, 6.6038],
	[9.6106, 6.4003],
	[1.7221, 9.2166],
	[5.5556, 8.3282]
  ]
]

Predicted M:[
  [
	[4.6509, 5.8723],
	[2.0241, 7.6556],
	[7.3598, 6.9229],
	[7.3439, 7.8978],
	[2.167, 8.5855],
	[8.5998, 5.067],
	[7.6023, 6.6038],
	[9.6106, 6.4003],
	[1.7221, 9.2166],
	[5.5556, 8.3282]
  ]
]

MSE: 0.000014
=========================================================
          Learning params for data #32
=========================================================
Actual Params: [11 0.07713 0.03254 0.4947 25 0.3]
Predicted Params: [11 0.07713 0.03254 0.4947 25 0.4798]
Actual M:[
  [
	[4.6291, 5.3595],
	[4.3386, 9.5667],
	[5.2664, 3.3124],
	[3.373, 9.6079],
	[9.1277, 8.6413],
	[7.3577, 9.9798],
	[9.7278, 9.8611],
	[9.9841, 1.1604],
	[9.7284, 8.8377],
	[9.7659, 3.3293]
  ]
]

Predicted M:[
  [
	[4.6291, 5.3595],
	[4.3386, 9.5667],
	[5.2664, 3.3124],
	[3.373, 9.6079],
	[9.1277, 8.6413],
	[7.3577, 9.9798],
	[9.7278, 9.8611],
	[9.9841, 1.1604],
	[9.7284, 8.8377],
	[9.7659, 3.3293]
  ]
]

MSE: 0.000155
=========================================================
          Learning params for data #33
=========================================================
Actual Params: [14 0.1005 0.01435 0.8621 25 0.3]
Predicted Params: [14 0.1005 0.01435 0.8621 25 0.2999]
Actual M:[
  [
	[7.1679, 7.15],
	[8.9786, 6.5412],
	[1.6663, 7.4024],
	[9.996, 9.5897],
	[8.9164, 9.6114],
	[2.3658, 9.8942],
	[7.0346, 9.919],
	[7.1015, 9.6528],
	[2.0771, 9.9791],
	[9.5361, 9.6347]
  ]
]

Predicted M:[
  [
	[7.1679, 7.15],
	[8.9786, 6.5412],
	[1.6663, 7.4024],
	[9.996, 9.5897],
	[8.9164, 9.6114],
	[2.3658, 9.8942],
	[7.0346, 9.919],
	[7.1015, 9.6528],
	[2.0771, 9.9791],
	[9.5361, 9.6347]
  ]
]

MSE: 0.000365
=========================================================
          Learning params for data #34
=========================================================
Actual Params: [11 0.001245 0.03963 0.1182 25 0.5]
Predicted Params: [11 0.001245 0.03963 0.1182 25 0.4913]
Actual M:[
  [
	[9.3521, 3.9245],
	[9.761, 1.5468],
	[8.7356, 7.0083],
	[4.1199, 9.7823],
	[5.96, 9.5457],
	[8.0321, 9.464],
	[8.8218, 5.4736],
	[1.3504, 9.9442],
	[4.4238, 9.644],
	[9.1548, 5.978]
  ]
]

Predicted M:[
  [
	[9.3521, 3.9245],
	[9.761, 1.5468],
	[8.7356, 7.0083],
	[4.1199, 9.7823],
	[5.96, 9.5457],
	[8.0321, 9.464],
	[8.8218, 5.4736],
	[1.3504, 9.9442],
	[4.4238, 9.644],
	[9.1548, 5.978]
  ]
]

MSE: 0.000000
=========================================================
          Learning params for data #35
=========================================================
Actual Params: [12 0.0949 0.06805 0.367 25 0.7]
Predicted Params: [12 0.0949 0.06805 0.367 25 0.5109]
Actual M:[
  [
	[1.0892, 3.3202],
	[6.7284, 1.8033],
	[4.0273, 8.6085],
	[9.9017, 9.5734],
	[3.3016, 9.9952],
	[8.7955, 9.7168],
	[5.2598, 9.8763],
	[9.9384, 6.6333],
	[9.0002, 9.7956],
	[6.0957, 9.8747]
  ]
]

Predicted M:[
  [
	[1.0892, 3.3202],
	[6.7284, 1.8033],
	[4.0273, 8.6085],
	[9.9017, 9.5734],
	[3.3016, 9.9952],
	[8.7955, 9.7168],
	[5.2598, 9.8763],
	[9.9384, 6.6333],
	[9.0002, 9.7956],
	[6.0957, 9.8747]
  ]
]

MSE: 0.002244
=========================================================
          Learning params for data #36
=========================================================
Actual Params: [1 0.04167 0.02272 0.9567 25 0.5]
Predicted Params: [1 0.04167 0.02272 0.9567 25 0.5014]
Actual M:[
  [
	[6.8121, 1.9148],
	[7.1756, 7.5201],
	[4.7451, 8.0706],
	[6.6444, 7.9438],
	[9.3795, 4.6485],
	[8.4256, 5.188],
	[1.7901, 9.4187],
	[6.7445, 8.2038],
	[3.7531, 8.6617],
	[8.9605, 5.3011]
  ]
]

Predicted M:[
  [
	[6.8121, 1.9148],
	[7.1756, 7.5201],
	[4.7451, 8.0706],
	[6.6444, 7.9438],
	[9.3795, 4.6485],
	[8.4256, 5.188],
	[1.7901, 9.4187],
	[6.7445, 8.2038],
	[3.7531, 8.6617],
	[8.9605, 5.3011]
  ]
]

MSE: 0.000472
=========================================================
          Learning params for data #37
=========================================================
Actual Params: [11 0.0894 0.02232 0.8145 25 0.5]
Predicted Params: [11 0.0894 0.02232 0.8145 25 0.4999]
Actual M:[
  [
	[3.3788, 5.7743],
	[6.5623, 9.1252],
	[2.2365, 9.2955],
	[7.7558, 9.6086],
	[7.9021, 6.8151],
	[8.4525, 2.915],
	[9.4302, 9.4005],
	[3.4107, 9.9339],
	[8.4272, 9.722],
	[9.4908, 5.2913]
  ]
]

Predicted M:[
  [
	[3.3788, 5.7743],
	[6.5623, 9.1252],
	[2.2365, 9.2955],
	[7.7558, 9.6086],
	[7.9021, 6.8151],
	[8.4525, 2.915],
	[9.4302, 9.4005],
	[3.4107, 9.9339],
	[8.4272, 9.722],
	[9.4908, 5.2913]
  ]
]

MSE: 0.000023
=========================================================
          Learning params for data #38
=========================================================
Actual Params: [15 0.03514 0.007708 0.9975 25 0.5]
Predicted Params: [15 0.03514 0.007708 0.9975 25 0.5022]
Actual M:[
  [
	[1.6496, 7.4947],
	[6.1623, 1.3548],
	[1.5025, 9.5449],
	[5.8494, 4.0578],
	[6.7317, 5.2547],
	[1.9071, 5.5108],
	[7.0175, 8.6156],
	[8.1112, 5.0121],
	[1.7959, 8.9206],
	[9.7551, 2.8256]
  ]
]

Predicted M:[
  [
	[1.6496, 7.4947],
	[6.1623, 1.3548],
	[1.5025, 9.5449],
	[5.8494, 4.0578],
	[6.7317, 5.2547],
	[1.9071, 5.5108],
	[7.0175, 8.6156],
	[8.1112, 5.0121],
	[1.7959, 8.9206],
	[9.7551, 2.8256]
  ]
]

MSE: 0.000001
=========================================================
          Learning params for data #39
=========================================================
Actual Params: [4 0.05406 0.07081 0.5536 25 0.7]
Predicted Params: [4 0.05406 0.07081 0.5536 25 0.701]
Actual M:[
  [
	[7.1777, 2.959],
	[2.9819, 3.3185],
	[9.3015, 7.9636],
	[9.3343, 2.3539],
	[9.4131, 2.7686],
	[9.4305, 3.6683],
	[5.4125, 7.9829],
	[3.3628, 9.8024],
	[8.7646, 8.9795],
	[8.4562, 9.7161]
  ]
]

Predicted M:[
  [
	[7.1777, 2.959],
	[2.9819, 3.3185],
	[9.3015, 7.9636],
	[9.3343, 2.3539],
	[9.4131, 2.7686],
	[9.4305, 3.6683],
	[5.4125, 7.9829],
	[3.3628, 9.8024],
	[8.7646, 8.9795],
	[8.4562, 9.7161]
  ]
]

MSE: 0.000001
=========================================================
          Learning params for data #40
=========================================================
Actual Params: [6 0.02698 0.02106 0.2607 25 0.3]
Predicted Params: [6 0.02698 0.02106 0.2607 25 0.2967]
Actual M:[
  [
	[3.814, 1.9579],
	[2.2653, 5.32],
	[2.9117, 6.823],
	[8.1984, 7.9193],
	[8.9946, 1.1948],
	[8.1975, 8.1487],
	[6.4087, 9.3469],
	[8.3544, 7.8303],
	[9.2573, 2.6897],
	[9.6244, 4.6412]
  ]
]

Predicted M:[
  [
	[3.814, 1.9579],
	[2.2653, 5.32],
	[2.9117, 6.823],
	[8.1984, 7.9193],
	[8.9946, 1.1948],
	[8.1975, 8.1487],
	[6.4087, 9.3469],
	[8.3544, 7.8303],
	[9.2573, 2.6897],
	[9.6244, 4.6412]
  ]
]

MSE: 0.000006
=========================================================
          Learning params for data #41
=========================================================
Actual Params: [5 0.06166 0.09982 0.3084 25 0.5]
Predicted Params: [5 0.06166 0.09982 0.3084 25 0.4968]
Actual M:[
  [
	[8.8594, 1.0405],
	[6.9749, 9.4683],
	[9.1677, 6.6384],
	[8.3385, 6.7852],
	[9.4074, 5.1056],
	[3.9927, 9.9194],
	[7.5506, 6.804],
	[9.4768, 9.6998],
	[8.7112, 9.9963],
	[9.8457, 2.2384]
  ]
]

Predicted M:[
  [
	[8.8594, 1.0405],
	[6.9749, 9.4683],
	[9.1677, 6.6384],
	[8.3385, 6.7852],
	[9.4074, 5.1056],
	[3.9927, 9.9194],
	[7.5506, 6.804],
	[9.4768, 9.6998],
	[8.7112, 9.9963],
	[9.8457, 2.2384]
  ]
]

MSE: 0.000029
=========================================================
          Learning params for data #42
=========================================================
Actual Params: [2 0.07176 0.03489 0.3053 25 0.3]
Predicted Params: [2 0.07176 0.03489 0.3053 25 0.3007]
Actual M:[
  [
	[9.3274, 3.6575],
	[7.4708, 7.3343],
	[6.1051, 7.5216],
	[6.1149, 8.907],
	[7.5947, 3.8964],
	[6.8245, 9.6816],
	[9.6273, 7.445],
	[8.8673, 8.5789],
	[9.3212, 8.4515],
	[9.9744, 7.1444]
  ]
]

Predicted M:[
  [
	[9.3274, 3.6575],
	[7.4708, 7.3343],
	[6.1051, 7.5216],
	[6.1149, 8.907],
	[7.5947, 3.8964],
	[6.8245, 9.6816],
	[9.6273, 7.445],
	[8.8673, 8.5789],
	[9.3212, 8.4515],
	[9.9744, 7.1444]
  ]
]

MSE: 0.000003
=========================================================
          Learning params for data #43
=========================================================
Actual Params: [7 0.05945 0.02392 0.9187 25 0.7]
Predicted Params: [7 0.05945 0.02392 0.9187 25 0.7002]
Actual M:[
  [
	[9.939, 1.9863],
	[6.6572, 4.8521],
	[8.8992, 8.8393],
	[9.4474, 8.9297],
	[9.9301, 2.1797],
	[5.4575, 9.1626],
	[9.9426, 5.0883],
	[9.9199, 8.9632],
	[9.9845, 7.1888],
	[3.5145, 9.6206]
  ]
]

Predicted M:[
  [
	[9.939, 1.9863],
	[6.6572, 4.8521],
	[8.8992, 8.8393],
	[9.4474, 8.9297],
	[9.9301, 2.1797],
	[5.4575, 9.1626],
	[9.9426, 5.0883],
	[9.9199, 8.9632],
	[9.9845, 7.1888],
	[3.5145, 9.6206]
  ]
]

MSE: 0.000275
=========================================================
          Learning params for data #44
=========================================================
Actual Params: [12 0.06587 0.09527 0.6339 25 0.5]
Predicted Params: [12 0.06587 0.09527 0.6339 25 0.5038]
Actual M:[
  [
	[9.2281, 6.6363],
	[9.0571, 7.9407],
	[1.8152, 8.823],
	[9.2352, 9.2616],
	[4.422, 9.9702],
	[9.7885, 1.0492],
	[9.3915, 9.0594],
	[9.473, 5.426],
	[9.5747, 2.2736],
	[9.6857, 1.538]
  ]
]

Predicted M:[
  [
	[9.2281, 6.6363],
	[9.0571, 7.9407],
	[1.8152, 8.823],
	[9.2352, 9.2616],
	[4.422, 9.9702],
	[9.7885, 1.0492],
	[9.3915, 9.0594],
	[9.473, 5.426],
	[9.5747, 2.2736],
	[9.6857, 1.538]
  ]
]

MSE: 0.000733
=========================================================
          Learning params for data #45
=========================================================
Actual Params: [1 0.06035 0.06041 0.795 25 0.7]
Predicted Params: [1 0.06035 0.06041 0.795 25 0.4527]
Actual M:[
  [
	[4.7746, 1.2157],
	[1.2659, 7.4188],
	[6.2402, 7.3297],
	[1.0779, 9.5176],
	[8.4705, 8.5435],
	[9.8287, 1.6753],
	[8.6318, 3.8169],
	[8.6962, 6.2404],
	[8.8299, 2.379],
	[2.5381, 9.8635]
  ]
]

Predicted M:[
  [
	[4.7746, 1.2157],
	[1.2659, 7.4188],
	[6.2402, 7.3297],
	[1.0779, 9.5176],
	[8.4705, 8.5435],
	[9.8287, 1.6753],
	[8.6318, 3.8169],
	[8.6962, 6.2404],
	[8.8299, 2.379],
	[2.5381, 9.8635]
  ]
]

MSE: 0.014701
=========================================================
          Learning params for data #46
=========================================================
Actual Params: [6 0.06798 0.09047 0.2414 25 0.5]
Predicted Params: [6 0.06798 0.09047 0.2414 25 0.5]
Actual M:[
  [
	[7.947, 3.0398],
	[1.0812, 9.1399],
	[6.3633, 7.9516],
	[8.2388, 7.1548],
	[9.4415, 3.8764],
	[8.9466, 5.2165],
	[9.9181, 5.5757],
	[4.9523, 7.9548],
	[8.9899, 9.661],
	[9.631, 6.8207]
  ]
]

Predicted M:[
  [
	[7.947, 3.0398],
	[1.0812, 9.1399],
	[6.3633, 7.9516],
	[8.2388, 7.1548],
	[9.4415, 3.8764],
	[8.9466, 5.2165],
	[9.9181, 5.5757],
	[4.9523, 7.9548],
	[8.9899, 9.661],
	[9.631, 6.8207]
  ]
]

MSE: 0.000000
=========================================================
          Learning params for data #47
=========================================================
Actual Params: [9 0.02268 0.05533 0.9137 25 0.5]
Predicted Params: [9 0.02268 0.05533 0.9137 25 0.5004]
Actual M:[
  [
	[7.5653, 5.7537],
	[5.9558, 9.3359],
	[8.1157, 5.1355],
	[8.701, 7.4395],
	[5.9162, 9.6345],
	[2.8458, 9.7483],
	[8.7336, 4.0107],
	[9.2757, 8.6389],
	[8.999, 9.2241],
	[9.6118, 8.1436]
  ]
]

Predicted M:[
  [
	[7.5653, 5.7537],
	[5.9558, 9.3359],
	[8.1157, 5.1355],
	[8.701, 7.4395],
	[5.9162, 9.6345],
	[2.8458, 9.7483],
	[8.7336, 4.0107],
	[9.2757, 8.6389],
	[8.999, 9.2241],
	[9.6118, 8.1436]
  ]
]

MSE: 0.000183
=========================================================
          Learning params for data #48
=========================================================
Actual Params: [8 0.02914 0.01889 0.465 25 0.5]
Predicted Params: [8 0.02914 0.01889 0.465 25 0.5]
Actual M:[
  [
	[2.0723, 1.1133],
	[3.3665, 1.2548],
	[3.8827, 8.1839],
	[6.3287, 1.6902],
	[9.3065, 9.0815],
	[5.4982, 9.8778],
	[9.3418, 4.9602],
	[5.6177, 9.1301],
	[9.514, 2.8518],
	[9.5351, 6.1011]
  ]
]

Predicted M:[
  [
	[2.0723, 1.1133],
	[3.3665, 1.2548],
	[3.8827, 8.1839],
	[6.3287, 1.6902],
	[9.3065, 9.0815],
	[5.4982, 9.8778],
	[9.3418, 4.9602],
	[5.6177, 9.1301],
	[9.514, 2.8518],
	[9.5351, 6.1011]
  ]
]

MSE: 0.000000
=========================================================
          Learning params for data #49
=========================================================
Actual Params: [14 0.01517 0.01276 0.6207 25 0.7]
Predicted Params: [14 0.01517 0.01276 0.6207 25 0.6964]
Actual M:[
  [
	[4.8705, 7.5472],
	[9.7356, 5.8816],
	[6.6157, 6.2636],
	[7.0277, 9.5822],
	[9.857, 7.3276],
	[9.7094, 9.72],
	[4.7726, 9.7678],
	[9.8894, 2.0159],
	[6.6892, 9.9664],
	[9.7505, 8.8278]
  ]
]

Predicted M:[
  [
	[4.8705, 7.5472],
	[9.7356, 5.8816],
	[6.6157, 6.2636],
	[7.0277, 9.5822],
	[9.857, 7.3276],
	[9.7094, 9.72],
	[4.7726, 9.7678],
	[9.8894, 2.0159],
	[6.6892, 9.9664],
	[9.7505, 8.8278]
  ]
]

MSE: 0.000049
=========================================================
          Learning params for data #50
=========================================================
Actual Params: [12 0.00811 0.0758 0.678 25 0.5]
Predicted Params: [12 0.00811 0.0758 0.678 25 0.497]
Actual M:[
  [
	[4.3464, 6.3038],
	[5.9738, 3.2633],
	[9.1348, 6.8652],
	[2.6459, 8.382],
	[3.9573, 8.016],
	[4.5114, 8.6638],
	[4.575, 9.3494],
	[7.9437, 9.7055],
	[9.4609, 1.4263],
	[9.6895, 6.3061]
  ]
]

Predicted M:[
  [
	[4.3464, 6.3038],
	[5.9738, 3.2633],
	[9.1348, 6.8652],
	[2.6459, 8.382],
	[3.9573, 8.016],
	[4.5114, 8.6638],
	[4.575, 9.3494],
	[7.9437, 9.7055],
	[9.4609, 1.4263],
	[9.6895, 6.3061]
  ]
]

MSE: 0.000001


MSE list: [1.686e-05 0.0007714 2.932e-05 2.12e-06 0 2.656e-05 1.4e-07 2.822e-05 0.0006415 0.0008585 0.0003307 9.8e-07 2.222e-05 0 3.534e-05 5.78e-05 4.16e-06 1.682e-05 0.0001358 3.66e-06 4.06e-06 1.522e-05 0.0002871 8.6e-07 3.47e-05 0.0001456 8.6e-07 3.498e-05 2e-08 0 1.37e-05 0.0001549 0.0003654 3.2e-07 0.002244 0.0004718 2.274e-05 6.6e-07 1.3e-06 5.52e-06 2.946e-05 3.06e-06 0.0002754 0.0007329 0.0147 2e-08 0.0001833 0 4.906e-05 8.4e-07]
MSE mean: 0.000455
MSE std: 0.002089
Time elapsed: 97.899170
