set_nopts10_ncomb1_nproblem50_no10
Ns: 5000
=========================================================
          Learning params for data #1
=========================================================
Actual Params: [10 0.09964 0.09921 0.693 8 0.5]
Predicted Params: [10 0.09964 0.09921 0.693 8 0.5187]
Actual M:[
  [
	[3.327, 9.2446],
	[4.0886, 1.9104],
	[8.324, 1.1974],
	[4.2363, 9.0025],
	[9.3038, 2.5745],
	[9.4992, 7.1997],
	[9.095, 9.4601],
	[6.225, 9.9506],
	[7.405, 9.8593],
	[9.788, 4.1086]
  ]
]

Predicted M:[
  [
	[3.327, 9.2446],
	[4.0886, 1.9104],
	[8.324, 1.1974],
	[4.2363, 9.0025],
	[9.3038, 2.5745],
	[9.4992, 7.1997],
	[9.095, 9.4601],
	[6.225, 9.9506],
	[7.405, 9.8593],
	[9.788, 4.1086]
  ]
]

MSE: 0.000205
=========================================================
          Learning params for data #2
=========================================================
Actual Params: [15 0.064 0.007099 0.4876 8 0.5]
Predicted Params: [15 0.064 0.007099 0.4876 8 0.4914]
Actual M:[
  [
	[4.7457, 9.4195],
	[9.8038, 1.7754],
	[7.1702, 7.6427],
	[7.4384, 4.5852],
	[7.2564, 8.5994],
	[8.5984, 2.9562],
	[7.802, 4.4496],
	[8.5012, 9.0577],
	[9.4162, 3.7329],
	[9.9116, 6.1584]
  ]
]

Predicted M:[
  [
	[4.7457, 9.4195],
	[9.8038, 1.7754],
	[7.1702, 7.6427],
	[7.4384, 4.5852],
	[7.2564, 8.5994],
	[8.5984, 2.9562],
	[7.802, 4.4496],
	[8.5012, 9.0577],
	[9.4162, 3.7329],
	[9.9116, 6.1584]
  ]
]

MSE: 0.000065
=========================================================
          Learning params for data #3
=========================================================
Actual Params: [3 0.09823 0.01988 0.4467 8 0.7]
Predicted Params: [3 0.09823 0.01988 0.4467 8 0.7019]
Actual M:[
  [
	[9.4364, 3.0954],
	[8.5914, 4.6294],
	[5.1114, 7.1603],
	[5.792, 4.8842],
	[9.4189, 3.477],
	[4.7546, 8.4889],
	[5.4224, 5.912],
	[8.3102, 6.0762],
	[8.8595, 8.2609],
	[6.1107, 9.8233]
  ]
]

Predicted M:[
  [
	[9.4364, 3.0954],
	[8.5914, 4.6294],
	[5.1114, 7.1603],
	[5.792, 4.8842],
	[9.4189, 3.477],
	[4.7546, 8.4889],
	[5.4224, 5.912],
	[8.3102, 6.0762],
	[8.8595, 8.2609],
	[6.1107, 9.8233]
  ]
]

MSE: 0.000035
=========================================================
          Learning params for data #4
=========================================================
Actual Params: [9 0.01954 0.04088 0.583 14 0.5]
Predicted Params: [9 0.01954 0.04088 0.583 14 0.5082]
Actual M:[
  [
	[7.9399, 9.8074],
	[8.3507, 9.002],
	[1.988, 9.986],
	[8.3549, 4.1095],
	[8.4315, 7.6945],
	[8.7415, 8.9046],
	[8.8031, 8.2765],
	[9.6981, 9.0796],
	[9.8136, 4.0838],
	[9.8905, 2.1611]
  ]
]

Predicted M:[
  [
	[7.9399, 9.8074],
	[8.3507, 9.002],
	[1.988, 9.986],
	[8.3549, 4.1095],
	[8.4315, 7.6945],
	[8.7415, 8.9046],
	[8.8031, 8.2765],
	[9.6981, 9.0796],
	[9.8136, 4.0838],
	[9.8905, 2.1611]
  ]
]

MSE: 0.000260
=========================================================
          Learning params for data #5
=========================================================
Actual Params: [2 0.04758 0.01757 0.9187 7 0.3]
Predicted Params: [2 0.04758 0.01757 0.9187 7 0.295]
Actual M:[
  [
	[7.8634, 1.8138],
	[3.6778, 9.5999],
	[8.9071, 2.1334],
	[4.9572, 5.2144],
	[7.249, 3.2647],
	[5.7783, 9.3785],
	[5.917, 9.0327],
	[9.2979, 6.7956],
	[7.2121, 8.4977],
	[6.6093, 9.1969]
  ]
]

Predicted M:[
  [
	[7.8634, 1.8138],
	[3.6778, 9.5999],
	[8.9071, 2.1334],
	[4.9572, 5.2144],
	[7.249, 3.2647],
	[5.7783, 9.3785],
	[5.917, 9.0327],
	[9.2979, 6.7956],
	[7.2121, 8.4977],
	[6.6093, 9.1969]
  ]
]

MSE: 0.000478
=========================================================
          Learning params for data #6
=========================================================
Actual Params: [2 0.003049 0.0285 0.419 14 0.5]
Predicted Params: [2 0.003049 0.0285 0.419 14 0.5065]
Actual M:[
  [
	[7.1145, 7.3477],
	[4.7878, 7.569],
	[9.3718, 7.9967],
	[8.4926, 9.5541],
	[9.8917, 5.881],
	[8.7789, 8.6894],
	[9.9679, 3.7399],
	[6.0388, 9.6893],
	[8.6607, 9.3717],
	[6.9186, 9.6794]
  ]
]

Predicted M:[
  [
	[7.1145, 7.3477],
	[4.7878, 7.569],
	[9.3718, 7.9967],
	[8.4926, 9.5541],
	[9.8917, 5.881],
	[8.7789, 8.6894],
	[9.9679, 3.7399],
	[6.0388, 9.6893],
	[8.6607, 9.3717],
	[6.9186, 9.6794]
  ]
]

MSE: 0.000322
=========================================================
          Learning params for data #7
=========================================================
Actual Params: [13 0.004783 0.05512 0.2747 8 0.7]
Predicted Params: [13 0.004783 0.05512 0.2747 8 0.7008]
Actual M:[
  [
	[1.9605, 8.3995],
	[9.2159, 1.6766],
	[7.7649, 6.5288],
	[8.7021, 4.9205],
	[8.5638, 7.2583],
	[5.424, 7.7728],
	[2.129, 8.5968],
	[7.2876, 8.8769],
	[8.8199, 3.8921],
	[7.9531, 7.6355]
  ]
]

Predicted M:[
  [
	[1.9605, 8.3995],
	[9.2159, 1.6766],
	[7.7649, 6.5288],
	[8.7021, 4.9205],
	[8.5638, 7.2583],
	[5.424, 7.7728],
	[2.129, 8.5968],
	[7.2876, 8.8769],
	[8.8199, 3.8921],
	[7.9531, 7.6355]
  ]
]

MSE: 0.000308
=========================================================
          Learning params for data #8
=========================================================
Actual Params: [9 0.02307 0.05861 0.7853 7 0.7]
Predicted Params: [9 0.02307 0.05861 0.7853 7 0.7041]
Actual M:[
  [
	[5.1997, 8.4572],
	[7.1467, 7.0182],
	[7.1764, 5.294],
	[8.2998, 6.4634],
	[8.895, 4.5789],
	[9.0247, 8.6187],
	[9.9083, 1.9611],
	[3.8848, 9.7128],
	[8.6871, 9.2898],
	[9.2074, 4.6449]
  ]
]

Predicted M:[
  [
	[5.1997, 8.4572],
	[7.1467, 7.0182],
	[7.1764, 5.294],
	[8.2998, 6.4634],
	[8.895, 4.5789],
	[9.0247, 8.6187],
	[9.9083, 1.9611],
	[3.8848, 9.7128],
	[8.6871, 9.2898],
	[9.2074, 4.6449]
  ]
]

MSE: 0.000769
=========================================================
          Learning params for data #9
=========================================================
Actual Params: [14 0.09525 0.07005 0.2041 11 0.3]
Predicted Params: [14 0.09525 0.07005 0.2041 11 0.2995]
Actual M:[
  [
	[8.4059, 4.1146],
	[8.5003, 6.0339],
	[8.8436, 6.3147],
	[2.0702, 6.9664],
	[8.995, 4.2987],
	[4.4953, 9.9812],
	[9.3017, 8.7499],
	[6.8933, 9.4826],
	[9.9802, 6.4435],
	[7.395, 8.7858]
  ]
]

Predicted M:[
  [
	[8.4059, 4.1146],
	[8.5003, 6.0339],
	[8.8436, 6.3147],
	[2.0702, 6.9664],
	[8.995, 4.2987],
	[4.4953, 9.9812],
	[9.3017, 8.7499],
	[6.8933, 9.4826],
	[9.9802, 6.4435],
	[7.395, 8.7858]
  ]
]

MSE: 0.000037
=========================================================
          Learning params for data #10
=========================================================
Actual Params: [14 0.08237 0.03441 0.2578 13 0.7]
Predicted Params: [14 0.08237 0.03441 0.2578 13 0.7009]
Actual M:[
  [
	[5.1764, 7.1414],
	[6.3803, 8.6888],
	[6.4112, 5.8989],
	[8.6024, 9.326],
	[9.3813, 9.5804],
	[2.4979, 9.991],
	[2.8644, 9.6934],
	[9.4151, 2.2056],
	[9.9548, 2.7611],
	[6.4084, 9.7512]
  ]
]

Predicted M:[
  [
	[5.1764, 7.1414],
	[6.3803, 8.6888],
	[6.4112, 5.8989],
	[8.6024, 9.326],
	[9.3813, 9.5804],
	[2.4979, 9.991],
	[2.8644, 9.6934],
	[9.4151, 2.2056],
	[9.9548, 2.7611],
	[6.4084, 9.7512]
  ]
]

MSE: 0.000155
=========================================================
          Learning params for data #11
=========================================================
Actual Params: [13 0.06375 0.01428 0.4326 12 0.7]
Predicted Params: [13 0.06375 0.01428 0.4326 12 0.692]
Actual M:[
  [
	[3.5029, 2.056],
	[9.9461, 3.8786],
	[8.4443, 8.1398],
	[8.6343, 9.375],
	[8.8246, 8.1353],
	[9.7299, 7.4576],
	[7.4522, 9.4397],
	[8.8981, 9.3692],
	[4.5795, 9.8669],
	[9.7568, 5.3137]
  ]
]

Predicted M:[
  [
	[3.5029, 2.056],
	[9.9461, 3.8786],
	[8.4443, 8.1398],
	[8.6343, 9.375],
	[8.8246, 8.1353],
	[9.7299, 7.4576],
	[7.4522, 9.4397],
	[8.8981, 9.3692],
	[4.5795, 9.8669],
	[9.7568, 5.3137]
  ]
]

MSE: 0.000296
=========================================================
          Learning params for data #12
=========================================================
Actual Params: [8 0.06757 0.09906 0.8521 10 0.5]
Predicted Params: [8 0.06757 0.09906 0.8521 10 0.5015]
Actual M:[
  [
	[1.8576, 5.0149],
	[3.0032, 9.3904],
	[4.4511, 2.4505],
	[3.4552, 3.9431],
	[3.478, 2.8808],
	[6.1575, 2.6849],
	[8.8189, 8.4175],
	[9.3147, 4.2173],
	[6.0713, 8.9935],
	[9.4546, 6.6801]
  ]
]

Predicted M:[
  [
	[1.8576, 5.0149],
	[3.0032, 9.3904],
	[4.4511, 2.4505],
	[3.4552, 3.9431],
	[3.478, 2.8808],
	[6.1575, 2.6849],
	[8.8189, 8.4175],
	[9.3147, 4.2173],
	[6.0713, 8.9935],
	[9.4546, 6.6801]
  ]
]

MSE: 0.000325
=========================================================
          Learning params for data #13
=========================================================
Actual Params: [2 0.07538 0.005474 0.3079 13 0.3]
Predicted Params: [2 0.07538 0.005474 0.3079 13 0.3045]
Actual M:[
  [
	[6.7972, 1.2703],
	[7.6681, 7.6964],
	[4.2161, 8.9946],
	[7.4887, 7.8579],
	[9.387, 3.0737],
	[2.8264, 9.8663],
	[8.2832, 8.1217],
	[9.9892, 7.7462],
	[3.1041, 9.6607],
	[5.3634, 9.867]
  ]
]

Predicted M:[
  [
	[6.7972, 1.2703],
	[7.6681, 7.6964],
	[4.2161, 8.9946],
	[7.4887, 7.8579],
	[9.387, 3.0737],
	[2.8264, 9.8663],
	[8.2832, 8.1217],
	[9.9892, 7.7462],
	[3.1041, 9.6607],
	[5.3634, 9.867]
  ]
]

MSE: 0.000026
=========================================================
          Learning params for data #14
=========================================================
Actual Params: [6 0.06536 0.03149 0.8334 7 0.7]
Predicted Params: [6 0.06536 0.03149 0.8334 7 0.7074]
Actual M:[
  [
	[1.1166, 5.7364],
	[9.7717, 4.5326],
	[6.6673, 6.4083],
	[7.2518, 7.2271],
	[5.8019, 9.6849],
	[9.8512, 5.7395],
	[8.0985, 7.4072],
	[9.2831, 6.8589],
	[7.663, 9.5643],
	[7.6851, 8.3916]
  ]
]

Predicted M:[
  [
	[1.1166, 5.7364],
	[9.7717, 4.5326],
	[6.6673, 6.4083],
	[7.2518, 7.2271],
	[5.8019, 9.6849],
	[9.8512, 5.7395],
	[8.0985, 7.4072],
	[9.2831, 6.8589],
	[7.663, 9.5643],
	[7.6851, 8.3916]
  ]
]

MSE: 0.000390
=========================================================
          Learning params for data #15
=========================================================
Actual Params: [11 0.01957 0.04661 0.5715 14 0.5]
Predicted Params: [11 0.01957 0.04661 0.5715 14 0.4973]
Actual M:[
  [
	[2.9583, 5.4879],
	[6.6514, 7.1875],
	[8.1427, 7.956],
	[5.0977, 9.8358],
	[9.2848, 8.5257],
	[9.2981, 7.1689],
	[7.1689, 9.3529],
	[8.2072, 9.2424],
	[9.7297, 7.8181],
	[8.2596, 9.8492]
  ]
]

Predicted M:[
  [
	[2.9583, 5.4879],
	[6.6514, 7.1875],
	[8.1427, 7.956],
	[5.0977, 9.8358],
	[9.2848, 8.5257],
	[9.2981, 7.1689],
	[7.1689, 9.3529],
	[8.2072, 9.2424],
	[9.7297, 7.8181],
	[8.2596, 9.8492]
  ]
]

MSE: 0.000410
=========================================================
          Learning params for data #16
=========================================================
Actual Params: [14 0.09744 0.03599 1.072 8 0.7]
Predicted Params: [14 0.09744 0.03599 1.072 8 0.698]
Actual M:[
  [
	[9.7233, 5.9917],
	[2.3274, 7.4434],
	[6.9634, 7.8316],
	[5.6983, 9.4372],
	[6.9171, 8.4955],
	[6.5097, 9.3439],
	[9.5077, 9.6404],
	[9.9475, 3.969],
	[5.381, 9.665],
	[8.4448, 9.8367]
  ]
]

Predicted M:[
  [
	[9.7233, 5.9917],
	[2.3274, 7.4434],
	[6.9634, 7.8316],
	[5.6983, 9.4372],
	[6.9171, 8.4955],
	[6.5097, 9.3439],
	[9.5077, 9.6404],
	[9.9475, 3.969],
	[5.381, 9.665],
	[8.4448, 9.8367]
  ]
]

MSE: 0.000061
=========================================================
          Learning params for data #17
=========================================================
Actual Params: [6 0.04751 0.06421 0.5217 6 0.7]
Predicted Params: [6 0.04751 0.06421 0.5217 6 0.6965]
Actual M:[
  [
	[6.547, 4.2355],
	[6.9871, 4.9638],
	[9.1237, 4.3848],
	[9.8101, 5.5469],
	[8.9041, 9.1484],
	[7.1538, 9.5469],
	[9.3019, 9.3496],
	[8.5651, 9.8633],
	[9.7288, 7.9518],
	[7.1123, 9.9959]
  ]
]

Predicted M:[
  [
	[6.547, 4.2355],
	[6.9871, 4.9638],
	[9.1237, 4.3848],
	[9.8101, 5.5469],
	[8.9041, 9.1484],
	[7.1538, 9.5469],
	[9.3019, 9.3496],
	[8.5651, 9.8633],
	[9.7288, 7.9518],
	[7.1123, 9.9959]
  ]
]

MSE: 0.000299
=========================================================
          Learning params for data #18
=========================================================
Actual Params: [6 0.009797 0.03127 0.5825 11 0.7]
Predicted Params: [6 0.009797 0.03127 0.5825 11 0.7052]
Actual M:[
  [
	[8.8332, 3.2331],
	[4.2122, 7.9731],
	[5.2287, 4.0292],
	[1.7302, 7.9864],
	[4.82, 9.9799],
	[8.6754, 3.7469],
	[9.2802, 2.6682],
	[7.6504, 6.0905],
	[8.2777, 7.3291],
	[4.5179, 9.9815]
  ]
]

Predicted M:[
  [
	[8.8332, 3.2331],
	[4.2122, 7.9731],
	[5.2287, 4.0292],
	[1.7302, 7.9864],
	[4.82, 9.9799],
	[8.6754, 3.7469],
	[9.2802, 2.6682],
	[7.6504, 6.0905],
	[8.2777, 7.3291],
	[4.5179, 9.9815]
  ]
]

MSE: 0.000213
=========================================================
          Learning params for data #19
=========================================================
Actual Params: [9 0.06994 0.01618 0.3069 5 0.7]
Predicted Params: [9 0.06994 0.01618 0.3069 5 0.689]
Actual M:[
  [
	[3.1938, 5.6747],
	[3.9873, 6.5038],
	[6.3058, 1.2515],
	[6.8154, 9.0247],
	[7.9231, 1.2624],
	[7.5562, 5.6577],
	[7.9583, 5.6986],
	[6.7604, 9.5436],
	[6.9281, 6.188],
	[9.8897, 9.5385]
  ]
]

Predicted M:[
  [
	[3.1938, 5.6747],
	[3.9873, 6.5038],
	[6.3058, 1.2515],
	[6.8154, 9.0247],
	[7.9231, 1.2624],
	[7.5562, 5.6577],
	[7.9583, 5.6986],
	[6.7604, 9.5436],
	[6.9281, 6.188],
	[9.8897, 9.5385]
  ]
]

MSE: 0.000003
=========================================================
          Learning params for data #20
=========================================================
Actual Params: [10 0.07377 0.02088 0.2974 10 0.5]
Predicted Params: [10 0.07377 0.02088 0.2974 10 0.5022]
Actual M:[
  [
	[9.0127, 2.2505],
	[5.6583, 3.1008],
	[7.1486, 2.7263],
	[4.2951, 5.4254],
	[6.0845, 5.902],
	[6.686, 5.0075],
	[9.9618, 8.6821],
	[8.7588, 9.3276],
	[3.9113, 9.7802],
	[8.2201, 9.9913]
  ]
]

Predicted M:[
  [
	[9.0127, 2.2505],
	[5.6583, 3.1008],
	[7.1486, 2.7263],
	[4.2951, 5.4254],
	[6.0845, 5.902],
	[6.686, 5.0075],
	[9.9618, 8.6821],
	[8.7588, 9.3276],
	[3.9113, 9.7802],
	[8.2201, 9.9913]
  ]
]

MSE: 0.000074
=========================================================
          Learning params for data #21
=========================================================
Actual Params: [2 0.02025 0.01255 0.4992 13 0.7]
Predicted Params: [2 0.02025 0.01255 0.4992 13 0.4767]
Actual M:[
  [
	[8.3344, 9.0243],
	[4.3196, 9.7952],
	[9.1976, 6.7005],
	[9.0634, 7.4094],
	[9.6442, 1.0897],
	[5.158, 9.3293],
	[9.5055, 4.9852],
	[5.8218, 9.479],
	[8.7942, 8.9727],
	[8.8152, 9.3579]
  ]
]

Predicted M:[
  [
	[8.3344, 9.0243],
	[4.3196, 9.7952],
	[9.1976, 6.7005],
	[9.0634, 7.4094],
	[9.6442, 1.0897],
	[5.158, 9.3293],
	[9.5055, 4.9852],
	[5.8218, 9.479],
	[8.7942, 8.9727],
	[8.8152, 9.3579]
  ]
]

MSE: 0.046888
=========================================================
          Learning params for data #22
=========================================================
Actual Params: [11 0.06669 0.0344 0.2408 6 0.5]
Predicted Params: [11 0.06669 0.0344 0.2408 6 0.4935]
Actual M:[
  [
	[6.2433, 1.2998],
	[8.923, 9.5811],
	[9.4677, 7.3164],
	[9.6761, 6.9191],
	[9.8843, 1.6747],
	[9.7269, 9.0357],
	[9.734, 4.5642],
	[4.5957, 9.5845],
	[2.6117, 9.6821],
	[9.8236, 7.3654]
  ]
]

Predicted M:[
  [
	[6.2433, 1.2998],
	[8.923, 9.5811],
	[9.4677, 7.3164],
	[9.6761, 6.9191],
	[9.8843, 1.6747],
	[9.7269, 9.0357],
	[9.734, 4.5642],
	[4.5957, 9.5845],
	[2.6117, 9.6821],
	[9.8236, 7.3654]
  ]
]

MSE: 0.000296
=========================================================
          Learning params for data #23
=========================================================
Actual Params: [12 0.01718 0.006538 0.1679 11 0.3]
Predicted Params: [12 0.01718 0.006538 0.1679 11 0.3051]
Actual M:[
  [
	[1.9993, 9.9583],
	[5.491, 5.8294],
	[9.4583, 7.2009],
	[5.1048, 7.6012],
	[3.0817, 8.4083],
	[6.0228, 8.1512],
	[8.1182, 7.9757],
	[9.4842, 7.086],
	[5.76, 8.6977],
	[9.9756, 9.5554]
  ]
]

Predicted M:[
  [
	[1.9993, 9.9583],
	[5.491, 5.8294],
	[9.4583, 7.2009],
	[5.1048, 7.6012],
	[3.0817, 8.4083],
	[6.0228, 8.1512],
	[8.1182, 7.9757],
	[9.4842, 7.086],
	[5.76, 8.6977],
	[9.9756, 9.5554]
  ]
]

MSE: 0.000116
=========================================================
          Learning params for data #24
=========================================================
Actual Params: [7 0.0135 0.08448 0.9095 6 0.3]
Predicted Params: [7 0.0135 0.08448 0.9095 6 0.2981]
Actual M:[
  [
	[9.8576, 9.2769],
	[9.9514, 1.3306],
	[5.8051, 9.5914],
	[5.1304, 9.7444],
	[7.4227, 9.3113],
	[5.8166, 9.7851],
	[9.9835, 7.2525],
	[6.4478, 9.8712],
	[8.5217, 9.5802],
	[9.1352, 9.2805]
  ]
]

Predicted M:[
  [
	[9.8576, 9.2769],
	[9.9514, 1.3306],
	[5.8051, 9.5914],
	[5.1304, 9.7444],
	[7.4227, 9.3113],
	[5.8166, 9.7851],
	[9.9835, 7.2525],
	[6.4478, 9.8712],
	[8.5217, 9.5802],
	[9.1352, 9.2805]
  ]
]

MSE: 0.000282
=========================================================
          Learning params for data #25
=========================================================
Actual Params: [11 0.008105 0.06348 0.5869 8 0.7]
Predicted Params: [11 0.008105 0.06348 0.5869 8 0.6995]
Actual M:[
  [
	[2.1753, 1.1078],
	[9.528, 9.1768],
	[3.012, 9.285],
	[9.8559, 2.7377],
	[1.6477, 9.308],
	[9.7966, 3.2845],
	[9.7826, 4.1256],
	[1.266, 9.4973],
	[1.3169, 9.3137],
	[4.8307, 9.8506]
  ]
]

Predicted M:[
  [
	[2.1753, 1.1078],
	[9.528, 9.1768],
	[3.012, 9.285],
	[9.8559, 2.7377],
	[1.6477, 9.308],
	[9.7966, 3.2845],
	[9.7826, 4.1256],
	[1.266, 9.4973],
	[1.3169, 9.3137],
	[4.8307, 9.8506]
  ]
]

MSE: 0.000126
=========================================================
          Learning params for data #26
=========================================================
Actual Params: [2 0.02156 0.0841 1.097 12 0.5]
Predicted Params: [2 0.02156 0.0841 1.097 12 0.509]
Actual M:[
  [
	[7.1387, 9.0169],
	[7.8831, 5.4263],
	[9.1183, 6.6799],
	[9.3661, 1.122],
	[9.9793, 9.4157],
	[8.1918, 9.9618],
	[8.4293, 9.7112],
	[9.8473, 9.6619],
	[9.9868, 3.9694],
	[9.0198, 9.6838]
  ]
]

Predicted M:[
  [
	[7.1387, 9.0169],
	[7.8831, 5.4263],
	[9.1183, 6.6799],
	[9.3661, 1.122],
	[9.9793, 9.4157],
	[8.1918, 9.9618],
	[8.4293, 9.7112],
	[9.8473, 9.6619],
	[9.9868, 3.9694],
	[9.0198, 9.6838]
  ]
]

MSE: 0.000028
=========================================================
          Learning params for data #27
=========================================================
Actual Params: [7 0.04157 0.04236 0.5815 13 0.7]
Predicted Params: [7 0.04157 0.04236 0.5815 13 0.6978]
Actual M:[
  [
	[2.6098, 4.6278],
	[3.7738, 3.5196],
	[6.5824, 1.8222],
	[5.4964, 3.3226],
	[6.8086, 9.5674],
	[8.5449, 2.7704],
	[6.8518, 5.4981],
	[9.5214, 2.8626],
	[6.979, 9.7982],
	[9.583, 5.3959]
  ]
]

Predicted M:[
  [
	[2.6098, 4.6278],
	[3.7738, 3.5196],
	[6.5824, 1.8222],
	[5.4964, 3.3226],
	[6.8086, 9.5674],
	[8.5449, 2.7704],
	[6.8518, 5.4981],
	[9.5214, 2.8626],
	[6.979, 9.7982],
	[9.583, 5.3959]
  ]
]

MSE: 0.000881
=========================================================
          Learning params for data #28
=========================================================
Actual Params: [14 0.08421 0.02218 0.4706 9 0.3]
Predicted Params: [14 0.08421 0.02218 0.4706 9 0.2973]
Actual M:[
  [
	[6.2429, 2.2775],
	[4.1495, 2.5689],
	[8.0562, 6.2094],
	[9.2643, 1.4509],
	[8.8955, 5.5792],
	[5.7874, 6.6014],
	[8.0148, 8.4102],
	[8.7366, 6.5386],
	[7.4021, 9.1018],
	[9.3093, 4.2331]
  ]
]

Predicted M:[
  [
	[6.2429, 2.2775],
	[4.1495, 2.5689],
	[8.0562, 6.2094],
	[9.2643, 1.4509],
	[8.8955, 5.5792],
	[5.7874, 6.6014],
	[8.0148, 8.4102],
	[8.7366, 6.5386],
	[7.4021, 9.1018],
	[9.3093, 4.2331]
  ]
]

MSE: 0.000027
=========================================================
          Learning params for data #29
=========================================================
Actual Params: [3 0.01763 0.07418 0.8547 7 0.7]
Predicted Params: [3 0.01763 0.07418 0.8547 7 0.7106]
Actual M:[
  [
	[7.5513, 5.2452],
	[8.948, 6.7516],
	[8.3845, 7.9681],
	[9.1459, 5.1933],
	[9.7453, 8.2859],
	[6.9328, 8.7323],
	[9.8019, 6.6482],
	[7.194, 8.7581],
	[3.5585, 9.8543],
	[6.0497, 8.9801]
  ]
]

Predicted M:[
  [
	[7.5513, 5.2452],
	[8.948, 6.7516],
	[8.3845, 7.9681],
	[9.1459, 5.1933],
	[9.7453, 8.2859],
	[6.9328, 8.7323],
	[9.8019, 6.6482],
	[7.194, 8.7581],
	[3.5585, 9.8543],
	[6.0497, 8.9801]
  ]
]

MSE: 0.000074
=========================================================
          Learning params for data #30
=========================================================
Actual Params: [9 0.05963 0.05482 0.5818 5 0.5]
Predicted Params: [9 0.05963 0.05482 0.5818 5 0.4935]
Actual M:[
  [
	[8.9639, 4.9992],
	[2.778, 9.6131],
	[3.3025, 7.5208],
	[3.7347, 8.6913],
	[5.3113, 9.1827],
	[9.6818, 3.5259],
	[9.8327, 7.2814],
	[7.3996, 9.7572],
	[8.7941, 7.401],
	[8.6366, 7.5355]
  ]
]

Predicted M:[
  [
	[8.9639, 4.9992],
	[2.778, 9.6131],
	[3.3025, 7.5208],
	[3.7347, 8.6913],
	[5.3113, 9.1827],
	[9.6818, 3.5259],
	[9.8327, 7.2814],
	[7.3996, 9.7572],
	[8.7941, 7.401],
	[8.6366, 7.5355]
  ]
]

MSE: 0.000057
=========================================================
          Learning params for data #31
=========================================================
Actual Params: [5 0.01568 0.0498 0.4787 10 0.5]
Predicted Params: [5 0.01568 0.0498 0.4787 10 0.4952]
Actual M:[
  [
	[6.1401, 9.5974],
	[9.6514, 9.5264],
	[9.6801, 4.3625],
	[9.8644, 8.7513],
	[7.1596, 9.9985],
	[9.94, 9.4894],
	[9.9524, 1.4525],
	[9.9425, 9.6376],
	[8.678, 9.6512],
	[8.5938, 9.824]
  ]
]

Predicted M:[
  [
	[6.1401, 9.5974],
	[9.6514, 9.5264],
	[9.6801, 4.3625],
	[9.8644, 8.7513],
	[7.1596, 9.9985],
	[9.94, 9.4894],
	[9.9524, 1.4525],
	[9.9425, 9.6376],
	[8.678, 9.6512],
	[8.5938, 9.824]
  ]
]

MSE: 0.000543
=========================================================
          Learning params for data #32
=========================================================
Actual Params: [8 0.008491 0.005127 0.5777 14 0.5]
Predicted Params: [8 0.008491 0.005127 0.5777 14 0.5087]
Actual M:[
  [
	[5.7048, 3.7208],
	[7.7198, 5.7898],
	[9.9728, 6.6704],
	[8.0746, 9.3472],
	[8.1099, 9.0008],
	[1.0643, 9.488],
	[4.4404, 9.6816],
	[8.5676, 9.6858],
	[7.9579, 9.985],
	[8.6474, 8.597]
  ]
]

Predicted M:[
  [
	[5.7048, 3.7208],
	[7.7198, 5.7898],
	[9.9728, 6.6704],
	[8.0746, 9.3472],
	[8.1099, 9.0008],
	[1.0643, 9.488],
	[4.4404, 9.6816],
	[8.5676, 9.6858],
	[7.9579, 9.985],
	[8.6474, 8.597]
  ]
]

MSE: 0.000385
=========================================================
          Learning params for data #33
=========================================================
Actual Params: [1 0.09521 0.05628 0.1741 6 0.5]
Predicted Params: [1 0.09521 0.05628 0.1741 6 0.5019]
Actual M:[
  [
	[7.2968, 6.045],
	[5.1579, 8.3015],
	[4.5535, 9.1979],
	[9.4324, 9.4335],
	[2.8239, 9.8698],
	[9.9763, 9.5003],
	[7.3356, 9.6859],
	[3.8799, 9.9493],
	[9.3317, 9.9764],
	[9.9454, 9.5406]
  ]
]

Predicted M:[
  [
	[7.2968, 6.045],
	[5.1579, 8.3015],
	[4.5535, 9.1979],
	[9.4324, 9.4335],
	[2.8239, 9.8698],
	[9.9763, 9.5003],
	[7.3356, 9.6859],
	[3.8799, 9.9493],
	[9.3317, 9.9764],
	[9.9454, 9.5406]
  ]
]

MSE: 0.000418
=========================================================
          Learning params for data #34
=========================================================
Actual Params: [9 0.06311 0.07324 0.4488 14 0.3]
Predicted Params: [9 0.06311 0.07324 0.4488 14 0.2884]
Actual M:[
  [
	[9.5418, 3.8056],
	[5.2621, 5.2979],
	[8.177, 5.2616],
	[9.829, 1.1468],
	[7.8225, 7.6813],
	[8.2215, 9.3769],
	[9.0439, 6.3645],
	[3.9988, 9.4547],
	[9.1966, 5.4824],
	[9.2987, 4.4834]
  ]
]

Predicted M:[
  [
	[9.5418, 3.8056],
	[5.2621, 5.2979],
	[8.177, 5.2616],
	[9.829, 1.1468],
	[7.8225, 7.6813],
	[8.2215, 9.3769],
	[9.0439, 6.3645],
	[3.9988, 9.4547],
	[9.1966, 5.4824],
	[9.2987, 4.4834]
  ]
]

MSE: 0.000000
=========================================================
          Learning params for data #35
=========================================================
Actual Params: [5 0.03524 0.08223 0.6444 6 0.5]
Predicted Params: [5 0.03524 0.08223 0.6444 6 0.5137]
Actual M:[
  [
	[2.088, 8.0924],
	[9.4089, 8.2197],
	[1.0218, 9.5521],
	[2.0831, 8.9038],
	[9.2242, 9.4121],
	[2.9104, 9.4517],
	[9.8383, 1.8581],
	[9.7369, 8.0655],
	[5.8444, 9.8396],
	[7.8131, 9.7975]
  ]
]

Predicted M:[
  [
	[2.088, 8.0924],
	[9.4089, 8.2197],
	[1.0218, 9.5521],
	[2.0831, 8.9038],
	[9.2242, 9.4121],
	[2.9104, 9.4517],
	[9.8383, 1.8581],
	[9.7369, 8.0655],
	[5.8444, 9.8396],
	[7.8131, 9.7975]
  ]
]

MSE: 0.000063
=========================================================
          Learning params for data #36
=========================================================
Actual Params: [14 0.06285 0.08092 0.6555 7 0.5]
Predicted Params: [14 0.06285 0.08092 0.6555 7 0.5088]
Actual M:[
  [
	[7.436, 9.0092],
	[1.8927, 9.0194],
	[9.4693, 5.5304],
	[9.5829, 2.2516],
	[4.9412, 9.1937],
	[3.8295, 9.3461],
	[8.1355, 9.7556],
	[8.8252, 6.3236],
	[7.6832, 9.9469],
	[9.4777, 3.8991]
  ]
]

Predicted M:[
  [
	[7.436, 9.0092],
	[1.8927, 9.0194],
	[9.4693, 5.5304],
	[9.5829, 2.2516],
	[4.9412, 9.1937],
	[3.8295, 9.3461],
	[8.1355, 9.7556],
	[8.8252, 6.3236],
	[7.6832, 9.9469],
	[9.4777, 3.8991]
  ]
]

MSE: 0.000203
=========================================================
          Learning params for data #37
=========================================================
Actual Params: [14 0.06555 0.05651 0.9684 10 0.7]
Predicted Params: [14 0.06555 0.05651 0.9684 10 0.6958]
Actual M:[
  [
	[8.5826, 1.3313],
	[3.6927, 3.2084],
	[6.6957, 8.1933],
	[7.2914, 8.7985],
	[7.4413, 9.6495],
	[7.6828, 8.8039],
	[8.0598, 5.575],
	[8.38, 7.4374],
	[5.459, 9.7161],
	[9.2898, 9.0054]
  ]
]

Predicted M:[
  [
	[8.5826, 1.3313],
	[3.6927, 3.2084],
	[6.6957, 8.1933],
	[7.2914, 8.7985],
	[7.4413, 9.6495],
	[7.6828, 8.8039],
	[8.0598, 5.575],
	[8.38, 7.4374],
	[5.459, 9.7161],
	[9.2898, 9.0054]
  ]
]

MSE: 0.000070
=========================================================
          Learning params for data #38
=========================================================
Actual Params: [14 0.04736 0.04274 1.021 14 0.7]
Predicted Params: [14 0.04736 0.04274 1.021 14 0.698]
Actual M:[
  [
	[9.6493, 5.6467],
	[3.3475, 8.0026],
	[8.612, 8.7781],
	[9.9036, 7.4234],
	[9.4993, 9.4411],
	[7.4478, 9.5729],
	[6.3826, 9.7054],
	[7.4893, 9.5955],
	[3.2038, 9.7965],
	[3.1913, 9.8386]
  ]
]

Predicted M:[
  [
	[9.6493, 5.6467],
	[3.3475, 8.0026],
	[8.612, 8.7781],
	[9.9036, 7.4234],
	[9.4993, 9.4411],
	[7.4478, 9.5729],
	[6.3826, 9.7054],
	[7.4893, 9.5955],
	[3.2038, 9.7965],
	[3.1913, 9.8386]
  ]
]

MSE: 0.000146
=========================================================
          Learning params for data #39
=========================================================
Actual Params: [11 0.0241 0.0415 0.5403 9 0.7]
Predicted Params: [11 0.0241 0.0415 0.5403 9 0.483]
Actual M:[
  [
	[5.3174, 6.541],
	[4.559, 8.2915],
	[9.3075, 6.8387],
	[1.7838, 8.8755],
	[9.8939, 6.2638],
	[6.6565, 7.9407],
	[9.6708, 8.8371],
	[1.3553, 9.5323],
	[9.9788, 6.403],
	[4.3456, 9.7865]
  ]
]

Predicted M:[
  [
	[5.3174, 6.541],
	[4.559, 8.2915],
	[9.3075, 6.8387],
	[1.7838, 8.8755],
	[9.8939, 6.2638],
	[6.6565, 7.9407],
	[9.6708, 8.8371],
	[1.3553, 9.5323],
	[9.9788, 6.403],
	[4.3456, 9.7865]
  ]
]

MSE: 0.030794
=========================================================
          Learning params for data #40
=========================================================
Actual Params: [12 0.02716 0.05083 0.9021 10 0.5]
Predicted Params: [12 0.02716 0.05083 0.9021 10 0.4978]
Actual M:[
  [
	[5.9813, 8.857],
	[2.2906, 8.8794],
	[5.7801, 9.2351],
	[6.8266, 8.1632],
	[8.3478, 3.3778],
	[7.0269, 4.3874],
	[1.1117, 9.3171],
	[7.4206, 9.486],
	[4.8724, 9.627],
	[2.4466, 9.9203]
  ]
]

Predicted M:[
  [
	[5.9813, 8.857],
	[2.2906, 8.8794],
	[5.7801, 9.2351],
	[6.8266, 8.1632],
	[8.3478, 3.3778],
	[7.0269, 4.3874],
	[1.1117, 9.3171],
	[7.4206, 9.486],
	[4.8724, 9.627],
	[2.4466, 9.9203]
  ]
]

MSE: 0.000205
=========================================================
          Learning params for data #41
=========================================================
Actual Params: [11 0.07186 0.04084 1.098 8 0.5]
Predicted Params: [11 0.07186 0.04084 1.098 8 0.4968]
Actual M:[
  [
	[9.4966, 4.3923],
	[6.2062, 4.8216],
	[6.3076, 8.1085],
	[8.1104, 6.604],
	[9.4108, 4.5254],
	[7.7387, 6.7754],
	[8.546, 7.2982],
	[8.5477, 5.4762],
	[6.8012, 7.7912],
	[6.2507, 8.6474]
  ]
]

Predicted M:[
  [
	[9.4966, 4.3923],
	[6.2062, 4.8216],
	[6.3076, 8.1085],
	[8.1104, 6.604],
	[9.4108, 4.5254],
	[7.7387, 6.7754],
	[8.546, 7.2982],
	[8.5477, 5.4762],
	[6.8012, 7.7912],
	[6.2507, 8.6474]
  ]
]

MSE: 0.000114
=========================================================
          Learning params for data #42
=========================================================
Actual Params: [13 0.0218 0.09536 0.4639 9 0.3]
Predicted Params: [13 0.0218 0.09536 0.4639 9 0.3078]
Actual M:[
  [
	[2.0279, 2.8171],
	[6.7757, 3.7702],
	[7.7594, 2.5341],
	[9.6663, 1.4961],
	[5.0725, 5.6776],
	[8.4876, 6.1199],
	[9.6807, 2.3055],
	[7.7952, 9.0043],
	[2.7536, 9.6323],
	[4.938, 9.9048]
  ]
]

Predicted M:[
  [
	[2.0279, 2.8171],
	[6.7757, 3.7702],
	[7.7594, 2.5341],
	[9.6663, 1.4961],
	[5.0725, 5.6776],
	[8.4876, 6.1199],
	[9.6807, 2.3055],
	[7.7952, 9.0043],
	[2.7536, 9.6323],
	[4.938, 9.9048]
  ]
]

MSE: 0.000818
=========================================================
          Learning params for data #43
=========================================================
Actual Params: [3 0.02769 0.03008 0.4205 13 0.5]
Predicted Params: [3 0.02769 0.03008 0.4205 13 0.4995]
Actual M:[
  [
	[3.8144, 4.6965],
	[8.8908, 1.112],
	[6.1777, 2.8816],
	[2.577, 6.7038],
	[7.3534, 5.8311],
	[7.632, 1.9114],
	[7.9117, 4.3506],
	[9.7059, 7.4736],
	[9.0777, 8.8829],
	[7.79, 9.9332]
  ]
]

Predicted M:[
  [
	[3.8144, 4.6965],
	[8.8908, 1.112],
	[6.1777, 2.8816],
	[2.577, 6.7038],
	[7.3534, 5.8311],
	[7.632, 1.9114],
	[7.9117, 4.3506],
	[9.7059, 7.4736],
	[9.0777, 8.8829],
	[7.79, 9.9332]
  ]
]

MSE: 0.000493
=========================================================
          Learning params for data #44
=========================================================
Actual Params: [13 0.02327 0.09667 0.8935 7 0.3]
Predicted Params: [13 0.02327 0.09667 0.8935 7 0.2979]
Actual M:[
  [
	[5.6802, 8.4259],
	[9.5799, 8.8496],
	[8.6892, 9.7304],
	[9.3479, 9.3353],
	[7.3602, 9.9011],
	[8.8976, 9.573],
	[9.7032, 3.3236],
	[9.8005, 7.3767],
	[9.4917, 8.8788],
	[9.9483, 6.9635]
  ]
]

Predicted M:[
  [
	[5.6802, 8.4259],
	[9.5799, 8.8496],
	[8.6892, 9.7304],
	[9.3479, 9.3353],
	[7.3602, 9.9011],
	[8.8976, 9.573],
	[9.7032, 3.3236],
	[9.8005, 7.3767],
	[9.4917, 8.8788],
	[9.9483, 6.9635]
  ]
]

MSE: 0.000058
=========================================================
          Learning params for data #45
=========================================================
Actual Params: [11 0.03547 0.08622 0.2948 11 0.7]
Predicted Params: [11 0.03547 0.08622 0.2948 11 0.6953]
Actual M:[
  [
	[1.0565, 8.2927],
	[2.2919, 7.231],
	[8.2918, 9.1729],
	[9.0298, 4.5772],
	[9.2428, 1.8416],
	[8.3467, 5.4678],
	[5.8844, 9.6688],
	[9.609, 3.1629],
	[9.1865, 8.2907],
	[1.8347, 9.6713]
  ]
]

Predicted M:[
  [
	[1.0565, 8.2927],
	[2.2919, 7.231],
	[8.2918, 9.1729],
	[9.0298, 4.5772],
	[9.2428, 1.8416],
	[8.3467, 5.4678],
	[5.8844, 9.6688],
	[9.609, 3.1629],
	[9.1865, 8.2907],
	[1.8347, 9.6713]
  ]
]

MSE: 0.000362
=========================================================
          Learning params for data #46
=========================================================
Actual Params: [11 0.009663 0.02598 0.7814 6 0.7]
Predicted Params: [11 0.009663 0.02598 0.7814 6 0.6967]
Actual M:[
  [
	[1.3496, 9.8356],
	[3.2454, 4.4705],
	[5.1364, 7.4988],
	[7.9945, 8.3358],
	[9.6129, 9.0904],
	[5.5272, 9.6729],
	[8.864, 9.5807],
	[9.6608, 1.2671],
	[9.8236, 7.4988],
	[9.905, 1.438]
  ]
]

Predicted M:[
  [
	[1.3496, 9.8356],
	[3.2454, 4.4705],
	[5.1364, 7.4988],
	[7.9945, 8.3358],
	[9.6129, 9.0904],
	[5.5272, 9.6729],
	[8.864, 9.5807],
	[9.6608, 1.2671],
	[9.8236, 7.4988],
	[9.905, 1.438]
  ]
]

MSE: 0.000244
=========================================================
          Learning params for data #47
=========================================================
Actual Params: [2 0.08549 0.05217 1.021 10 0.5]
Predicted Params: [2 0.08549 0.05217 1.021 10 0.5065]
Actual M:[
  [
	[6.4197, 8.5312],
	[7.2825, 2.4115],
	[7.4878, 7.4597],
	[9.4018, 3.7066],
	[9.3863, 8.8206],
	[4.5917, 9.1156],
	[9.9963, 2.8093],
	[9.673, 5.8576],
	[7.0466, 9.7278],
	[9.9488, 8.011]
  ]
]

Predicted M:[
  [
	[6.4197, 8.5312],
	[7.2825, 2.4115],
	[7.4878, 7.4597],
	[9.4018, 3.7066],
	[9.3863, 8.8206],
	[4.5917, 9.1156],
	[9.9963, 2.8093],
	[9.673, 5.8576],
	[7.0466, 9.7278],
	[9.9488, 8.011]
  ]
]

MSE: 0.000240
=========================================================
          Learning params for data #48
=========================================================
Actual Params: [10 0.02653 0.08072 0.1709 8 0.5]
Predicted Params: [10 0.02653 0.08072 0.1709 8 0.4914]
Actual M:[
  [
	[1.6357, 3.0094],
	[3.2455, 7.5796],
	[9.2054, 7.2426],
	[5.8109, 8.4481],
	[2.4679, 8.8071],
	[4.2052, 9.8133],
	[9.9833, 9.1913],
	[3.7357, 9.874],
	[4.9578, 9.8616],
	[7.3678, 9.8414]
  ]
]

Predicted M:[
  [
	[1.6357, 3.0094],
	[3.2455, 7.5796],
	[9.2054, 7.2426],
	[5.8109, 8.4481],
	[2.4679, 8.8071],
	[4.2052, 9.8133],
	[9.9833, 9.1913],
	[3.7357, 9.874],
	[4.9578, 9.8616],
	[7.3678, 9.8414]
  ]
]

MSE: 0.000381
=========================================================
          Learning params for data #49
=========================================================
Actual Params: [5 0.04857 0.07452 0.2358 13 0.7]
Predicted Params: [5 0.04857 0.07452 0.2358 13 0.7013]
Actual M:[
  [
	[2.0403, 1.0533],
	[8.0891, 4.1329],
	[5.0303, 5.6275],
	[5.3532, 4.4438],
	[8.9783, 3.9755],
	[7.6454, 6.7226],
	[2.132, 8.9672],
	[9.5171, 2.0318],
	[9.347, 8.4904],
	[5.3884, 9.1597]
  ]
]

Predicted M:[
  [
	[2.0403, 1.0533],
	[8.0891, 4.1329],
	[5.0303, 5.6275],
	[5.3532, 4.4438],
	[8.9783, 3.9755],
	[7.6454, 6.7226],
	[2.132, 8.9672],
	[9.5171, 2.0318],
	[9.347, 8.4904],
	[5.3884, 9.1597]
  ]
]

MSE: 0.000005
=========================================================
          Learning params for data #50
=========================================================
Actual Params: [7 0.03631 0.003161 0.8192 11 0.7]
Predicted Params: [7 0.03631 0.003161 0.8192 11 0.6942]
Actual M:[
  [
	[7.4161, 9.9921],
	[8.9057, 3.2043],
	[9.9986, 8.9739],
	[9.4435, 9.9927],
	[9.957, 9.1553],
	[9.6783, 9.4547],
	[9.9684, 9.7251],
	[9.6409, 9.7566],
	[9.5511, 9.9863],
	[9.7989, 9.7709]
  ]
]

Predicted M:[
  [
	[7.4161, 9.9921],
	[8.9057, 3.2043],
	[9.9986, 8.9739],
	[9.4435, 9.9927],
	[9.957, 9.1553],
	[9.6783, 9.4547],
	[9.9684, 9.7251],
	[9.6409, 9.7566],
	[9.5511, 9.9863],
	[9.7989, 9.7709]
  ]
]

MSE: 0.000608


MSE list: [0.0002047 6.55e-05 3.484e-05 0.0002596 0.000478 0.0003218 0.0003076 0.0007692 3.734e-05 0.0001551 0.0002959 0.000325 2.618e-05 0.0003904 0.0004102 6.108e-05 0.0002987 0.0002134 2.58e-06 7.396e-05 0.04689 0.0002963 0.0001155 0.0002824 0.0001264 2.756e-05 0.0008807 2.708e-05 7.358e-05 5.696e-05 0.000543 0.0003849 0.0004177 3.2e-07 6.306e-05 0.0002032 7.02e-05 0.0001455 0.03079 0.0002048 0.0001143 0.0008184 0.0004932 5.796e-05 0.0003617 0.0002438 0.00024 0.0003809 5.06e-06 0.0006084]
MSE mean: 0.001793
MSE std: 0.007813
Time elapsed: 15.754620
