set_nopts7_ncomb1_nproblem50_no7
Ns: 5000
=========================================================
          Learning params for data #1
=========================================================
Actual Params: [9 0.08845 0.01269 0.7495 13 0.5]
Predicted Params: [9 0.08845 0.01269 0.7495 13 0.4984]
Actual M:[
  [
	[8.3384, 6.6246],
	[9.0311, 8.2617],
	[5.8427, 8.985],
	[8.3056, 8.5811],
	[9.4814, 8.4822],
	[2.2812, 9.7371],
	[4.4956, 9.9658]
  ]
]

Predicted M:[
  [
	[8.3384, 6.6246],
	[9.0311, 8.2617],
	[5.8427, 8.985],
	[8.3056, 8.5811],
	[9.4814, 8.4822],
	[2.2812, 9.7371],
	[4.4956, 9.9658]
  ]
]

MSE: 0.000445
=========================================================
          Learning params for data #2
=========================================================
Actual Params: [13 0.09238 0.04316 0.812 6 0.5]
Predicted Params: [13 0.09238 0.04316 0.812 6 0.4914]
Actual M:[
  [
	[6.4494, 2.0486],
	[7.6849, 3.1943],
	[3.8657, 5.8926],
	[3.1969, 9.978],
	[3.3995, 8.0541],
	[3.9887, 4.2519],
	[7.3065, 4.5875]
  ]
]

Predicted M:[
  [
	[6.4494, 2.0486],
	[7.6849, 3.1943],
	[3.8657, 5.8926],
	[3.1969, 9.978],
	[3.3995, 8.0541],
	[3.9887, 4.2519],
	[7.3065, 4.5875]
  ]
]

MSE: 0.000805
=========================================================
          Learning params for data #3
=========================================================
Actual Params: [11 0.03571 0.08154 0.9309 10 0.7]
Predicted Params: [11 0.03571 0.08154 0.9309 10 0.6984]
Actual M:[
  [
	[1.9091, 8.2619],
	[2.2815, 3.5221],
	[9.129, 8.2068],
	[9.6532, 3.2659],
	[9.7142, 3.1291],
	[9.1961, 9.2166],
	[9.6592, 5.5104]
  ]
]

Predicted M:[
  [
	[1.9091, 8.2619],
	[2.2815, 3.5221],
	[9.129, 8.2068],
	[9.6532, 3.2659],
	[9.7142, 3.1291],
	[9.1961, 9.2166],
	[9.6592, 5.5104]
  ]
]

MSE: 0.000069
=========================================================
          Learning params for data #4
=========================================================
Actual Params: [4 0.0334 0.05484 1.088 14 0.5]
Predicted Params: [4 0.0334 0.05484 1.088 14 0.5]
Actual M:[
  [
	[1.3635, 7.7464],
	[9.6265, 3.7412],
	[9.228, 4.3235],
	[2.7763, 5.7233],
	[2.7564, 6.2784],
	[5.9492, 6.5055],
	[9.0981, 9.1746]
  ]
]

Predicted M:[
  [
	[1.3635, 7.7464],
	[9.6265, 3.7412],
	[9.228, 4.3235],
	[2.7763, 5.7233],
	[2.7564, 6.2784],
	[5.9492, 6.5055],
	[9.0981, 9.1746]
  ]
]

MSE: 0.000033
=========================================================
          Learning params for data #5
=========================================================
Actual Params: [4 0.07021 0.06206 0.1474 12 0.7]
Predicted Params: [4 0.07021 0.06206 0.1474 12 0.698]
Actual M:[
  [
	[5.9261, 9.1951],
	[8.0791, 6.0702],
	[8.7482, 2.1189],
	[7.1712, 9.5301],
	[9.9228, 1.7002],
	[8.46, 6.8526],
	[8.8226, 6.4315]
  ]
]

Predicted M:[
  [
	[5.9261, 9.1951],
	[8.0791, 6.0702],
	[8.7482, 2.1189],
	[7.1712, 9.5301],
	[9.9228, 1.7002],
	[8.46, 6.8526],
	[8.8226, 6.4315]
  ]
]

MSE: 0.000000
=========================================================
          Learning params for data #6
=========================================================
Actual Params: [12 0.05495 0.01709 1.006 14 0.3]
Predicted Params: [12 0.05495 0.01709 1.006 14 0.3065]
Actual M:[
  [
	[2.079, 9.5406],
	[4.5526, 2.275],
	[6.0732, 7.1172],
	[8.899, 8.0485],
	[8.0595, 8.7356],
	[4.2658, 9.3739],
	[9.0519, 5.9403]
  ]
]

Predicted M:[
  [
	[2.079, 9.5406],
	[4.5526, 2.275],
	[6.0732, 7.1172],
	[8.899, 8.0485],
	[8.0595, 8.7356],
	[4.2658, 9.3739],
	[9.0519, 5.9403]
  ]
]

MSE: 0.000364
=========================================================
          Learning params for data #7
=========================================================
Actual Params: [2 0.0653 0.01866 0.447 5 0.7]
Predicted Params: [2 0.0653 0.01866 0.447 5 0.6951]
Actual M:[
  [
	[5.1913, 1.8412],
	[3.2691, 4.9783],
	[9.6566, 6.7126],
	[6.7762, 9.6553],
	[7.1767, 9.0888],
	[9.7461, 9.7034],
	[6.3787, 9.7248]
  ]
]

Predicted M:[
  [
	[5.1913, 1.8412],
	[3.2691, 4.9783],
	[9.6566, 6.7126],
	[6.7762, 9.6553],
	[7.1767, 9.0888],
	[9.7461, 9.7034],
	[6.3787, 9.7248]
  ]
]

MSE: 0.000156
=========================================================
          Learning params for data #8
=========================================================
Actual Params: [14 0.09268 0.02683 0.3334 5 0.7]
Predicted Params: [14 0.09268 0.02683 0.3334 5 0.7002]
Actual M:[
  [
	[7.1217, 8.8047],
	[8.3548, 6.1959],
	[8.6426, 3.6607],
	[4.6388, 9.9604],
	[8.2461, 9.6935],
	[9.3047, 6.3959],
	[9.2035, 7.8609]
  ]
]

Predicted M:[
  [
	[7.1217, 8.8047],
	[8.3548, 6.1959],
	[8.6426, 3.6607],
	[4.6388, 9.9604],
	[8.2461, 9.6935],
	[9.3047, 6.3959],
	[9.2035, 7.8609]
  ]
]

MSE: 0.000176
=========================================================
          Learning params for data #9
=========================================================
Actual Params: [14 0.09798 0.01531 0.8346 11 0.7]
Predicted Params: [14 0.09798 0.01531 0.8346 11 0.7024]
Actual M:[
  [
	[6.1814, 6.4384],
	[2.955, 6.5245],
	[1.5303, 9.6554],
	[7.6248, 8.4137],
	[3.5806, 8.5477],
	[6.9838, 9.4863],
	[8.0292, 4.0917]
  ]
]

Predicted M:[
  [
	[6.1814, 6.4384],
	[2.955, 6.5245],
	[1.5303, 9.6554],
	[7.6248, 8.4137],
	[3.5806, 8.5477],
	[6.9838, 9.4863],
	[8.0292, 4.0917]
  ]
]

MSE: 0.000025
=========================================================
          Learning params for data #10
=========================================================
Actual Params: [4 0.07678 0.0106 1.06 13 0.3]
Predicted Params: [4 0.07678 0.0106 1.06 13 0.3025]
Actual M:[
  [
	[2.4332, 2.7894],
	[9.1536, 1.9348],
	[4.0583, 7.4746],
	[1.5358, 9.6189],
	[6.5635, 3.1809],
	[9.8769, 2.9326],
	[6.6484, 9.2737]
  ]
]

Predicted M:[
  [
	[2.4332, 2.7894],
	[9.1536, 1.9348],
	[4.0583, 7.4746],
	[1.5358, 9.6189],
	[6.5635, 3.1809],
	[9.8769, 2.9326],
	[6.6484, 9.2737]
  ]
]

MSE: 0.000007
=========================================================
          Learning params for data #11
=========================================================
Actual Params: [10 0.03969 0.04422 0.3435 12 0.3]
Predicted Params: [10 0.03969 0.04422 0.3435 12 0.3419]
Actual M:[
  [
	[6.6696, 9.897],
	[7.8198, 1.3153],
	[7.0757, 5.3514],
	[7.8026, 7.4118],
	[9.4006, 3.0143],
	[8.4152, 3.3298],
	[6.6864, 9.444]
  ]
]

Predicted M:[
  [
	[6.6696, 9.897],
	[7.8198, 1.3153],
	[7.0757, 5.3514],
	[7.8026, 7.4118],
	[9.4006, 3.0143],
	[8.4152, 3.3298],
	[6.6864, 9.444]
  ]
]

MSE: 0.000007
=========================================================
          Learning params for data #12
=========================================================
Actual Params: [11 0.01028 0.04718 0.7117 11 0.7]
Predicted Params: [11 0.01028 0.04718 0.7117 11 0.698]
Actual M:[
  [
	[9.4865, 3.4334],
	[1.4923, 4.7865],
	[9.2403, 7.9594],
	[6.4152, 8.6678],
	[9.6163, 5.7209],
	[3.3612, 9.6351],
	[9.2049, 9.6154]
  ]
]

Predicted M:[
  [
	[9.4865, 3.4334],
	[1.4923, 4.7865],
	[9.2403, 7.9594],
	[6.4152, 8.6678],
	[9.6163, 5.7209],
	[3.3612, 9.6351],
	[9.2049, 9.6154]
  ]
]

MSE: 0.000090
=========================================================
          Learning params for data #13
=========================================================
Actual Params: [13 0.00558 0.08372 0.681 11 0.5]
Predicted Params: [13 0.00558 0.08372 0.681 11 0.5011]
Actual M:[
  [
	[8.1267, 7.8191],
	[5.9622, 9.9699],
	[9.708, 8.335],
	[9.3349, 9.5001],
	[7.2942, 9.9719],
	[9.7403, 1.2148],
	[9.9279, 1.6471]
  ]
]

Predicted M:[
  [
	[8.1267, 7.8191],
	[5.9622, 9.9699],
	[9.708, 8.335],
	[9.3349, 9.5001],
	[7.2942, 9.9719],
	[9.7403, 1.2148],
	[9.9279, 1.6471]
  ]
]

MSE: 0.000039
=========================================================
          Learning params for data #14
=========================================================
Actual Params: [2 0.04581 0.06838 0.5299 10 0.3]
Predicted Params: [2 0.04581 0.06838 0.5299 10 0.3051]
Actual M:[
  [
	[2.5918, 6.3864],
	[5.3409, 7.1119],
	[6.1652, 7.2743],
	[1.5967, 9.2006],
	[9.0174, 2.6677],
	[5.2081, 8.7336],
	[9.7123, 6.521]
  ]
]

Predicted M:[
  [
	[2.5918, 6.3864],
	[5.3409, 7.1119],
	[6.1652, 7.2743],
	[1.5967, 9.2006],
	[9.0174, 2.6677],
	[5.2081, 8.7336],
	[9.7123, 6.521]
  ]
]

MSE: 0.000187
=========================================================
          Learning params for data #15
=========================================================
Actual Params: [11 0.0573 0.06613 0.2461 5 0.3]
Predicted Params: [11 0.0573 0.06613 0.2461 5 0.3052]
Actual M:[
  [
	[1.7615, 4.9858],
	[1.7674, 8.958],
	[9.2877, 8.4573],
	[4.1108, 9.531],
	[5.6975, 9.7825],
	[9.5627, 6.3923],
	[5.8263, 9.9938]
  ]
]

Predicted M:[
  [
	[1.7615, 4.9858],
	[1.7674, 8.958],
	[9.2877, 8.4573],
	[4.1108, 9.531],
	[5.6975, 9.7825],
	[9.5627, 6.3923],
	[5.8263, 9.9938]
  ]
]

MSE: 0.000086
=========================================================
          Learning params for data #16
=========================================================
Actual Params: [14 0.09521 0.004684 0.733 9 0.7]
Predicted Params: [14 0.09521 0.004684 0.733 9 0.6991]
Actual M:[
  [
	[7.0758, 5.0853],
	[9.1186, 3.7098],
	[1.8914, 8.1243],
	[8.1952, 9.1879],
	[6.0446, 9.8135],
	[8.3974, 4.4322],
	[9.9929, 6.6723]
  ]
]

Predicted M:[
  [
	[7.0758, 5.0853],
	[9.1186, 3.7098],
	[1.8914, 8.1243],
	[8.1952, 9.1879],
	[6.0446, 9.8135],
	[8.3974, 4.4322],
	[9.9929, 6.6723]
  ]
]

MSE: 0.000090
=========================================================
          Learning params for data #17
=========================================================
Actual Params: [11 0.02276 0.001354 1.038 7 0.7]
Predicted Params: [11 0.02276 0.001354 1.038 7 0.6942]
Actual M:[
  [
	[7.346, 5.4834],
	[5.9174, 6.4583],
	[9.4361, 7.2771],
	[1.8248, 8.181],
	[8.5732, 8.2754],
	[4.8171, 9.4232],
	[6.1744, 9.9265]
  ]
]

Predicted M:[
  [
	[7.346, 5.4834],
	[5.9174, 6.4583],
	[9.4361, 7.2771],
	[1.8248, 8.181],
	[8.5732, 8.2754],
	[4.8171, 9.4232],
	[6.1744, 9.9265]
  ]
]

MSE: 0.000016
=========================================================
          Learning params for data #18
=========================================================
Actual Params: [10 0.02557 0.03272 0.552 13 0.7]
Predicted Params: [10 0.02557 0.03272 0.552 13 0.5088]
Actual M:[
  [
	[7.2779, 3.8582],
	[2.4906, 6.652],
	[5.2258, 8.3934],
	[5.4462, 4.689],
	[7.5353, 8.484],
	[9.6622, 6.1472],
	[9.7916, 9.1723]
  ]
]

Predicted M:[
  [
	[7.2779, 3.8582],
	[2.4906, 6.652],
	[5.2258, 8.3934],
	[5.4462, 4.689],
	[7.5353, 8.484],
	[9.6622, 6.1472],
	[9.7916, 9.1723]
  ]
]

MSE: 0.008450
=========================================================
          Learning params for data #19
=========================================================
Actual Params: [9 0.03616 0.09655 0.2179 13 0.3]
Predicted Params: [9 0.03616 0.09655 0.2179 13 0.3415]
Actual M:[
  [
	[7.2795, 1.1162],
	[9.4526, 6.1722],
	[8.3399, 7.5033],
	[9.6716, 3.8085],
	[7.4856, 9.8554],
	[9.8111, 4.2976],
	[9.1981, 7.286]
  ]
]

Predicted M:[
  [
	[7.2795, 1.1162],
	[9.4526, 6.1722],
	[8.3399, 7.5033],
	[9.6716, 3.8085],
	[7.4856, 9.8554],
	[9.8111, 4.2976],
	[9.1981, 7.286]
  ]
]

MSE: 0.000000
=========================================================
          Learning params for data #20
=========================================================
Actual Params: [14 0.04821 0.06736 0.7606 6 0.7]
Predicted Params: [14 0.04821 0.06736 0.7606 6 0.694]
Actual M:[
  [
	[3.3835, 2.3984],
	[9.5452, 3.9865],
	[7.5935, 9.1944],
	[1.7365, 9.7441],
	[4.3607, 9.9191],
	[9.2178, 9.6633],
	[9.659, 6.7313]
  ]
]

Predicted M:[
  [
	[3.3835, 2.3984],
	[9.5452, 3.9865],
	[7.5935, 9.1944],
	[1.7365, 9.7441],
	[4.3607, 9.9191],
	[9.2178, 9.6633],
	[9.659, 6.7313]
  ]
]

MSE: 0.000851
=========================================================
          Learning params for data #21
=========================================================
Actual Params: [7 0.01756 0.05726 0.6271 12 0.7]
Predicted Params: [7 0.01756 0.05726 0.6271 12 0.7041]
Actual M:[
  [
	[5.0715, 1.9369],
	[9.93, 4.3545],
	[9.1288, 5.01],
	[2.9174, 8.6802],
	[3.1428, 7.7344],
	[9.5994, 5.3972],
	[6.1784, 6.4163]
  ]
]

Predicted M:[
  [
	[5.0715, 1.9369],
	[9.93, 4.3545],
	[9.1288, 5.01],
	[2.9174, 8.6802],
	[3.1428, 7.7344],
	[9.5994, 5.3972],
	[6.1784, 6.4163]
  ]
]

MSE: 0.000003
=========================================================
          Learning params for data #22
=========================================================
Actual Params: [7 0.09421 0.02245 0.6881 10 0.5]
Predicted Params: [7 0.09421 0.02245 0.6881 10 0.4995]
Actual M:[
  [
	[7.7056, 3.5645],
	[8.8962, 5.1148],
	[8.274, 6.9964],
	[1.684, 8.5607],
	[2.9053, 7.8616],
	[9.7855, 6.5645],
	[8.5107, 8.4228]
  ]
]

Predicted M:[
  [
	[7.7056, 3.5645],
	[8.8962, 5.1148],
	[8.274, 6.9964],
	[1.684, 8.5607],
	[2.9053, 7.8616],
	[9.7855, 6.5645],
	[8.5107, 8.4228]
  ]
]

MSE: 0.000034
=========================================================
          Learning params for data #23
=========================================================
Actual Params: [15 0.09168 0.08035 0.7381 13 0.5]
Predicted Params: [15 0.09168 0.08035 0.7381 13 0.4851]
Actual M:[
  [
	[6.4394, 4.7887],
	[3.6252, 6.0406],
	[6.836, 7.8081],
	[8.9564, 2.9364],
	[8.9695, 8.6289],
	[9.466, 9.9791],
	[9.6769, 2.5487]
  ]
]

Predicted M:[
  [
	[6.4394, 4.7887],
	[3.6252, 6.0406],
	[6.836, 7.8081],
	[8.9564, 2.9364],
	[8.9695, 8.6289],
	[9.466, 9.9791],
	[9.6769, 2.5487]
  ]
]

MSE: 0.000018
=========================================================
          Learning params for data #24
=========================================================
Actual Params: [8 0.09944 0.01657 0.5519 9 0.5]
Predicted Params: [8 0.09944 0.01657 0.5519 9 0.4914]
Actual M:[
  [
	[6.8629, 5.9912],
	[8.6061, 7.9501],
	[8.8443, 8.1994],
	[1.381, 8.8954],
	[3.2482, 9.5236],
	[9.9832, 6.3665],
	[3.9924, 8.7212]
  ]
]

Predicted M:[
  [
	[6.8629, 5.9912],
	[8.6061, 7.9501],
	[8.8443, 8.1994],
	[1.381, 8.8954],
	[3.2482, 9.5236],
	[9.9832, 6.3665],
	[3.9924, 8.7212]
  ]
]

MSE: 0.000153
=========================================================
          Learning params for data #25
=========================================================
Actual Params: [15 0.06145 0.04393 0.2636 14 0.3]
Predicted Params: [15 0.06145 0.04393 0.2636 14 0.2947]
Actual M:[
  [
	[7.5079, 6.4044],
	[9.3987, 6.386],
	[3.8668, 9.7191],
	[3.5788, 9.752],
	[7.1197, 6.6698],
	[5.0057, 7.3837],
	[8.1796, 6.9793]
  ]
]

Predicted M:[
  [
	[7.5079, 6.4044],
	[9.3987, 6.386],
	[3.8668, 9.7191],
	[3.5788, 9.752],
	[7.1197, 6.6698],
	[5.0057, 7.3837],
	[8.1796, 6.9793]
  ]
]

MSE: 0.000239
=========================================================
          Learning params for data #26
=========================================================
Actual Params: [5 0.02763 0.09735 0.6474 7 0.7]
Predicted Params: [5 0.02763 0.09735 0.6474 7 0.7024]
Actual M:[
  [
	[8.2617, 8.2137],
	[9.0082, 1.7286],
	[4.8846, 9.8796],
	[8.2116, 9.1359],
	[8.7794, 4.7894],
	[7.8923, 9.8488],
	[9.0321, 1.9294]
  ]
]

Predicted M:[
  [
	[8.2617, 8.2137],
	[9.0082, 1.7286],
	[4.8846, 9.8796],
	[8.2116, 9.1359],
	[8.7794, 4.7894],
	[7.8923, 9.8488],
	[9.0321, 1.9294]
  ]
]

MSE: 0.000114
=========================================================
          Learning params for data #27
=========================================================
Actual Params: [9 0.05548 0.01914 0.5159 8 0.3]
Predicted Params: [9 0.05548 0.01914 0.5159 8 0.4747]
Actual M:[
  [
	[4.9516, 4.7701],
	[9.7191, 4.8854],
	[8.5333, 9.2107],
	[9.9963, 1.3132],
	[9.6917, 9.7472],
	[3.2754, 9.8253],
	[7.0832, 9.8855]
  ]
]

Predicted M:[
  [
	[4.9516, 4.7701],
	[9.7191, 4.8854],
	[8.5333, 9.2107],
	[9.9963, 1.3132],
	[9.6917, 9.7472],
	[3.2754, 9.8253],
	[7.0832, 9.8855]
  ]
]

MSE: 0.023373
=========================================================
          Learning params for data #28
=========================================================
Actual Params: [14 0.008807 0.1003 0.9942 10 0.7]
Predicted Params: [14 0.008807 0.1003 0.9942 10 0.6987]
Actual M:[
  [
	[6.3624, 4.7834],
	[5.3326, 8.3826],
	[8.7533, 3.1064],
	[5.7224, 8.4334],
	[7.7911, 8.9825],
	[9.9243, 4.7561],
	[8.6309, 7.7962]
  ]
]

Predicted M:[
  [
	[6.3624, 4.7834],
	[5.3326, 8.3826],
	[8.7533, 3.1064],
	[5.7224, 8.4334],
	[7.7911, 8.9825],
	[9.9243, 4.7561],
	[8.6309, 7.7962]
  ]
]

MSE: 0.000037
=========================================================
          Learning params for data #29
=========================================================
Actual Params: [11 0.09525 0.01116 0.1339 12 0.5]
Predicted Params: [11 0.09525 0.01116 0.1339 12 0.4946]
Actual M:[
  [
	[4.8445, 1.6538],
	[2.2872, 5.5059],
	[8.8449, 6.566],
	[3.3074, 9.1376],
	[6.3627, 8.9299],
	[6.6026, 7.074],
	[9.9788, 5.9479]
  ]
]

Predicted M:[
  [
	[4.8445, 1.6538],
	[2.2872, 5.5059],
	[8.8449, 6.566],
	[3.3074, 9.1376],
	[6.3627, 8.9299],
	[6.6026, 7.074],
	[9.9788, 5.9479]
  ]
]

MSE: 0.000176
=========================================================
          Learning params for data #30
=========================================================
Actual Params: [13 0.02844 0.08305 0.6406 10 0.5]
Predicted Params: [13 0.02844 0.08305 0.6406 10 0.4989]
Actual M:[
  [
	[4.9992, 4.2144],
	[8.4933, 4.7592],
	[6.26, 9.5704],
	[8.5111, 2.2708],
	[9.9238, 8.7405],
	[8.2785, 8.9769],
	[8.4415, 9.7328]
  ]
]

Predicted M:[
  [
	[4.9992, 4.2144],
	[8.4933, 4.7592],
	[6.26, 9.5704],
	[8.5111, 2.2708],
	[9.9238, 8.7405],
	[8.2785, 8.9769],
	[8.4415, 9.7328]
  ]
]

MSE: 0.000339
=========================================================
          Learning params for data #31
=========================================================
Actual Params: [8 0.06051 0.04321 0.9129 5 0.7]
Predicted Params: [8 0.06051 0.04321 0.9129 5 0.695]
Actual M:[
  [
	[3.6995, 3.1453],
	[8.0848, 7.6655],
	[6.9517, 8.4247],
	[5.4674, 9.7774],
	[2.9795, 9.9862],
	[9.4587, 4.9214],
	[8.1463, 6.7622]
  ]
]

Predicted M:[
  [
	[3.6995, 3.1453],
	[8.0848, 7.6655],
	[6.9517, 8.4247],
	[5.4674, 9.7774],
	[2.9795, 9.9862],
	[9.4587, 4.9214],
	[8.1463, 6.7622]
  ]
]

MSE: 0.000361
=========================================================
          Learning params for data #32
=========================================================
Actual Params: [2 0.06817 0.06424 1.088 5 0.7]
Predicted Params: [2 0.06817 0.06424 1.088 5 0.683]
Actual M:[
  [
	[1.4704, 4.7254],
	[7.4178, 2.2857],
	[9.5247, 2.1585],
	[7.2195, 6.7343],
	[9.4141, 6.7134],
	[9.5387, 9.8133],
	[9.6364, 6.4308]
  ]
]

Predicted M:[
  [
	[1.4704, 4.7254],
	[7.4178, 2.2857],
	[9.5247, 2.1585],
	[7.2195, 6.7343],
	[9.4141, 6.7134],
	[9.5387, 9.8133],
	[9.6364, 6.4308]
  ]
]

MSE: 0.000657
=========================================================
          Learning params for data #33
=========================================================
Actual Params: [15 0.0565 0.07152 0.611 8 0.7]
Predicted Params: [15 0.0565 0.07152 0.611 8 0.6936]
Actual M:[
  [
	[5.8659, 9.5255],
	[8.6484, 3.9099],
	[8.5928, 4.7203],
	[7.2178, 5.5154],
	[8.1667, 9.0356],
	[4.4395, 9.532],
	[8.7217, 9.4473]
  ]
]

Predicted M:[
  [
	[5.8659, 9.5255],
	[8.6484, 3.9099],
	[8.5928, 4.7203],
	[7.2178, 5.5154],
	[8.1667, 9.0356],
	[4.4395, 9.532],
	[8.7217, 9.4473]
  ]
]

MSE: 0.000140
=========================================================
          Learning params for data #34
=========================================================
Actual Params: [9 0.04467 0.03756 0.5957 11 0.5]
Predicted Params: [9 0.04467 0.03756 0.5957 11 0.5044]
Actual M:[
  [
	[3.812, 9.3178],
	[5.1086, 7.8655],
	[6.6097, 1.2002],
	[4.9641, 9.5285],
	[8.9264, 2.0507],
	[5.7488, 8.6343],
	[8.4502, 8.0968]
  ]
]

Predicted M:[
  [
	[3.812, 9.3178],
	[5.1086, 7.8655],
	[6.6097, 1.2002],
	[4.9641, 9.5285],
	[8.9264, 2.0507],
	[5.7488, 8.6343],
	[8.4502, 8.0968]
  ]
]

MSE: 0.000046
=========================================================
          Learning params for data #35
=========================================================
Actual Params: [10 0.0778 0.07224 0.6405 8 0.7]
Predicted Params: [10 0.0778 0.07224 0.6405 8 0.6942]
Actual M:[
  [
	[2.3142, 8.2104],
	[7.0627, 1.3387],
	[6.5594, 7.171],
	[7.9044, 3.5296],
	[7.9679, 4.8665],
	[7.3293, 5.7744],
	[9.8698, 5.5969]
  ]
]

Predicted M:[
  [
	[2.3142, 8.2104],
	[7.0627, 1.3387],
	[6.5594, 7.171],
	[7.9044, 3.5296],
	[7.9679, 4.8665],
	[7.3293, 5.7744],
	[9.8698, 5.5969]
  ]
]

MSE: 0.000088
=========================================================
          Learning params for data #36
=========================================================
Actual Params: [12 0.09929 0.001425 0.9583 10 0.3]
Predicted Params: [12 0.09929 0.001425 0.9583 10 0.2973]
Actual M:[
  [
	[7.0182, 9.742],
	[7.7006, 7.0071],
	[8.1727, 8.3026],
	[8.8499, 8.6137],
	[7.9777, 9.9899],
	[9.2396, 5.6627],
	[9.4407, 4.5438]
  ]
]

Predicted M:[
  [
	[7.0182, 9.742],
	[7.7006, 7.0071],
	[8.1727, 8.3026],
	[8.8499, 8.6137],
	[7.9777, 9.9899],
	[9.2396, 5.6627],
	[9.4407, 4.5438]
  ]
]

MSE: 0.000132
=========================================================
          Learning params for data #37
=========================================================
Actual Params: [10 0.08421 0.0314 0.3706 7 0.7]
Predicted Params: [10 0.08421 0.0314 0.3706 7 0.6934]
Actual M:[
  [
	[8.037, 6.547],
	[3.4511, 8.5496],
	[2.9552, 9.7267],
	[9.5572, 5.4546],
	[9.7481, 4.8056],
	[6.1639, 9.4673],
	[9.6701, 7.9961]
  ]
]

Predicted M:[
  [
	[8.037, 6.547],
	[3.4511, 8.5496],
	[2.9552, 9.7267],
	[9.5572, 5.4546],
	[9.7481, 4.8056],
	[6.1639, 9.4673],
	[9.6701, 7.9961]
  ]
]

MSE: 0.000273
=========================================================
          Learning params for data #38
=========================================================
Actual Params: [9 0.02933 0.06389 1.016 12 0.3]
Predicted Params: [9 0.02933 0.06389 1.016 12 0.3079]
Actual M:[
  [
	[1.9349, 8.7854],
	[3.7998, 7.4662],
	[4.5652, 8.569],
	[6.221, 6.2819],
	[9.7838, 9.3262],
	[6.9565, 9.7606],
	[7.0925, 9.5977]
  ]
]

Predicted M:[
  [
	[1.9349, 8.7854],
	[3.7998, 7.4662],
	[4.5652, 8.569],
	[6.221, 6.2819],
	[9.7838, 9.3262],
	[6.9565, 9.7606],
	[7.0925, 9.5977]
  ]
]

MSE: 0.000015
=========================================================
          Learning params for data #39
=========================================================
Actual Params: [13 0.03246 0.0441 0.2898 8 0.7]
Predicted Params: [13 0.03246 0.0441 0.2898 8 0.7048]
Actual M:[
  [
	[1.6237, 9.2367],
	[5.0696, 2.6172],
	[7.68, 8.3474],
	[3.6224, 9.8947],
	[9.5361, 6.8175],
	[3.9296, 9.8782],
	[8.8539, 8.5802]
  ]
]

Predicted M:[
  [
	[1.6237, 9.2367],
	[5.0696, 2.6172],
	[7.68, 8.3474],
	[3.6224, 9.8947],
	[9.5361, 6.8175],
	[3.9296, 9.8782],
	[8.8539, 8.5802]
  ]
]

MSE: 0.000085
=========================================================
          Learning params for data #40
=========================================================
Actual Params: [6 0.06493 0.07432 0.2991 8 0.7]
Predicted Params: [6 0.06493 0.07432 0.2991 8 0.701]
Actual M:[
  [
	[9.1619, 7.4839],
	[2.21, 9.5028],
	[3.4919, 8.9991],
	[2.4725, 9.9379],
	[5.1616, 9.3736],
	[9.8121, 1.7282],
	[9.3923, 3.305]
  ]
]

Predicted M:[
  [
	[9.1619, 7.4839],
	[2.21, 9.5028],
	[3.4919, 8.9991],
	[2.4725, 9.9379],
	[5.1616, 9.3736],
	[9.8121, 1.7282],
	[9.3923, 3.305]
  ]
]

MSE: 0.000170
=========================================================
          Learning params for data #41
=========================================================
Actual Params: [9 0.07776 0.08397 0.154 11 0.5]
Predicted Params: [9 0.07776 0.08397 0.154 11 0.5021]
Actual M:[
  [
	[6.762, 5.7099],
	[6.2168, 9.9366],
	[7.4759, 3.2298],
	[8.7234, 6.7565],
	[9.7655, 1.9233],
	[8.2147, 8.1387],
	[9.0781, 2.5042]
  ]
]

Predicted M:[
  [
	[6.762, 5.7099],
	[6.2168, 9.9366],
	[7.4759, 3.2298],
	[8.7234, 6.7565],
	[9.7655, 1.9233],
	[8.2147, 8.1387],
	[9.0781, 2.5042]
  ]
]

MSE: 0.000236
=========================================================
          Learning params for data #42
=========================================================
Actual Params: [12 0.05991 0.01296 0.4551 14 0.3]
Predicted Params: [12 0.05991 0.01296 0.4551 14 0.4779]
Actual M:[
  [
	[1.7153, 6.2184],
	[4.635, 3.9317],
	[6.4118, 8.2925],
	[1.2303, 9.5884],
	[8.4723, 3.6514],
	[8.4121, 8.6239],
	[8.8902, 1.8172]
  ]
]

Predicted M:[
  [
	[1.7153, 6.2184],
	[4.635, 3.9317],
	[6.4118, 8.2925],
	[1.2303, 9.5884],
	[8.4723, 3.6514],
	[8.4121, 8.6239],
	[8.8902, 1.8172]
  ]
]

MSE: 0.049791
=========================================================
          Learning params for data #43
=========================================================
Actual Params: [12 0.02384 0.08461 0.7719 13 0.7]
Predicted Params: [12 0.02384 0.08461 0.7719 13 0.695]
Actual M:[
  [
	[3.7464, 9.7592],
	[5.976, 3.2462],
	[9.4677, 5.5842],
	[9.2743, 9.5055],
	[9.8241, 4.6663],
	[9.5081, 7.4442],
	[9.9515, 4.4498]
  ]
]

Predicted M:[
  [
	[3.7464, 9.7592],
	[5.976, 3.2462],
	[9.4677, 5.5842],
	[9.2743, 9.5055],
	[9.8241, 4.6663],
	[9.5081, 7.4442],
	[9.9515, 4.4498]
  ]
]

MSE: 0.000264
=========================================================
          Learning params for data #44
=========================================================
Actual Params: [4 0.0931 0.08943 0.7118 9 0.7]
Predicted Params: [4 0.0931 0.08943 0.7118 9 0.695]
Actual M:[
  [
	[7.77, 5.4646],
	[7.2231, 8.1471],
	[9.6986, 5.8738],
	[5.4694, 8.5525],
	[8.0851, 6.4214],
	[6.4549, 8.8254],
	[9.8533, 9.4871]
  ]
]

Predicted M:[
  [
	[7.77, 5.4646],
	[7.2231, 8.1471],
	[9.6986, 5.8738],
	[5.4694, 8.5525],
	[8.0851, 6.4214],
	[6.4549, 8.8254],
	[9.8533, 9.4871]
  ]
]

MSE: 0.000023
=========================================================
          Learning params for data #45
=========================================================
Actual Params: [13 0.03178 0.08184 1.069 6 0.5]
Predicted Params: [13 0.03178 0.08184 1.069 6 0.4985]
Actual M:[
  [
	[2.0646, 3.5615],
	[3.992, 4.8405],
	[3.5253, 8.1686],
	[9.3009, 1.7367],
	[1.4109, 9.9802],
	[4.0407, 4.3455],
	[4.7119, 8.1897]
  ]
]

Predicted M:[
  [
	[2.0646, 3.5615],
	[3.992, 4.8405],
	[3.5253, 8.1686],
	[9.3009, 1.7367],
	[1.4109, 9.9802],
	[4.0407, 4.3455],
	[4.7119, 8.1897]
  ]
]

MSE: 0.000108
=========================================================
          Learning params for data #46
=========================================================
Actual Params: [15 0.06552 0.07319 0.2152 14 0.5]
Predicted Params: [15 0.06552 0.07319 0.2152 14 0.4983]
Actual M:[
  [
	[8.7656, 8.1312],
	[9.2817, 1.0305],
	[9.5698, 6.7826],
	[6.9531, 9.2279],
	[4.481, 9.8332],
	[9.844, 5.0633],
	[6.366, 9.2514]
  ]
]

Predicted M:[
  [
	[8.7656, 8.1312],
	[9.2817, 1.0305],
	[9.5698, 6.7826],
	[6.9531, 9.2279],
	[4.481, 9.8332],
	[9.844, 5.0633],
	[6.366, 9.2514]
  ]
]

MSE: 0.000261
=========================================================
          Learning params for data #47
=========================================================
Actual Params: [1 0.04606 0.05703 0.184 13 0.5]
Predicted Params: [1 0.04606 0.05703 0.184 13 0.5]
Actual M:[
  [
	[7.4607, 3.9394],
	[7.9644, 6.7349],
	[8.78, 5.4182],
	[9.2775, 4.7186],
	[4.7755, 8.2747],
	[8.35, 7.8241],
	[6.9874, 9.6531]
  ]
]

Predicted M:[
  [
	[7.4607, 3.9394],
	[7.9644, 6.7349],
	[8.78, 5.4182],
	[9.2775, 4.7186],
	[4.7755, 8.2747],
	[8.35, 7.8241],
	[6.9874, 9.6531]
  ]
]

MSE: 0.000320
=========================================================
          Learning params for data #48
=========================================================
Actual Params: [7 0.09463 0.07457 1.006 14 0.7]
Predicted Params: [7 0.09463 0.07457 1.006 14 0.6979]
Actual M:[
  [
	[5.4755, 3.0316],
	[6.1536, 8.4096],
	[9.7452, 1.7649],
	[6.62, 6.3689],
	[2.3237, 9.5896],
	[8.2995, 5.9612],
	[6.2851, 9.2907]
  ]
]

Predicted M:[
  [
	[5.4755, 3.0316],
	[6.1536, 8.4096],
	[9.7452, 1.7649],
	[6.62, 6.3689],
	[2.3237, 9.5896],
	[8.2995, 5.9612],
	[6.2851, 9.2907]
  ]
]

MSE: 0.000241
=========================================================
          Learning params for data #49
=========================================================
Actual Params: [14 0.0194 0.08044 0.5369 9 0.5]
Predicted Params: [14 0.0194 0.08044 0.5369 9 0.4941]
Actual M:[
  [
	[5.4184, 3.1609],
	[2.1143, 4.5906],
	[3.665, 8.2897],
	[5.4438, 8.4507],
	[7.8322, 5.1242],
	[9.7488, 3.0796],
	[8.0587, 9.5324]
  ]
]

Predicted M:[
  [
	[5.4184, 3.1609],
	[2.1143, 4.5906],
	[3.665, 8.2897],
	[5.4438, 8.4507],
	[7.8322, 5.1242],
	[9.7488, 3.0796],
	[8.0587, 9.5324]
  ]
]

MSE: 0.000055
=========================================================
          Learning params for data #50
=========================================================
Actual Params: [3 0.06843 0.08593 1.035 13 0.5]
Predicted Params: [3 0.06843 0.08593 1.035 13 0.4914]
Actual M:[
  [
	[9.7138, 2.1185],
	[5.8658, 5.8989],
	[8.4842, 3.6228],
	[8.3593, 9.9277],
	[9.3835, 4.9459],
	[9.7025, 7.1702],
	[8.4297, 7.2125]
  ]
]

Predicted M:[
  [
	[9.7138, 2.1185],
	[5.8658, 5.8989],
	[8.4842, 3.6228],
	[8.3593, 9.9277],
	[9.3835, 4.9459],
	[9.7025, 7.1702],
	[8.4297, 7.2125]
  ]
]

MSE: 0.000147


MSE list: [0.0004453 0.0008054 6.922e-05 3.254e-05 3.2e-07 0.0003636 0.0001557 0.0001763 2.546e-05 7.38e-06 7.4e-06 8.996e-05 3.94e-05 0.0001871 8.636e-05 8.982e-05 1.57e-05 0.00845 8e-08 0.0008514 2.72e-06 3.424e-05 1.85e-05 0.0001535 0.0002386 0.0001138 0.02337 3.686e-05 0.0001762 0.0003386 0.0003607 0.0006567 0.0001397 4.576e-05 8.808e-05 0.0001321 0.0002733 1.466e-05 8.538e-05 0.0001702 0.0002359 0.04979 0.0002641 2.314e-05 0.0001083 0.000261 0.0003199 0.0002407 5.514e-05 0.0001475]
MSE mean: 0.001796
MSE std: 0.007744
Time elapsed: 14.332367
