set_nopts7_ncomb3_nproblem50_no3
Ns: 5000
=========================================================
          Learning params for data #1
=========================================================
Actual Params: [10 0.04173 0.03466 0.5572 5 0.5]
Predicted Params: [10 0.04173 0.03466 0.5572 5 0.5001]
Actual M:[
  [
	[3.327, 6.6774],
	[4.0886, 7.1075],
	[8.324, 5.7177],
	[4.2363, 9.2446],
	[9.3038, 2.5745],
	[9.4992, 7.1997],
	[9.095, 9.4601]
  ]
]

Predicted M:[
  [
	[3.327, 6.6774],
	[4.0886, 7.1075],
	[8.324, 5.7177],
	[4.2363, 9.2446],
	[9.3038, 2.5745],
	[9.4992, 7.1997],
	[9.095, 9.4601]
  ]
]

MSE: 0.000027
=========================================================
          Learning params for data #2
=========================================================
Actual Params: [14 0.06396 0.07738 0.1246 8 0.3]
Predicted Params: [14 0.06396 0.07738 0.1246 8 0.2922]
Actual M:[
  [
	[2.2974, 2.9521],
	[1.474, 4.8123],
	[4.2977, 5.899],
	[3.0344, 6.4832],
	[8.5602, 6.0094],
	[8.3612, 7.468],
	[9.4391, 9.4863]
  ]
]

Predicted M:[
  [
	[2.2974, 2.9521],
	[1.474, 4.8123],
	[4.2977, 5.899],
	[3.0344, 6.4832],
	[8.5602, 6.0094],
	[8.3612, 7.468],
	[9.4391, 9.4863]
  ]
]

MSE: 0.000002
=========================================================
          Learning params for data #3
=========================================================
Actual Params: [15 0.04136 0.02832 0.8968 8 0.3]
Predicted Params: [15 0.04136 0.02832 0.8968 8 0.2979]
Actual M:[
  [
	[7.6431, 1.1469],
	[6.6651, 4.4841],
	[5.208, 9.7819],
	[9.2695, 7.3456],
	[1.745, 9.9442],
	[3.2269, 9.9128],
	[9.1759, 7.6372]
  ]
]

Predicted M:[
  [
	[7.6431, 1.1469],
	[6.6651, 4.4841],
	[5.208, 9.7819],
	[9.2695, 7.3456],
	[1.745, 9.9442],
	[3.2269, 9.9128],
	[9.1759, 7.6372]
  ]
]

MSE: 0.000108
=========================================================
          Learning params for data #4
=========================================================
Actual Params: [12 0.06466 0.06487 0.3647 7 0.3]
Predicted Params: [12 0.06466 0.06487 0.3647 7 0.3005]
Actual M:[
  [
	[9.9268, 4.1831],
	[4.2173, 8.7973],
	[4.6485, 6.2715],
	[8.3487, 6.1024],
	[6.0533, 9.2011],
	[7.4545, 6.5053],
	[9.7432, 6.0184]
  ]
]

Predicted M:[
  [
	[9.9268, 4.1831],
	[4.2173, 8.7973],
	[4.6485, 6.2715],
	[8.3487, 6.1024],
	[6.0533, 9.2011],
	[7.4545, 6.5053],
	[9.7432, 6.0184]
  ]
]

MSE: 0.000044
=========================================================
          Learning params for data #5
=========================================================
Actual Params: [5 0.09737 0.06753 0.4007 13 0.7]
Predicted Params: [5 0.09737 0.06753 0.4007 13 0.5]
Actual M:[
  [
	[4.9984, 8.1544],
	[9.41, 2.7158],
	[9.5546, 9.7634],
	[9.6854, 5.1078],
	[2.5405, 9.8447],
	[9.591, 9.8889],
	[3.1829, 9.9833]
  ]
]

Predicted M:[
  [
	[4.9984, 8.1544],
	[9.41, 2.7158],
	[9.5546, 9.7634],
	[9.6854, 5.1078],
	[2.5405, 9.8447],
	[9.591, 9.8889],
	[3.1829, 9.9833]
  ]
]

MSE: 0.002442
=========================================================
          Learning params for data #6
=========================================================
Actual Params: [12 0.0142 0.0685 0.8973 8 0.3]
Predicted Params: [12 0.0142 0.0685 0.8973 8 0.3013]
Actual M:[
  [
	[3.3564, 7.221],
	[7.9815, 6.1756],
	[9.6194, 3.3845],
	[4.5675, 7.8075],
	[3.5872, 8.0994],
	[9.2473, 6.8654],
	[8.3528, 7.5186]
  ]
]

Predicted M:[
  [
	[3.3564, 7.221],
	[7.9815, 6.1756],
	[9.6194, 3.3845],
	[4.5675, 7.8075],
	[3.5872, 8.0994],
	[9.2473, 6.8654],
	[8.3528, 7.5186]
  ]
]

MSE: 0.000034
=========================================================
          Learning params for data #7
=========================================================
Actual Params: [14 0.02476 0.06473 0.3003 9 0.5]
Predicted Params: [14 0.02476 0.06473 0.3003 9 0.5003]
Actual M:[
  [
	[7.0741, 4.604],
	[6.349, 9.8188],
	[8.1352, 7.7365],
	[9.6996, 6.8206],
	[7.405, 8.7926],
	[8.8678, 8.2088],
	[9.008, 8.6008]
  ]
]

Predicted M:[
  [
	[7.0741, 4.604],
	[6.349, 9.8188],
	[8.1352, 7.7365],
	[9.6996, 6.8206],
	[7.405, 8.7926],
	[8.8678, 8.2088],
	[9.008, 8.6008]
  ]
]

MSE: 0.000002
=========================================================
          Learning params for data #8
=========================================================
Actual Params: [3 0.00206 0.002506 0.688 11 0.5]
Predicted Params: [3 0.00206 0.002506 0.688 11 0.5011]
Actual M:[
  [
	[6.8225, 1.9709],
	[3.284, 7.9561],
	[5.6183, 3.7759],
	[8.0486, 8.6327],
	[9.6146, 3.4787],
	[9.7305, 7.6386],
	[8.6793, 9.9176]
  ]
]

Predicted M:[
  [
	[6.8225, 1.9709],
	[3.284, 7.9561],
	[5.6183, 3.7759],
	[8.0486, 8.6327],
	[9.6146, 3.4787],
	[9.7305, 7.6386],
	[8.6793, 9.9176]
  ]
]

MSE: 0.000007
=========================================================
          Learning params for data #9
=========================================================
Actual Params: [14 0.06625 0.03704 0.6563 5 0.3]
Predicted Params: [14 0.06625 0.03704 0.6563 5 0.2976]
Actual M:[
  [
	[3.8837, 3.0405],
	[5.4982, 4.471],
	[7.3711, 8.8009],
	[8.3285, 7.9562],
	[6.5133, 9.591],
	[9.0034, 9.0064],
	[9.9171, 4.2581]
  ]
]

Predicted M:[
  [
	[3.8837, 3.0405],
	[5.4982, 4.471],
	[7.3711, 8.8009],
	[8.3285, 7.9562],
	[6.5133, 9.591],
	[9.0034, 9.0064],
	[9.9171, 4.2581]
  ]
]

MSE: 0.000030
=========================================================
          Learning params for data #10
=========================================================
Actual Params: [5 0.08267 0.07421 1.08 8 0.5]
Predicted Params: [5 0.08267 0.07421 1.08 8 0.5044]
Actual M:[
  [
	[7.6659, 3.199],
	[6.394, 3.2064],
	[8.4579, 5.6233],
	[3.904, 9.0843],
	[5.3382, 5.978],
	[6.321, 6.9612],
	[4.6318, 7.764]
  ]
]

Predicted M:[
  [
	[7.6659, 3.199],
	[6.394, 3.2064],
	[8.4579, 5.6233],
	[3.904, 9.0843],
	[5.3382, 5.978],
	[6.321, 6.9612],
	[4.6318, 7.764]
  ]
]

MSE: 0.000118
=========================================================
          Learning params for data #11
=========================================================
Actual Params: [2 0.07543 0.01362 0.2603 7 0.5]
Predicted Params: [2 0.07543 0.01362 0.2603 7 0.4957]
Actual M:[
  [
	[2.7149, 7.8611],
	[7.5578, 7.062],
	[4.3595, 7.1156],
	[8.5539, 1.86],
	[9.0947, 2.1496],
	[5.0928, 7.3231],
	[7.4843, 8.1818]
  ]
]

Predicted M:[
  [
	[2.7149, 7.8611],
	[7.5578, 7.062],
	[4.3595, 7.1156],
	[8.5539, 1.86],
	[9.0947, 2.1496],
	[5.0928, 7.3231],
	[7.4843, 8.1818]
  ]
]

MSE: 0.000172
=========================================================
          Learning params for data #12
=========================================================
Actual Params: [6 0.05363 0.02741 0.5381 6 0.5]
Predicted Params: [6 0.05363 0.02741 0.5381 6 0.4984]
Actual M:[
  [
	[7.7621, 6.6627],
	[2.3771, 7.5314],
	[9.0064, 3.625],
	[6.7891, 8.8424],
	[9.5072, 7.3945],
	[1.9561, 9.9833],
	[2.8941, 9.0373]
  ]
]

Predicted M:[
  [
	[7.7621, 6.6627],
	[2.3771, 7.5314],
	[9.0064, 3.625],
	[6.7891, 8.8424],
	[9.5072, 7.3945],
	[1.9561, 9.9833],
	[2.8941, 9.0373]
  ]
]

MSE: 0.000117
=========================================================
          Learning params for data #13
=========================================================
Actual Params: [15 0.08622 0.07872 0.9453 10 0.3]
Predicted Params: [15 0.08622 0.07872 0.9453 10 0.3132]
Actual M:[
  [
	[3.6343, 5.254],
	[5.0375, 6.611],
	[7.8551, 4.2397],
	[6.0613, 7.9627],
	[4.1093, 8.6098],
	[9.3496, 5.0103],
	[6.8989, 9.6835]
  ]
]

Predicted M:[
  [
	[3.6343, 5.254],
	[5.0375, 6.611],
	[7.8551, 4.2397],
	[6.0613, 7.9627],
	[4.1093, 8.6098],
	[9.3496, 5.0103],
	[6.8989, 9.6835]
  ]
]

MSE: 0.000000
=========================================================
          Learning params for data #14
=========================================================
Actual Params: [15 0.0677 0.06941 0.6509 12 0.7]
Predicted Params: [15 0.0677 0.06941 0.6509 12 0.698]
Actual M:[
  [
	[8.9752, 7.9693],
	[9.0227, 4.0156],
	[2.987, 8.4807],
	[1.0734, 9.6682],
	[4.3918, 9.9262],
	[4.4049, 8.7976],
	[9.0919, 2.7817]
  ]
]

Predicted M:[
  [
	[8.9752, 7.9693],
	[9.0227, 4.0156],
	[2.987, 8.4807],
	[1.0734, 9.6682],
	[4.3918, 9.9262],
	[4.4049, 8.7976],
	[9.0919, 2.7817]
  ]
]

MSE: 0.000045
=========================================================
          Learning params for data #15
=========================================================
Actual Params: [14 0.07321 0.04222 0.6657 5 0.7]
Predicted Params: [14 0.07321 0.04222 0.6657 5 0.701]
Actual M:[
  [
	[4.9686, 8.3577],
	[8.4003, 6.3539],
	[7.9433, 7.782],
	[9.2073, 1.1233],
	[7.0697, 8.9936],
	[6.1967, 9.4941],
	[7.4922, 9.1242]
  ]
]

Predicted M:[
  [
	[4.9686, 8.3577],
	[8.4003, 6.3539],
	[7.9433, 7.782],
	[9.2073, 1.1233],
	[7.0697, 8.9936],
	[6.1967, 9.4941],
	[7.4922, 9.1242]
  ]
]

MSE: 0.000173
=========================================================
          Learning params for data #16
=========================================================
Actual Params: [11 0.02012 0.01304 0.6664 7 0.7]
Predicted Params: [11 0.02012 0.01304 0.6664 7 0.7002]
Actual M:[
  [
	[5.7691, 7.0094],
	[6.7953, 8.5549],
	[6.853, 1.0135],
	[9.1415, 8.6122],
	[5.2595, 9.5793],
	[9.9189, 1.033],
	[9.3154, 8.3068]
  ]
]

Predicted M:[
  [
	[5.7691, 7.0094],
	[6.7953, 8.5549],
	[6.853, 1.0135],
	[9.1415, 8.6122],
	[5.2595, 9.5793],
	[9.9189, 1.033],
	[9.3154, 8.3068]
  ]
]

MSE: 0.000100
=========================================================
          Learning params for data #17
=========================================================
Actual Params: [1 0.07412 0.01904 0.6049 5 0.7]
Predicted Params: [1 0.07412 0.01904 0.6049 5 0.6997]
Actual M:[
  [
	[6.1528, 8.7033],
	[7.6459, 8.1704],
	[9.7327, 4.2925],
	[7.8504, 5.4713],
	[9.7686, 6.23],
	[3.1559, 9.7778],
	[3.4023, 9.5208]
  ]
]

Predicted M:[
  [
	[6.1528, 8.7033],
	[7.6459, 8.1704],
	[9.7327, 4.2925],
	[7.8504, 5.4713],
	[9.7686, 6.23],
	[3.1559, 9.7778],
	[3.4023, 9.5208]
  ]
]

MSE: 0.000061
=========================================================
          Learning params for data #18
=========================================================
Actual Params: [15 0.05014 0.07274 0.58 14 0.3]
Predicted Params: [15 0.05014 0.07274 0.58 14 0.3025]
Actual M:[
  [
	[3.9882, 1.3577],
	[9.4775, 7.3976],
	[2.5902, 8.8688],
	[9.9678, 8.0574],
	[1.3232, 9.9303],
	[3.7649, 8.9732],
	[4.193, 9.2896]
  ]
]

Predicted M:[
  [
	[3.9882, 1.3577],
	[9.4775, 7.3976],
	[2.5902, 8.8688],
	[9.9678, 8.0574],
	[1.3232, 9.9303],
	[3.7649, 8.9732],
	[4.193, 9.2896]
  ]
]

MSE: 0.000059
=========================================================
          Learning params for data #19
=========================================================
Actual Params: [13 0.03067 0.08369 0.3442 14 0.7]
Predicted Params: [13 0.03067 0.08369 0.3442 14 0.8409]
Actual M:[
  [
	[7.2944, 5.0455],
	[1.4517, 7.3932],
	[3.5498, 9.63],
	[9.1495, 8.8074],
	[5.7804, 8.9861],
	[8.0183, 9.0728],
	[9.5691, 9.4742]
  ]
]

Predicted M:[
  [
	[7.2944, 5.0455],
	[1.4517, 7.3932],
	[3.5498, 9.63],
	[9.1495, 8.8074],
	[5.7804, 8.9861],
	[8.0183, 9.0728],
	[9.5691, 9.4742]
  ]
]

MSE: 0.000000
=========================================================
          Learning params for data #20
=========================================================
Actual Params: [6 0.03177 0.03314 1.014 14 0.7]
Predicted Params: [6 0.03177 0.03314 1.014 14 0.683]
Actual M:[
  [
	[5.4887, 1.4135],
	[5.1482, 2.0023],
	[2.1018, 5.6099],
	[7.5743, 8.7419],
	[9.9142, 5.1385],
	[5.1646, 8.7571],
	[5.6523, 9.2198]
  ]
]

Predicted M:[
  [
	[5.4887, 1.4135],
	[5.1482, 2.0023],
	[2.1018, 5.6099],
	[7.5743, 8.7419],
	[9.9142, 5.1385],
	[5.1646, 8.7571],
	[5.6523, 9.2198]
  ]
]

MSE: 0.000000
=========================================================
          Learning params for data #21
=========================================================
Actual Params: [5 0.03486 0.03459 0.5414 10 0.5]
Predicted Params: [5 0.03486 0.03459 0.5414 10 0.5]
Actual M:[
  [
	[5.1157, 9.7034],
	[5.0214, 9.7164],
	[8.48, 7.5629],
	[9.5323, 7.6679],
	[5.2228, 8.3903],
	[6.6956, 9.2859],
	[9.5495, 5.1278]
  ]
]

Predicted M:[
  [
	[5.1157, 9.7034],
	[5.0214, 9.7164],
	[8.48, 7.5629],
	[9.5323, 7.6679],
	[5.2228, 8.3903],
	[6.6956, 9.2859],
	[9.5495, 5.1278]
  ]
]

MSE: 0.000126
=========================================================
          Learning params for data #22
=========================================================
Actual Params: [7 0.06758 0.04739 0.1622 13 0.3]
Predicted Params: [7 0.06758 0.04739 0.1622 13 0.3028]
Actual M:[
  [
	[7.2255, 7.4346],
	[6.4266, 8.9665],
	[8.2899, 9.9352],
	[9.688, 8.804],
	[9.2315, 9.288],
	[9.8556, 5.1935],
	[9.7357, 5.7917]
  ]
]

Predicted M:[
  [
	[7.2255, 7.4346],
	[6.4266, 8.9665],
	[8.2899, 9.9352],
	[9.688, 8.804],
	[9.2315, 9.288],
	[9.8556, 5.1935],
	[9.7357, 5.7917]
  ]
]

MSE: 0.000001
=========================================================
          Learning params for data #23
=========================================================
Actual Params: [5 0.02364 0.07574 0.8994 13 0.5]
Predicted Params: [5 0.02364 0.07574 0.8994 13 0.5]
Actual M:[
  [
	[1.9776, 5.964],
	[4.8327, 6.4785],
	[4.3378, 7.3563],
	[1.3579, 8.1593],
	[4.9548, 4.4014],
	[7.1263, 5.7199],
	[2.5379, 9.9911]
  ]
]

Predicted M:[
  [
	[1.9776, 5.964],
	[4.8327, 6.4785],
	[4.3378, 7.3563],
	[1.3579, 8.1593],
	[4.9548, 4.4014],
	[7.1263, 5.7199],
	[2.5379, 9.9911]
  ]
]

MSE: 0.000162
=========================================================
          Learning params for data #24
=========================================================
Actual Params: [14 0.09659 0.09652 0.584 10 0.5]
Predicted Params: [14 0.09659 0.09652 0.584 10 0.5]
Actual M:[
  [
	[5.9212, 6.5197],
	[6.5812, 5.2127],
	[8.1826, 2.2498],
	[5.5496, 7.6334],
	[9.1699, 4.9284],
	[3.4655, 9.8281],
	[7.9428, 8.1197]
  ]
]

Predicted M:[
  [
	[5.9212, 6.5197],
	[6.5812, 5.2127],
	[8.1826, 2.2498],
	[5.5496, 7.6334],
	[9.1699, 4.9284],
	[3.4655, 9.8281],
	[7.9428, 8.1197]
  ]
]

MSE: 0.000057
=========================================================
          Learning params for data #25
=========================================================
Actual Params: [10 0.04549 0.06464 0.7728 10 0.5]
Predicted Params: [10 0.04549 0.06464 0.7728 10 0.498]
Actual M:[
  [
	[6.6858, 7.3468],
	[7.7625, 7.9538],
	[8.2591, 7.2645],
	[3.6829, 9.9118],
	[8.6357, 5.0998],
	[9.794, 8.2071],
	[4.4019, 8.2438]
  ]
]

Predicted M:[
  [
	[6.6858, 7.3468],
	[7.7625, 7.9538],
	[8.2591, 7.2645],
	[3.6829, 9.9118],
	[8.6357, 5.0998],
	[9.794, 8.2071],
	[4.4019, 8.2438]
  ]
]

MSE: 0.000039
=========================================================
          Learning params for data #26
=========================================================
Actual Params: [15 0.08835 0.007312 0.8931 9 0.3]
Predicted Params: [15 0.08835 0.007312 0.8931 9 0.3299]
Actual M:[
  [
	[6.1669, 6.5828],
	[4.3659, 7.0038],
	[9.18, 8.0972],
	[9.133, 9.8641],
	[9.7303, 4.0031],
	[9.7375, 5.3272],
	[9.3679, 8.0223]
  ]
]

Predicted M:[
  [
	[6.1669, 6.5828],
	[4.3659, 7.0038],
	[9.18, 8.0972],
	[9.133, 9.8641],
	[9.7303, 4.0031],
	[9.7375, 5.3272],
	[9.3679, 8.0223]
  ]
]

MSE: 0.000059
=========================================================
          Learning params for data #27
=========================================================
Actual Params: [5 0.06485 0.01674 0.2932 8 0.3]
Predicted Params: [5 0.06485 0.01674 0.2932 8 0.3186]
Actual M:[
  [
	[7.1308, 1.116],
	[9.806, 1.7742],
	[8.0413, 4.8606],
	[8.6069, 7.8289],
	[9.6056, 4.6065],
	[9.7815, 2.0885],
	[9.7074, 8.8897]
  ]
]

Predicted M:[
  [
	[7.1308, 1.116],
	[9.806, 1.7742],
	[8.0413, 4.8606],
	[8.6069, 7.8289],
	[9.6056, 4.6065],
	[9.7815, 2.0885],
	[9.7074, 8.8897]
  ]
]

MSE: 0.000002
=========================================================
          Learning params for data #28
=========================================================
Actual Params: [8 0.02488 0.08888 0.9409 8 0.5]
Predicted Params: [8 0.02488 0.08888 0.9409 8 0.5049]
Actual M:[
  [
	[9.8468, 2.2936],
	[1.6812, 8.7437],
	[4.1996, 7.3414],
	[4.6204, 7.9623],
	[9.7142, 7.4358],
	[3.4081, 8.7815],
	[5.6816, 8.3196]
  ]
]

Predicted M:[
  [
	[9.8468, 2.2936],
	[1.6812, 8.7437],
	[4.1996, 7.3414],
	[4.6204, 7.9623],
	[9.7142, 7.4358],
	[3.4081, 8.7815],
	[5.6816, 8.3196]
  ]
]

MSE: 0.000212
=========================================================
          Learning params for data #29
=========================================================
Actual Params: [1 0.08105 0.04077 0.3827 10 0.7]
Predicted Params: [1 0.08105 0.04077 0.3827 10 0.6993]
Actual M:[
  [
	[7.2791, 1.5122],
	[1.983, 8.9363],
	[9.1406, 6.0623],
	[2.9346, 6.5318],
	[8.9823, 8.8163],
	[4.3756, 8.9665],
	[9.4331, 1.0098]
  ]
]

Predicted M:[
  [
	[7.2791, 1.5122],
	[1.983, 8.9363],
	[9.1406, 6.0623],
	[2.9346, 6.5318],
	[8.9823, 8.8163],
	[4.3756, 8.9665],
	[9.4331, 1.0098]
  ]
]

MSE: 0.000176
=========================================================
          Learning params for data #30
=========================================================
Actual Params: [11 0.0596 0.05473 0.9369 11 0.3]
Predicted Params: [11 0.0596 0.05473 0.9369 11 0.3012]
Actual M:[
  [
	[5.0091, 8.123],
	[9.5193, 5.3376],
	[6.4856, 9.9725],
	[9.3325, 7.5253],
	[7.4858, 9.0879],
	[9.9934, 4.3376],
	[7.1678, 9.674]
  ]
]

Predicted M:[
  [
	[5.0091, 8.123],
	[9.5193, 5.3376],
	[6.4856, 9.9725],
	[9.3325, 7.5253],
	[7.4858, 9.0879],
	[9.9934, 4.3376],
	[7.1678, 9.674]
  ]
]

MSE: 0.000025
=========================================================
          Learning params for data #31
=========================================================
Actual Params: [6 0.02485 0.07272 1.027 14 0.3]
Predicted Params: [6 0.02485 0.07272 1.027 14 0.3011]
Actual M:[
  [
	[1.2527, 8.1622],
	[9.7591, 3.5672],
	[7.4943, 5.8344],
	[9.4486, 8.4747],
	[3.5832, 8.5887],
	[4.943, 8.6819],
	[2.3856, 9.6749]
  ]
]

Predicted M:[
  [
	[1.2527, 8.1622],
	[9.7591, 3.5672],
	[7.4943, 5.8344],
	[9.4486, 8.4747],
	[3.5832, 8.5887],
	[4.943, 8.6819],
	[2.3856, 9.6749]
  ]
]

MSE: 0.000118
=========================================================
          Learning params for data #32
=========================================================
Actual Params: [14 0.04626 0.004661 0.5431 12 0.7]
Predicted Params: [14 0.04626 0.004661 0.5431 12 0.7033]
Actual M:[
  [
	[3.8775, 4.7021],
	[5.33, 8.7948],
	[2.2327, 9.042],
	[7.8272, 3.656],
	[5.9873, 9.2125],
	[5.7056, 9.3973],
	[6.1278, 5.0096]
  ]
]

Predicted M:[
  [
	[3.8775, 4.7021],
	[5.33, 8.7948],
	[2.2327, 9.042],
	[7.8272, 3.656],
	[5.9873, 9.2125],
	[5.7056, 9.3973],
	[6.1278, 5.0096]
  ]
]

MSE: 0.000193
=========================================================
          Learning params for data #33
=========================================================
Actual Params: [13 0.07621 0.07207 1.027 8 0.5]
Predicted Params: [13 0.07621 0.07207 1.027 8 0.4968]
Actual M:[
  [
	[1.4459, 9.8822],
	[4.2686, 1.7987],
	[9.8086, 4.6698],
	[7.1155, 6.2553],
	[4.6007, 6.905],
	[4.2687, 7.8221],
	[9.023, 8.7118]
  ]
]

Predicted M:[
  [
	[1.4459, 9.8822],
	[4.2686, 1.7987],
	[9.8086, 4.6698],
	[7.1155, 6.2553],
	[4.6007, 6.905],
	[4.2687, 7.8221],
	[9.023, 8.7118]
  ]
]

MSE: 0.000042
=========================================================
          Learning params for data #34
=========================================================
Actual Params: [15 0.08867 0.09545 0.7932 5 0.7]
Predicted Params: [15 0.08867 0.09545 0.7932 5 0.7033]
Actual M:[
  [
	[4.0135, 1.0896],
	[5.7161, 7.7862],
	[6.6407, 2.1885],
	[7.5378, 5.659],
	[4.3712, 9.5197],
	[7.6912, 4.7769],
	[9.2523, 3.5698]
  ]
]

Predicted M:[
  [
	[4.0135, 1.0896],
	[5.7161, 7.7862],
	[6.6407, 2.1885],
	[7.5378, 5.659],
	[4.3712, 9.5197],
	[7.6912, 4.7769],
	[9.2523, 3.5698]
  ]
]

MSE: 0.000159
=========================================================
          Learning params for data #35
=========================================================
Actual Params: [3 0.05119 0.03325 0.5536 10 0.3]
Predicted Params: [3 0.05119 0.03325 0.5536 10 0.3051]
Actual M:[
  [
	[7.1497, 5.8758],
	[4.7908, 6.3148],
	[8.9103, 9.735],
	[8.987, 2.6316],
	[9.8512, 6.5245],
	[9.0502, 7.7813],
	[9.4283, 9.6333]
  ]
]

Predicted M:[
  [
	[7.1497, 5.8758],
	[4.7908, 6.3148],
	[8.9103, 9.735],
	[8.987, 2.6316],
	[9.8512, 6.5245],
	[9.0502, 7.7813],
	[9.4283, 9.6333]
  ]
]

MSE: 0.000000
=========================================================
          Learning params for data #36
=========================================================
Actual Params: [1 0.09731 0.07261 0.6351 8 0.5]
Predicted Params: [1 0.09731 0.07261 0.6351 8 0.4956]
Actual M:[
  [
	[2.2197, 3.774],
	[8.0106, 9.4678],
	[9.869, 9.4018],
	[9.9788, 2.4644],
	[9.465, 9.9689],
	[9.9577, 5.7915],
	[9.9024, 8.0283]
  ]
]

Predicted M:[
  [
	[2.2197, 3.774],
	[8.0106, 9.4678],
	[9.869, 9.4018],
	[9.9788, 2.4644],
	[9.465, 9.9689],
	[9.9577, 5.7915],
	[9.9024, 8.0283]
  ]
]

MSE: 0.000085
=========================================================
          Learning params for data #37
=========================================================
Actual Params: [3 0.06025 0.04262 0.3752 7 0.7]
Predicted Params: [3 0.06025 0.04262 0.3752 7 0.6987]
Actual M:[
  [
	[2.4045, 2.0203],
	[1.2491, 4.9166],
	[1.4761, 4.1171],
	[5.8071, 4.5114],
	[6.5735, 7.4424],
	[5.3623, 8.4603],
	[6.7779, 3.3937]
  ]
]

Predicted M:[
  [
	[2.4045, 2.0203],
	[1.2491, 4.9166],
	[1.4761, 4.1171],
	[5.8071, 4.5114],
	[6.5735, 7.4424],
	[5.3623, 8.4603],
	[6.7779, 3.3937]
  ]
]

MSE: 0.000002
=========================================================
          Learning params for data #38
=========================================================
Actual Params: [1 0.01134 0.05498 0.8991 10 0.3]
Predicted Params: [1 0.01134 0.05498 0.8991 10 0.3022]
Actual M:[
  [
	[7.6863, 5.6083],
	[5.3409, 8.2067],
	[5.6849, 5.7147],
	[6.8344, 8.3358],
	[8.7807, 7.7287],
	[9.9191, 6.8577],
	[9.2993, 9.9808]
  ]
]

Predicted M:[
  [
	[7.6863, 5.6083],
	[5.3409, 8.2067],
	[5.6849, 5.7147],
	[6.8344, 8.3358],
	[8.7807, 7.7287],
	[9.9191, 6.8577],
	[9.2993, 9.9808]
  ]
]

MSE: 0.000046
=========================================================
          Learning params for data #39
=========================================================
Actual Params: [14 0.07112 0.03963 0.2967 5 0.7]
Predicted Params: [14 0.07112 0.03963 0.2967 5 0.695]
Actual M:[
  [
	[2.6931, 5.893],
	[2.792, 3.0681],
	[5.0717, 8.6698],
	[6.9049, 3.2014],
	[8.3053, 8.5737],
	[8.8967, 2.4935],
	[2.9741, 9.8402]
  ]
]

Predicted M:[
  [
	[2.6931, 5.893],
	[2.792, 3.0681],
	[5.0717, 8.6698],
	[6.9049, 3.2014],
	[8.3053, 8.5737],
	[8.8967, 2.4935],
	[2.9741, 9.8402]
  ]
]

MSE: 0.000120
=========================================================
          Learning params for data #40
=========================================================
Actual Params: [1 0.01135 0.03966 0.8207 7 0.7]
Predicted Params: [1 0.01135 0.03966 0.8207 7 0.6987]
Actual M:[
  [
	[9.1949, 4.8677],
	[8.2397, 9.0565],
	[5.7094, 9.1744],
	[9.7241, 1.5692],
	[8.8703, 7.158],
	[7.1942, 9.6305],
	[9.9776, 4.6546]
  ]
]

Predicted M:[
  [
	[9.1949, 4.8677],
	[8.2397, 9.0565],
	[5.7094, 9.1744],
	[9.7241, 1.5692],
	[8.8703, 7.158],
	[7.1942, 9.6305],
	[9.9776, 4.6546]
  ]
]

MSE: 0.000119
=========================================================
          Learning params for data #41
=========================================================
Actual Params: [8 0.04968 0.07724 1.055 14 0.5]
Predicted Params: [8 0.04968 0.07724 1.055 14 0.5044]
Actual M:[
  [
	[3.8712, 6.3995],
	[9.0109, 6.4456],
	[4.2482, 8.6279],
	[8.4712, 8.4912],
	[9.9773, 3.4216],
	[9.6112, 6.2656],
	[9.3909, 6.8838]
  ]
]

Predicted M:[
  [
	[3.8712, 6.3995],
	[9.0109, 6.4456],
	[4.2482, 8.6279],
	[8.4712, 8.4912],
	[9.9773, 3.4216],
	[9.6112, 6.2656],
	[9.3909, 6.8838]
  ]
]

MSE: 0.000099
=========================================================
          Learning params for data #42
=========================================================
Actual Params: [1 0.02097 0.01112 0.3485 13 0.3]
Predicted Params: [1 0.02097 0.01112 0.3485 13 0.2973]
Actual M:[
  [
	[6.6162, 4.9083],
	[7.8462, 7.6689],
	[7.6423, 8.7848],
	[1.4807, 9.8504],
	[8.1223, 9.8215],
	[8.9364, 6.2788],
	[9.5945, 1.9474]
  ]
]

Predicted M:[
  [
	[6.6162, 4.9083],
	[7.8462, 7.6689],
	[7.6423, 8.7848],
	[1.4807, 9.8504],
	[8.1223, 9.8215],
	[8.9364, 6.2788],
	[9.5945, 1.9474]
  ]
]

MSE: 0.000015
=========================================================
          Learning params for data #43
=========================================================
Actual Params: [14 0.05287 0.02659 0.949 12 0.7]
Predicted Params: [14 0.05287 0.02659 0.949 12 0.7067]
Actual M:[
  [
	[9.403, 5.8903],
	[9.4999, 2.0014],
	[5.8658, 7.5297],
	[9.7228, 6.0831],
	[2.9448, 8.6846],
	[7.3754, 9.2716],
	[2.4738, 9.8987]
  ]
]

Predicted M:[
  [
	[9.403, 5.8903],
	[9.4999, 2.0014],
	[5.8658, 7.5297],
	[9.7228, 6.0831],
	[2.9448, 8.6846],
	[7.3754, 9.2716],
	[2.4738, 9.8987]
  ]
]

MSE: 0.000116
=========================================================
          Learning params for data #44
=========================================================
Actual Params: [2 0.05185 0.05062 1.012 5 0.7]
Predicted Params: [2 0.05185 0.05062 1.012 5 0.6972]
Actual M:[
  [
	[8.7596, 6.2702],
	[4.1061, 6.4726],
	[9.0819, 6.6154],
	[4.9057, 7.2273],
	[5.9579, 7.6579],
	[4.8148, 9.7408],
	[9.8648, 6.0407]
  ]
]

Predicted M:[
  [
	[8.7596, 6.2702],
	[4.1061, 6.4726],
	[9.0819, 6.6154],
	[4.9057, 7.2273],
	[5.9579, 7.6579],
	[4.8148, 9.7408],
	[9.8648, 6.0407]
  ]
]

MSE: 0.000044
=========================================================
          Learning params for data #45
=========================================================
Actual Params: [15 0.09004 0.08821 0.8372 11 0.3]
Predicted Params: [15 0.09004 0.08821 0.8372 11 0.2997]
Actual M:[
  [
	[4.7248, 9.9736],
	[6.8231, 9.3949],
	[6.919, 9.986],
	[7.752, 1.5723],
	[7.6867, 2.7211],
	[8.9646, 6.7724],
	[9.9067, 5.627]
  ]
]

Predicted M:[
  [
	[4.7248, 9.9736],
	[6.8231, 9.3949],
	[6.919, 9.986],
	[7.752, 1.5723],
	[7.6867, 2.7211],
	[8.9646, 6.7724],
	[9.9067, 5.627]
  ]
]

MSE: 0.000134
=========================================================
          Learning params for data #46
=========================================================
Actual Params: [4 0.06908 0.0804 0.8337 6 0.7]
Predicted Params: [4 0.06908 0.0804 0.8337 6 0.7075]
Actual M:[
  [
	[6.1088, 2.4262],
	[8.4598, 6.4204],
	[7.2898, 9.1525],
	[8.7686, 9.3053],
	[9.918, 9.644],
	[4.9291, 9.9636],
	[8.6924, 9.791]
  ]
]

Predicted M:[
  [
	[6.1088, 2.4262],
	[8.4598, 6.4204],
	[7.2898, 9.1525],
	[8.7686, 9.3053],
	[9.918, 9.644],
	[4.9291, 9.9636],
	[8.6924, 9.791]
  ]
]

MSE: 0.000077
=========================================================
          Learning params for data #47
=========================================================
Actual Params: [9 0.09894 0.09799 0.6267 10 0.3]
Predicted Params: [9 0.09894 0.09799 0.6267 10 0.2972]
Actual M:[
  [
	[6.9288, 2.3759],
	[4.9407, 9.6078],
	[6.7509, 7.535],
	[7.5354, 5.0587],
	[7.9645, 3.4682],
	[8.4721, 5.5728],
	[7.9217, 6.64]
  ]
]

Predicted M:[
  [
	[6.9288, 2.3759],
	[4.9407, 9.6078],
	[6.7509, 7.535],
	[7.5354, 5.0587],
	[7.9645, 3.4682],
	[8.4721, 5.5728],
	[7.9217, 6.64]
  ]
]

MSE: 0.000000
=========================================================
          Learning params for data #48
=========================================================
Actual Params: [3 0.08685 0.05326 1.013 9 0.7]
Predicted Params: [3 0.08685 0.05326 1.013 9 0.7071]
Actual M:[
  [
	[5.4411, 8.3852],
	[6.2651, 7.9384],
	[6.8086, 6.8849],
	[8.3661, 4.7977],
	[8.3743, 2.8329],
	[7.5523, 8.916],
	[9.5791, 7.6088]
  ]
]

Predicted M:[
  [
	[5.4411, 8.3852],
	[6.2651, 7.9384],
	[6.8086, 6.8849],
	[8.3661, 4.7977],
	[8.3743, 2.8329],
	[7.5523, 8.916],
	[9.5791, 7.6088]
  ]
]

MSE: 0.000003
=========================================================
          Learning params for data #49
=========================================================
Actual Params: [6 0.03731 0.02495 0.271 11 0.5]
Predicted Params: [6 0.03731 0.02495 0.271 11 0.5044]
Actual M:[
  [
	[3.6444, 2.6634],
	[8.4657, 6.4761],
	[8.4951, 5.5219],
	[6.4651, 9.891],
	[8.8183, 1.5953],
	[7.9331, 9.8548],
	[8.6519, 7.9682]
  ]
]

Predicted M:[
  [
	[3.6444, 2.6634],
	[8.4657, 6.4761],
	[8.4951, 5.5219],
	[6.4651, 9.891],
	[8.8183, 1.5953],
	[7.9331, 9.8548],
	[8.6519, 7.9682]
  ]
]

MSE: 0.000011
=========================================================
          Learning params for data #50
=========================================================
Actual Params: [12 0.02368 0.01975 0.7032 12 0.3]
Predicted Params: [12 0.02368 0.01975 0.7032 12 0.302]
Actual M:[
  [
	[4.0876, 6.1739],
	[3.2643, 7.5855],
	[3.961, 7.9872],
	[2.6363, 9.8607],
	[8.519, 4.5476],
	[8.5636, 3.1458],
	[5.2088, 8.4629]
  ]
]

Predicted M:[
  [
	[4.0876, 6.1739],
	[3.2643, 7.5855],
	[3.961, 7.9872],
	[2.6363, 9.8607],
	[8.519, 4.5476],
	[8.5636, 3.1458],
	[5.2088, 8.4629]
  ]
]

MSE: 0.000008


MSE list: [2.655e-05 2.16e-06 0.0001077 4.434e-05 0.002442 3.424e-05 1.873e-06 7.127e-06 2.985e-05 0.0001178 0.0001719 0.0001167 1.8e-07 4.461e-05 0.0001735 9.963e-05 6.134e-05 5.875e-05 0 3.333e-07 0.0001259 1.453e-06 0.0001615 5.657e-05 3.944e-05 5.884e-05 1.667e-06 0.0002118 0.0001759 2.529e-05 0.0001183 0.0001927 4.189e-05 0.000159 3.533e-07 8.451e-05 2.407e-06 4.571e-05 0.0001203 0.000119 9.877e-05 1.479e-05 0.0001158 4.433e-05 0.0001344 7.67e-05 8.667e-08 3.1e-06 1.139e-05 8.113e-06]
MSE mean: 0.000116
MSE std: 0.000341
Time elapsed: 43.084180
