set_nopts10_ncomb10_nproblem50_no3
Ns: 5000
=========================================================
          Learning params for data #1
=========================================================
Actual Params: [4 0.08195 0.09757 0.5911 9 0.5]
Predicted Params: [4 0.08195 0.09757 0.5911 9 0.499]
Actual M:[
  [
	[4.0963, 6.0505],
	[6.3312, 7.8014],
	[9.2459, 5.7974],
	[9.4372, 5.1602],
	[8.2396, 8.3569],
	[7.6789, 8.9839],
	[6.8965, 9.7848],
	[9.9344, 6.4258],
	[3.0187, 9.9426],
	[9.4245, 8.5727]
  ]
]

Predicted M:[
  [
	[4.0963, 6.0505],
	[6.3312, 7.8014],
	[9.2459, 5.7974],
	[9.4372, 5.1602],
	[8.2396, 8.3569],
	[7.6789, 8.9839],
	[6.8965, 9.7848],
	[9.9344, 6.4258],
	[3.0187, 9.9426],
	[9.4245, 8.5727]
  ]
]

MSE: 0.000085
=========================================================
          Learning params for data #2
=========================================================
Actual Params: [4 0.05478 0.08021 1.05 11 0.5]
Predicted Params: [4 0.05478 0.08021 1.05 11 0.5015]
Actual M:[
  [
	[6.7343, 7.3729],
	[2.6747, 9.921],
	[7.2796, 9.179],
	[9.7137, 1.9879],
	[8.2864, 6.7822],
	[8.9934, 3.4577],
	[9.5112, 6.1099],
	[9.1446, 9.0532],
	[9.9542, 3.9488],
	[4.6362, 9.5128]
  ]
]

Predicted M:[
  [
	[6.7343, 7.3729],
	[2.6747, 9.921],
	[7.2796, 9.179],
	[9.7137, 1.9879],
	[8.2864, 6.7822],
	[8.9934, 3.4577],
	[9.5112, 6.1099],
	[9.1446, 9.0532],
	[9.9542, 3.9488],
	[4.6362, 9.5128]
  ]
]

MSE: 0.000060
=========================================================
          Learning params for data #3
=========================================================
Actual Params: [15 0.0128 0.04945 0.2845 9 0.5]
Predicted Params: [15 0.0128 0.04945 0.2845 9 0.4935]
Actual M:[
  [
	[1.5905, 9.9711],
	[9.1674, 5.9067],
	[2.7067, 9.7858],
	[9.7023, 8.9863],
	[7.9506, 9.1919],
	[7.6784, 9.8689],
	[9.7368, 5.276],
	[9.8167, 5.7118],
	[9.7405, 9.2085],
	[9.7953, 9.8438]
  ]
]

Predicted M:[
  [
	[1.5905, 9.9711],
	[9.1674, 5.9067],
	[2.7067, 9.7858],
	[9.7023, 8.9863],
	[7.9506, 9.1919],
	[7.6784, 9.8689],
	[9.7368, 5.276],
	[9.8167, 5.7118],
	[9.7405, 9.2085],
	[9.7953, 9.8438]
  ]
]

MSE: 0.000009
=========================================================
          Learning params for data #4
=========================================================
Actual Params: [4 0.08485 0.0734 0.9041 6 0.3]
Predicted Params: [4 0.08485 0.0734 0.9041 6 0.3018]
Actual M:[
  [
	[4.4171, 2.1198],
	[3.9967, 9.1763],
	[4.9413, 2.07],
	[5.054, 3.7894],
	[5.8497, 4.8439],
	[6.7614, 7.0438],
	[8.6361, 9.6086],
	[6.4161, 9.8713],
	[9.9594, 1.5728],
	[4.9195, 9.8884]
  ]
]

Predicted M:[
  [
	[4.4171, 2.1198],
	[3.9967, 9.1763],
	[4.9413, 2.07],
	[5.054, 3.7894],
	[5.8497, 4.8439],
	[6.7614, 7.0438],
	[8.6361, 9.6086],
	[6.4161, 9.8713],
	[9.9594, 1.5728],
	[4.9195, 9.8884]
  ]
]

MSE: 0.000081
=========================================================
          Learning params for data #5
=========================================================
Actual Params: [15 0.09257 0.08147 0.9089 9 0.7]
Predicted Params: [15 0.09257 0.08147 0.9089 9 0.7041]
Actual M:[
  [
	[9.2732, 8.2313],
	[1.4689, 8.4913],
	[6.8122, 8.61],
	[8.9142, 8.3466],
	[9.6175, 9.2304],
	[9.6242, 8.2824],
	[9.9857, 7.3787],
	[7.8112, 9.3246],
	[6.6639, 9.655],
	[8.0321, 9.4591]
  ]
]

Predicted M:[
  [
	[9.2732, 8.2313],
	[1.4689, 8.4913],
	[6.8122, 8.61],
	[8.9142, 8.3466],
	[9.6175, 9.2304],
	[9.6242, 8.2824],
	[9.9857, 7.3787],
	[7.8112, 9.3246],
	[6.6639, 9.655],
	[8.0321, 9.4591]
  ]
]

MSE: 0.000099
=========================================================
          Learning params for data #6
=========================================================
Actual Params: [3 0.04228 0.06997 0.949 12 0.5]
Predicted Params: [3 0.04228 0.06997 0.949 12 0.4993]
Actual M:[
  [
	[9.135, 9.2024],
	[4.4474, 9.9568],
	[9.2727, 7.5301],
	[7.6485, 9.2977],
	[9.4641, 7.8764],
	[9.587, 3.2726],
	[9.6183, 3.1238],
	[9.7511, 8.0505],
	[9.1835, 9.211],
	[7.517, 9.7021]
  ]
]

Predicted M:[
  [
	[9.135, 9.2024],
	[4.4474, 9.9568],
	[9.2727, 7.5301],
	[7.6485, 9.2977],
	[9.4641, 7.8764],
	[9.587, 3.2726],
	[9.6183, 3.1238],
	[9.7511, 8.0505],
	[9.1835, 9.211],
	[7.517, 9.7021]
  ]
]

MSE: 0.000099
=========================================================
          Learning params for data #7
=========================================================
Actual Params: [11 0.04548 0.06449 0.2299 9 0.3]
Predicted Params: [11 0.04548 0.06449 0.2299 9 0.3008]
Actual M:[
  [
	[4.3751, 3.8939],
	[2.9486, 7.1338],
	[5.8548, 2.1148],
	[5.8871, 5.3111],
	[9.9278, 2.3446],
	[9.4817, 3.0213],
	[7.291, 4.3545],
	[4.2291, 5.7589],
	[4.0295, 9.2397],
	[7.3097, 9.5105]
  ]
]

Predicted M:[
  [
	[4.3751, 3.8939],
	[2.9486, 7.1338],
	[5.8548, 2.1148],
	[5.8871, 5.3111],
	[9.9278, 2.3446],
	[9.4817, 3.0213],
	[7.291, 4.3545],
	[4.2291, 5.7589],
	[4.0295, 9.2397],
	[7.3097, 9.5105]
  ]
]

MSE: 0.000074
=========================================================
          Learning params for data #8
=========================================================
Actual Params: [1 0.06343 0.07812 0.5417 13 0.7]
Predicted Params: [1 0.06343 0.07812 0.5417 13 0.6995]
Actual M:[
  [
	[3.3176, 1.1029],
	[7.2687, 4.7944],
	[4.9076, 8.7273],
	[9.1444, 5.1049],
	[8.7741, 5.9251],
	[6.0114, 7.6371],
	[3.6791, 9.4685],
	[8.4845, 9.9231],
	[9.5217, 1.5707],
	[9.6966, 1.0798]
  ]
]

Predicted M:[
  [
	[3.3176, 1.1029],
	[7.2687, 4.7944],
	[4.9076, 8.7273],
	[9.1444, 5.1049],
	[8.7741, 5.9251],
	[6.0114, 7.6371],
	[3.6791, 9.4685],
	[8.4845, 9.9231],
	[9.5217, 1.5707],
	[9.6966, 1.0798]
  ]
]

MSE: 0.000028
=========================================================
          Learning params for data #9
=========================================================
Actual Params: [9 0.02901 0.09529 0.8832 8 0.5]
Predicted Params: [9 0.02901 0.09529 0.8832 8 0.4968]
Actual M:[
  [
	[1.5671, 5.9664],
	[6.9218, 2.9782],
	[4.148, 3.8713],
	[5.9933, 9.1074],
	[6.1957, 6.2379],
	[9.5351, 5.5835],
	[8.2916, 9.6688],
	[9.3472, 8.7486],
	[1.7624, 9.9309],
	[5.6519, 9.8808]
  ]
]

Predicted M:[
  [
	[1.5671, 5.9664],
	[6.9218, 2.9782],
	[4.148, 3.8713],
	[5.9933, 9.1074],
	[6.1957, 6.2379],
	[9.5351, 5.5835],
	[8.2916, 9.6688],
	[9.3472, 8.7486],
	[1.7624, 9.9309],
	[5.6519, 9.8808]
  ]
]

MSE: 0.000072
=========================================================
          Learning params for data #10
=========================================================
Actual Params: [5 0.06379 0.05126 0.1662 10 0.3]
Predicted Params: [5 0.06379 0.05126 0.1662 10 0.3048]
Actual M:[
  [
	[2.433, 2.9369],
	[3.6207, 2.3537],
	[6.4431, 3.7971],
	[9.2466, 7.9069],
	[2.1211, 8.5023],
	[8.6308, 9.4279],
	[9.655, 7.6183],
	[3.7184, 9.5209],
	[9.7846, 7.6528],
	[5.3947, 9.8145]
  ]
]

Predicted M:[
  [
	[2.433, 2.9369],
	[3.6207, 2.3537],
	[6.4431, 3.7971],
	[9.2466, 7.9069],
	[2.1211, 8.5023],
	[8.6308, 9.4279],
	[9.655, 7.6183],
	[3.7184, 9.5209],
	[9.7846, 7.6528],
	[5.3947, 9.8145]
  ]
]

MSE: 0.000222
=========================================================
          Learning params for data #11
=========================================================
Actual Params: [11 0.00889 0.05007 0.5267 12 0.3]
Predicted Params: [11 0.00889 0.05007 0.5267 12 0.2994]
Actual M:[
  [
	[5.3504, 7.56],
	[2.8981, 9.2287],
	[9.9565, 6.2901],
	[2.0585, 9.9205],
	[4.9199, 8.2468],
	[9.4596, 6.6704],
	[7.2906, 9.0198],
	[8.5428, 9.0861],
	[3.3942, 9.9731],
	[6.0585, 9.9145]
  ]
]

Predicted M:[
  [
	[5.3504, 7.56],
	[2.8981, 9.2287],
	[9.9565, 6.2901],
	[2.0585, 9.9205],
	[4.9199, 8.2468],
	[9.4596, 6.6704],
	[7.2906, 9.0198],
	[8.5428, 9.0861],
	[3.3942, 9.9731],
	[6.0585, 9.9145]
  ]
]

MSE: 0.000058
=========================================================
          Learning params for data #12
=========================================================
Actual Params: [6 0.07566 0.0489 0.7122 13 0.7]
Predicted Params: [6 0.07566 0.0489 0.7122 13 0.698]
Actual M:[
  [
	[1.9976, 4.3537],
	[8.8751, 2.3499],
	[3.9547, 4.8242],
	[6.2151, 3.9795],
	[1.3139, 5.4021],
	[6.1636, 4.6709],
	[5.8229, 5.7324],
	[9.7859, 7.7464],
	[7.4552, 9.7029],
	[5.5413, 9.9626]
  ]
]

Predicted M:[
  [
	[1.9976, 4.3537],
	[8.8751, 2.3499],
	[3.9547, 4.8242],
	[6.2151, 3.9795],
	[1.3139, 5.4021],
	[6.1636, 4.6709],
	[5.8229, 5.7324],
	[9.7859, 7.7464],
	[7.4552, 9.7029],
	[5.5413, 9.9626]
  ]
]

MSE: 0.000077
=========================================================
          Learning params for data #13
=========================================================
Actual Params: [6 0.07823 0.04219 0.5308 12 0.3]
Predicted Params: [6 0.07823 0.04219 0.5308 12 0.2935]
Actual M:[
  [
	[9.7773, 3.0348],
	[8.0872, 5.683],
	[9.9936, 4.2434],
	[2.3016, 9.984],
	[9.2913, 6.6934],
	[7.1377, 8.9318],
	[9.0355, 9.9556],
	[9.2171, 8.8484],
	[9.4125, 7.2323],
	[9.2636, 9.038]
  ]
]

Predicted M:[
  [
	[9.7773, 3.0348],
	[8.0872, 5.683],
	[9.9936, 4.2434],
	[2.3016, 9.984],
	[9.2913, 6.6934],
	[7.1377, 8.9318],
	[9.0355, 9.9556],
	[9.2171, 8.8484],
	[9.4125, 7.2323],
	[9.2636, 9.038]
  ]
]

MSE: 0.000022
=========================================================
          Learning params for data #14
=========================================================
Actual Params: [8 0.08635 0.07883 0.5578 14 0.7]
Predicted Params: [8 0.08635 0.07883 0.5578 14 0.7133]
Actual M:[
  [
	[1.94, 2.9452],
	[4.7831, 2.2752],
	[7.8666, 8.5852],
	[4.1985, 8.9253],
	[8.5336, 4.8519],
	[8.99, 9.1218],
	[9.4735, 9.7943],
	[9.9938, 7.2746],
	[9.9149, 9.7494],
	[9.5515, 9.8822]
  ]
]

Predicted M:[
  [
	[1.94, 2.9452],
	[4.7831, 2.2752],
	[7.8666, 8.5852],
	[4.1985, 8.9253],
	[8.5336, 4.8519],
	[8.99, 9.1218],
	[9.4735, 9.7943],
	[9.9938, 7.2746],
	[9.9149, 9.7494],
	[9.5515, 9.8822]
  ]
]

MSE: 0.000054
=========================================================
          Learning params for data #15
=========================================================
Actual Params: [9 0.03675 0.08249 0.7601 11 0.3]
Predicted Params: [9 0.03675 0.08249 0.7601 11 0.2992]
Actual M:[
  [
	[1.1569, 8.4168],
	[6.1237, 7.8803],
	[6.2765, 2.1063],
	[9.2535, 4.9022],
	[9.6339, 2.2835],
	[9.3638, 6.8707],
	[3.5657, 9.8037],
	[4.647, 9.3446],
	[7.8016, 9.1252],
	[9.6075, 8.7756]
  ]
]

Predicted M:[
  [
	[1.1569, 8.4168],
	[6.1237, 7.8803],
	[6.2765, 2.1063],
	[9.2535, 4.9022],
	[9.6339, 2.2835],
	[9.3638, 6.8707],
	[3.5657, 9.8037],
	[4.647, 9.3446],
	[7.8016, 9.1252],
	[9.6075, 8.7756]
  ]
]

MSE: 0.000045
=========================================================
          Learning params for data #16
=========================================================
Actual Params: [1 0.01996 0.06604 0.2037 7 0.7]
Predicted Params: [1 0.01996 0.06604 0.2037 7 0.6987]
Actual M:[
  [
	[4.8253, 6.0379],
	[6.3306, 7.159],
	[8.6085, 9.1161],
	[9.1125, 6.519],
	[2.4263, 9.4276],
	[9.8707, 5.087],
	[2.7673, 9.2116],
	[3.1697, 9.8925],
	[4.0153, 9.783],
	[8.1859, 9.6695]
  ]
]

Predicted M:[
  [
	[4.8253, 6.0379],
	[6.3306, 7.159],
	[8.6085, 9.1161],
	[9.1125, 6.519],
	[2.4263, 9.4276],
	[9.8707, 5.087],
	[2.7673, 9.2116],
	[3.1697, 9.8925],
	[4.0153, 9.783],
	[8.1859, 9.6695]
  ]
]

MSE: 0.000125
=========================================================
          Learning params for data #17
=========================================================
Actual Params: [11 0.02069 0.05158 0.734 8 0.5]
Predicted Params: [11 0.02069 0.05158 0.734 8 0.5022]
Actual M:[
  [
	[6.6601, 7.1867],
	[3.454, 9.0753],
	[4.1707, 8.8862],
	[8.731, 7.3584],
	[9.9313, 4.1016],
	[5.2284, 9.1148],
	[8.4186, 8.7029],
	[8.1368, 8.776],
	[8.4738, 8.8585],
	[9.6344, 5.6767]
  ]
]

Predicted M:[
  [
	[6.6601, 7.1867],
	[3.454, 9.0753],
	[4.1707, 8.8862],
	[8.731, 7.3584],
	[9.9313, 4.1016],
	[5.2284, 9.1148],
	[8.4186, 8.7029],
	[8.1368, 8.776],
	[8.4738, 8.8585],
	[9.6344, 5.6767]
  ]
]

MSE: 0.000092
=========================================================
          Learning params for data #18
=========================================================
Actual Params: [8 0.05927 0.06886 0.1801 5 0.3]
Predicted Params: [8 0.05927 0.06886 0.1801 5 0.3012]
Actual M:[
  [
	[7.3166, 7.5407],
	[8.4856, 2.7111],
	[5.8209, 7.9664],
	[9.1702, 7.2299],
	[8.8299, 9.4288],
	[4.2006, 9.4313],
	[6.4765, 9.6412],
	[9.85, 1.0292],
	[6.6157, 9.958],
	[9.9539, 5.654]
  ]
]

Predicted M:[
  [
	[7.3166, 7.5407],
	[8.4856, 2.7111],
	[5.8209, 7.9664],
	[9.1702, 7.2299],
	[8.8299, 9.4288],
	[4.2006, 9.4313],
	[6.4765, 9.6412],
	[9.85, 1.0292],
	[6.6157, 9.958],
	[9.9539, 5.654]
  ]
]

MSE: 0.000087
=========================================================
          Learning params for data #19
=========================================================
Actual Params: [8 0.02721 0.0318 0.2836 7 0.3]
Predicted Params: [8 0.02721 0.0318 0.2836 7 0.3025]
Actual M:[
  [
	[6.0767, 1.1728],
	[7.8382, 4.2939],
	[4.4303, 6.7131],
	[9.5064, 9.4377],
	[9.6244, 5.3946],
	[5.4768, 9.7654],
	[9.9797, 8.2151],
	[4.2183, 9.7674],
	[9.3417, 9.9044],
	[9.9381, 9.3301]
  ]
]

Predicted M:[
  [
	[6.0767, 1.1728],
	[7.8382, 4.2939],
	[4.4303, 6.7131],
	[9.5064, 9.4377],
	[9.6244, 5.3946],
	[5.4768, 9.7654],
	[9.9797, 8.2151],
	[4.2183, 9.7674],
	[9.3417, 9.9044],
	[9.9381, 9.3301]
  ]
]

MSE: 0.000050
=========================================================
          Learning params for data #20
=========================================================
Actual Params: [9 0.09981 0.04111 0.3856 11 0.3]
Predicted Params: [9 0.09981 0.04111 0.3856 11 0.3004]
Actual M:[
  [
	[7.8042, 8.4463],
	[4.6965, 8.9039],
	[9.7966, 2.7727],
	[8.141, 5.8051],
	[9.0206, 8.0465],
	[9.8298, 1.8382],
	[9.111, 7.0718],
	[1.8086, 9.5873],
	[1.961, 8.9583],
	[5.65, 9.7018]
  ]
]

Predicted M:[
  [
	[7.8042, 8.4463],
	[4.6965, 8.9039],
	[9.7966, 2.7727],
	[8.141, 5.8051],
	[9.0206, 8.0465],
	[9.8298, 1.8382],
	[9.111, 7.0718],
	[1.8086, 9.5873],
	[1.961, 8.9583],
	[5.65, 9.7018]
  ]
]

MSE: 0.000075
=========================================================
          Learning params for data #21
=========================================================
Actual Params: [4 0.07155 0.09089 0.4767 10 0.5]
Predicted Params: [4 0.07155 0.09089 0.4767 10 0.5018]
Actual M:[
  [
	[8.3575, 5.2458],
	[2.0119, 8.3778],
	[4.6709, 9.5839],
	[7.8, 8.2432],
	[9.2228, 6.2245],
	[8.3986, 6.432],
	[9.6401, 5.6774],
	[5.8743, 9.152],
	[9.7726, 4.8813],
	[9.7478, 9.3844]
  ]
]

Predicted M:[
  [
	[8.3575, 5.2458],
	[2.0119, 8.3778],
	[4.6709, 9.5839],
	[7.8, 8.2432],
	[9.2228, 6.2245],
	[8.3986, 6.432],
	[9.6401, 5.6774],
	[5.8743, 9.152],
	[9.7726, 4.8813],
	[9.7478, 9.3844]
  ]
]

MSE: 0.000126
=========================================================
          Learning params for data #22
=========================================================
Actual Params: [5 0.03971 0.04737 0.3478 9 0.3]
Predicted Params: [5 0.03971 0.04737 0.3478 9 0.301]
Actual M:[
  [
	[8.0422, 3.8482],
	[9.3391, 4.3346],
	[1.8766, 6.0292],
	[9.2321, 7.4829],
	[9.8291, 2.3392],
	[3.5056, 9.5654],
	[4.6323, 8.1067],
	[5.8589, 7.7241],
	[8.7712, 8.3577],
	[6.5515, 8.7919]
  ]
]

Predicted M:[
  [
	[8.0422, 3.8482],
	[9.3391, 4.3346],
	[1.8766, 6.0292],
	[9.2321, 7.4829],
	[9.8291, 2.3392],
	[3.5056, 9.5654],
	[4.6323, 8.1067],
	[5.8589, 7.7241],
	[8.7712, 8.3577],
	[6.5515, 8.7919]
  ]
]

MSE: 0.000031
=========================================================
          Learning params for data #23
=========================================================
Actual Params: [2 0.01625 0.09798 0.4466 14 0.3]
Predicted Params: [2 0.01625 0.09798 0.4466 14 0.3022]
Actual M:[
  [
	[7.2107, 7.6033],
	[2.6591, 9.6341],
	[9.7709, 3.7391],
	[7.9216, 3.9315],
	[3.5333, 7.6121],
	[7.8227, 6.0147],
	[2.9361, 8.5804],
	[8.9718, 6.6327],
	[7.8423, 7.0705],
	[8.0623, 8.411]
  ]
]

Predicted M:[
  [
	[7.2107, 7.6033],
	[2.6591, 9.6341],
	[9.7709, 3.7391],
	[7.9216, 3.9315],
	[3.5333, 7.6121],
	[7.8227, 6.0147],
	[2.9361, 8.5804],
	[8.9718, 6.6327],
	[7.8423, 7.0705],
	[8.0623, 8.411]
  ]
]

MSE: 0.000040
=========================================================
          Learning params for data #24
=========================================================
Actual Params: [12 0.01007 0.03969 0.6562 11 0.5]
Predicted Params: [12 0.01007 0.03969 0.6562 11 0.5022]
Actual M:[
  [
	[9.9859, 5.8965],
	[2.4476, 6.1098],
	[2.2579, 8.3098],
	[5.3274, 9.0262],
	[9.9082, 8.64],
	[9.8899, 9.9335],
	[9.748, 9.9537],
	[9.9642, 8.0922],
	[7.8854, 9.9961],
	[8.8627, 9.9612]
  ]
]

Predicted M:[
  [
	[9.9859, 5.8965],
	[2.4476, 6.1098],
	[2.2579, 8.3098],
	[5.3274, 9.0262],
	[9.9082, 8.64],
	[9.8899, 9.9335],
	[9.748, 9.9537],
	[9.9642, 8.0922],
	[7.8854, 9.9961],
	[8.8627, 9.9612]
  ]
]

MSE: 0.000032
=========================================================
          Learning params for data #25
=========================================================
Actual Params: [11 0.07053 0.05567 0.8945 8 0.3]
Predicted Params: [11 0.07053 0.05567 0.8945 8 0.3009]
Actual M:[
  [
	[6.0245, 9.1539],
	[6.8328, 8.9953],
	[7.0369, 3.3334],
	[9.6932, 6.0546],
	[9.8772, 6.0519],
	[7.8361, 7.9373],
	[6.4058, 9.4293],
	[8.9918, 6.4765],
	[9.5709, 7.1505],
	[9.912, 2.1567]
  ]
]

Predicted M:[
  [
	[6.0245, 9.1539],
	[6.8328, 8.9953],
	[7.0369, 3.3334],
	[9.6932, 6.0546],
	[9.8772, 6.0519],
	[7.8361, 7.9373],
	[6.4058, 9.4293],
	[8.9918, 6.4765],
	[9.5709, 7.1505],
	[9.912, 2.1567]
  ]
]

MSE: 0.000070
=========================================================
          Learning params for data #26
=========================================================
Actual Params: [12 0.03329 0.08987 0.2178 5 0.3]
Predicted Params: [12 0.03329 0.08987 0.2178 5 0.2998]
Actual M:[
  [
	[7.3958, 2.0445],
	[6.4219, 2.4466],
	[8.4909, 1.5136],
	[3.6918, 6.9593],
	[8.3532, 4.2965],
	[8.1155, 4.7522],
	[7.2618, 6.4293],
	[7.1294, 9.3714],
	[8.3117, 8.9722],
	[9.9499, 5.3569]
  ]
]

Predicted M:[
  [
	[7.3958, 2.0445],
	[6.4219, 2.4466],
	[8.4909, 1.5136],
	[3.6918, 6.9593],
	[8.3532, 4.2965],
	[8.1155, 4.7522],
	[7.2618, 6.4293],
	[7.1294, 9.3714],
	[8.3117, 8.9722],
	[9.9499, 5.3569]
  ]
]

MSE: 0.000131
=========================================================
          Learning params for data #27
=========================================================
Actual Params: [2 0.03638 0.0592 0.4961 6 0.5]
Predicted Params: [2 0.03638 0.0592 0.4961 6 0.5]
Actual M:[
  [
	[3.7955, 4.874],
	[1.8386, 5.8302],
	[2.8051, 6.3737],
	[7.5036, 9.0481],
	[7.7779, 7.9897],
	[9.9263, 7.1087],
	[9.5646, 7.8251],
	[7.8274, 8.3125],
	[3.76, 9.063],
	[8.7458, 8.9689]
  ]
]

Predicted M:[
  [
	[3.7955, 4.874],
	[1.8386, 5.8302],
	[2.8051, 6.3737],
	[7.5036, 9.0481],
	[7.7779, 7.9897],
	[9.9263, 7.1087],
	[9.5646, 7.8251],
	[7.8274, 8.3125],
	[3.76, 9.063],
	[8.7458, 8.9689]
  ]
]

MSE: 0.000032
=========================================================
          Learning params for data #28
=========================================================
Actual Params: [9 0.02256 0.09485 1.021 7 0.5]
Predicted Params: [9 0.02256 0.09485 1.021 7 0.4967]
Actual M:[
  [
	[3.6724, 5.2064],
	[3.064, 6.0327],
	[8.2109, 3.1075],
	[5.6888, 9.7504],
	[9.6952, 4.6888],
	[9.3769, 9.904],
	[9.599, 7.4018],
	[9.8933, 8.848],
	[9.5352, 9.5761],
	[9.9, 1.9071]
  ]
]

Predicted M:[
  [
	[3.6724, 5.2064],
	[3.064, 6.0327],
	[8.2109, 3.1075],
	[5.6888, 9.7504],
	[9.6952, 4.6888],
	[9.3769, 9.904],
	[9.599, 7.4018],
	[9.8933, 8.848],
	[9.5352, 9.5761],
	[9.9, 1.9071]
  ]
]

MSE: 0.000058
=========================================================
          Learning params for data #29
=========================================================
Actual Params: [15 0.01829 0.008297 0.3743 12 0.3]
Predicted Params: [15 0.01829 0.008297 0.3743 12 0.2992]
Actual M:[
  [
	[3.7129, 1.776],
	[1.8483, 3.4697],
	[2.4631, 5.2377],
	[9.4005, 6.2314],
	[6.5366, 9.472],
	[9.6121, 6.0368],
	[7.6716, 7.3249],
	[8.5628, 7.7319],
	[9.4768, 8.154],
	[7.006, 8.2369]
  ]
]

Predicted M:[
  [
	[3.7129, 1.776],
	[1.8483, 3.4697],
	[2.4631, 5.2377],
	[9.4005, 6.2314],
	[6.5366, 9.472],
	[9.6121, 6.0368],
	[7.6716, 7.3249],
	[8.5628, 7.7319],
	[9.4768, 8.154],
	[7.006, 8.2369]
  ]
]

MSE: 0.000029
=========================================================
          Learning params for data #30
=========================================================
Actual Params: [11 0.04923 0.05968 0.405 9 0.3]
Predicted Params: [11 0.04923 0.05968 0.405 9 0.2979]
Actual M:[
  [
	[1.8666, 6.7942],
	[9.1003, 9.4607],
	[3.6451, 9.8739],
	[9.2354, 1.9252],
	[4.7077, 9.5771],
	[9.7522, 2.3921],
	[8.1492, 9.6228],
	[9.276, 2.4652],
	[9.546, 7.8364],
	[7.9867, 9.9566]
  ]
]

Predicted M:[
  [
	[1.8666, 6.7942],
	[9.1003, 9.4607],
	[3.6451, 9.8739],
	[9.2354, 1.9252],
	[4.7077, 9.5771],
	[9.7522, 2.3921],
	[8.1492, 9.6228],
	[9.276, 2.4652],
	[9.546, 7.8364],
	[7.9867, 9.9566]
  ]
]

MSE: 0.000070
=========================================================
          Learning params for data #31
=========================================================
Actual Params: [1 0.08087 0.02209 0.4879 10 0.5]
Predicted Params: [1 0.08087 0.02209 0.4879 10 0.5024]
Actual M:[
  [
	[8.1674, 2.9668],
	[7.6426, 7.8111],
	[8.1915, 1.6763],
	[2.6248, 7.8282],
	[9.8245, 5.3197],
	[4.1233, 8.9583],
	[4.1851, 8.203],
	[6.0661, 8.7539],
	[9.559, 5.6078],
	[8.6886, 8.0264]
  ]
]

Predicted M:[
  [
	[8.1674, 2.9668],
	[7.6426, 7.8111],
	[8.1915, 1.6763],
	[2.6248, 7.8282],
	[9.8245, 5.3197],
	[4.1233, 8.9583],
	[4.1851, 8.203],
	[6.0661, 8.7539],
	[9.559, 5.6078],
	[8.6886, 8.0264]
  ]
]

MSE: 0.000008
=========================================================
          Learning params for data #32
=========================================================
Actual Params: [13 0.03966 0.02573 0.4502 9 0.7]
Predicted Params: [13 0.03966 0.02573 0.4502 9 0.6987]
Actual M:[
  [
	[9.4949, 4.2335],
	[4.9546, 6.8119],
	[1.4067, 8.1771],
	[7.0108, 6.1349],
	[5.0969, 9.9036],
	[9.7338, 5.5446],
	[6.1188, 9.7708],
	[9.9615, 2.2639],
	[9.1591, 8.9588],
	[6.2474, 9.1212]
  ]
]

Predicted M:[
  [
	[9.4949, 4.2335],
	[4.9546, 6.8119],
	[1.4067, 8.1771],
	[7.0108, 6.1349],
	[5.0969, 9.9036],
	[9.7338, 5.5446],
	[6.1188, 9.7708],
	[9.9615, 2.2639],
	[9.1591, 8.9588],
	[6.2474, 9.1212]
  ]
]

MSE: 0.000053
=========================================================
          Learning params for data #33
=========================================================
Actual Params: [4 0.08853 0.07652 0.19 7 0.5]
Predicted Params: [4 0.08853 0.07652 0.19 7 0.4957]
Actual M:[
  [
	[1.2365, 5.6187],
	[2.3763, 5.6607],
	[3.7143, 5.9262],
	[7.0327, 2.1875],
	[9.8816, 8.3231],
	[4.6599, 8.5617],
	[4.272, 8.8033],
	[7.5273, 9.8221],
	[3.2172, 9.9438],
	[9.9376, 7.1323]
  ]
]

Predicted M:[
  [
	[1.2365, 5.6187],
	[2.3763, 5.6607],
	[3.7143, 5.9262],
	[7.0327, 2.1875],
	[9.8816, 8.3231],
	[4.6599, 8.5617],
	[4.272, 8.8033],
	[7.5273, 9.8221],
	[3.2172, 9.9438],
	[9.9376, 7.1323]
  ]
]

MSE: 0.000050
=========================================================
          Learning params for data #34
=========================================================
Actual Params: [5 0.06566 0.09749 1.069 9 0.7]
Predicted Params: [5 0.06566 0.09749 1.069 9 0.6995]
Actual M:[
  [
	[7.9078, 9.3818],
	[8.7457, 9.5412],
	[9.604, 7.1704],
	[9.0749, 7.9615],
	[6.2425, 9.9715],
	[8.7581, 8.4436],
	[9.785, 8.9174],
	[9.007, 9.9671],
	[9.3422, 9.1196],
	[9.9357, 2.7672]
  ]
]

Predicted M:[
  [
	[7.9078, 9.3818],
	[8.7457, 9.5412],
	[9.604, 7.1704],
	[9.0749, 7.9615],
	[6.2425, 9.9715],
	[8.7581, 8.4436],
	[9.785, 8.9174],
	[9.007, 9.9671],
	[9.3422, 9.1196],
	[9.9357, 2.7672]
  ]
]

MSE: 0.000238
=========================================================
          Learning params for data #35
=========================================================
Actual Params: [10 0.004528 0.01061 0.3459 5 0.7]
Predicted Params: [10 0.004528 0.01061 0.3459 5 0.7033]
Actual M:[
  [
	[3.4407, 7.2595],
	[9.9072, 3.1708],
	[3.5808, 3.3319],
	[7.9947, 7.3824],
	[1.7899, 9.7757],
	[8.3081, 6.7144],
	[5.237, 7.8314],
	[9.9632, 7.7956],
	[4.2631, 8.7779],
	[8.6662, 9.4654]
  ]
]

Predicted M:[
  [
	[3.4407, 7.2595],
	[9.9072, 3.1708],
	[3.5808, 3.3319],
	[7.9947, 7.3824],
	[1.7899, 9.7757],
	[8.3081, 6.7144],
	[5.237, 7.8314],
	[9.9632, 7.7956],
	[4.2631, 8.7779],
	[8.6662, 9.4654]
  ]
]

MSE: 0.000012
=========================================================
          Learning params for data #36
=========================================================
Actual Params: [3 0.04735 0.09213 1.069 5 0.5]
Predicted Params: [3 0.04735 0.09213 1.069 5 0.5011]
Actual M:[
  [
	[8.7788, 2.7523],
	[9.4485, 3.7374],
	[8.8353, 4.1348],
	[6.1779, 9.7246],
	[6.225, 9.2614],
	[7.4205, 9.2333],
	[8.6466, 8.1113],
	[8.5012, 9.327],
	[9.2646, 6.1545],
	[8.7839, 7.593]
  ]
]

Predicted M:[
  [
	[8.7788, 2.7523],
	[9.4485, 3.7374],
	[8.8353, 4.1348],
	[6.1779, 9.7246],
	[6.225, 9.2614],
	[7.4205, 9.2333],
	[8.6466, 8.1113],
	[8.5012, 9.327],
	[9.2646, 6.1545],
	[8.7839, 7.593]
  ]
]

MSE: 0.000136
=========================================================
          Learning params for data #37
=========================================================
Actual Params: [10 0.006159 0.04653 0.9119 10 0.7]
Predicted Params: [10 0.006159 0.04653 0.9119 10 0.6987]
Actual M:[
  [
	[3.8779, 7.1111],
	[9.5309, 1.2494],
	[1.9675, 9.5531],
	[8.2858, 1.9051],
	[6.3817, 9.8151],
	[7.3839, 4.7344],
	[7.7716, 9.0939],
	[9.1368, 8.7406],
	[9.4707, 3.1633],
	[6.4524, 9.3374]
  ]
]

Predicted M:[
  [
	[3.8779, 7.1111],
	[9.5309, 1.2494],
	[1.9675, 9.5531],
	[8.2858, 1.9051],
	[6.3817, 9.8151],
	[7.3839, 4.7344],
	[7.7716, 9.0939],
	[9.1368, 8.7406],
	[9.4707, 3.1633],
	[6.4524, 9.3374]
  ]
]

MSE: 0.000116
=========================================================
          Learning params for data #38
=========================================================
Actual Params: [15 0.0695 0.04161 0.4382 12 0.7]
Predicted Params: [15 0.0695 0.04161 0.4382 12 0.7002]
Actual M:[
  [
	[8.0338, 4.972],
	[3.7933, 9.1603],
	[6.1926, 9.431],
	[8.7087, 5.1559],
	[6.9697, 6.6525],
	[9.7585, 3.3388],
	[9.069, 8.4414],
	[9.6804, 7.4217],
	[5.5627, 9.8307],
	[7.8959, 9.6561]
  ]
]

Predicted M:[
  [
	[8.0338, 4.972],
	[3.7933, 9.1603],
	[6.1926, 9.431],
	[8.7087, 5.1559],
	[6.9697, 6.6525],
	[9.7585, 3.3388],
	[9.069, 8.4414],
	[9.6804, 7.4217],
	[5.5627, 9.8307],
	[7.8959, 9.6561]
  ]
]

MSE: 0.000039
=========================================================
          Learning params for data #39
=========================================================
Actual Params: [7 0.06561 0.01189 0.2443 5 0.3]
Predicted Params: [7 0.06561 0.01189 0.2443 5 0.2992]
Actual M:[
  [
	[5.8463, 8.4801],
	[7.6385, 1.3087],
	[8.5333, 6.375],
	[9.8384, 2.6333],
	[7.628, 8.2591],
	[8.7764, 4.5621],
	[9.3144, 6.2806],
	[8.3089, 7.0485],
	[7.6187, 8.4695],
	[9.791, 6.6422]
  ]
]

Predicted M:[
  [
	[5.8463, 8.4801],
	[7.6385, 1.3087],
	[8.5333, 6.375],
	[9.8384, 2.6333],
	[7.628, 8.2591],
	[8.7764, 4.5621],
	[9.3144, 6.2806],
	[8.3089, 7.0485],
	[7.6187, 8.4695],
	[9.791, 6.6422]
  ]
]

MSE: 0.000040
=========================================================
          Learning params for data #40
=========================================================
Actual Params: [14 0.01717 0.04824 0.2885 8 0.5]
Predicted Params: [14 0.01717 0.04824 0.2885 8 0.5003]
Actual M:[
  [
	[1.6817, 1.9645],
	[2.7776, 2.7546],
	[5.3813, 2.908],
	[6.3684, 2.0253],
	[2.238, 6.9219],
	[8.1383, 3.4385],
	[5.7113, 5.6428],
	[3.5525, 7.9796],
	[7.6222, 4.9796],
	[8.4299, 4.0669]
  ]
]

Predicted M:[
  [
	[1.6817, 1.9645],
	[2.7776, 2.7546],
	[5.3813, 2.908],
	[6.3684, 2.0253],
	[2.238, 6.9219],
	[8.1383, 3.4385],
	[5.7113, 5.6428],
	[3.5525, 7.9796],
	[7.6222, 4.9796],
	[8.4299, 4.0669]
  ]
]

MSE: 0.000106
=========================================================
          Learning params for data #41
=========================================================
Actual Params: [9 0.01635 0.09692 0.1904 11 0.7]
Predicted Params: [9 0.01635 0.09692 0.1904 11 0.6995]
Actual M:[
  [
	[9.5138, 4.3998],
	[7.3186, 4.954],
	[3.159, 9.2832],
	[7.732, 8.4423],
	[9.743, 9.3534],
	[5.1366, 9.4688],
	[6.4681, 9.9472],
	[8.1639, 9.6586],
	[6.1723, 9.9893],
	[9.9885, 9.1937]
  ]
]

Predicted M:[
  [
	[9.5138, 4.3998],
	[7.3186, 4.954],
	[3.159, 9.2832],
	[7.732, 8.4423],
	[9.743, 9.3534],
	[5.1366, 9.4688],
	[6.4681, 9.9472],
	[8.1639, 9.6586],
	[6.1723, 9.9893],
	[9.9885, 9.1937]
  ]
]

MSE: 0.000020
=========================================================
          Learning params for data #42
=========================================================
Actual Params: [11 0.009645 0.008235 0.7186 13 0.3]
Predicted Params: [11 0.009645 0.008235 0.7186 13 0.3012]
Actual M:[
  [
	[7.6253, 7.0696],
	[1.102, 8.7532],
	[5.7509, 9.8743],
	[5.7559, 8.3422],
	[6.9817, 9.7235],
	[8.5913, 5.2004],
	[7.6894, 8.9498],
	[9.7372, 7.1591],
	[8.4011, 8.1911],
	[8.8694, 9.6206]
  ]
]

Predicted M:[
  [
	[7.6253, 7.0696],
	[1.102, 8.7532],
	[5.7509, 9.8743],
	[5.7559, 8.3422],
	[6.9817, 9.7235],
	[8.5913, 5.2004],
	[7.6894, 8.9498],
	[9.7372, 7.1591],
	[8.4011, 8.1911],
	[8.8694, 9.6206]
  ]
]

MSE: 0.000200
=========================================================
          Learning params for data #43
=========================================================
Actual Params: [14 0.03498 0.007118 0.5074 7 0.7]
Predicted Params: [14 0.03498 0.007118 0.5074 7 0.7071]
Actual M:[
  [
	[2.3125, 2.4871],
	[1.3062, 3.5797],
	[2.7745, 1.2141],
	[6.0202, 4.4576],
	[5.5608, 8.0293],
	[9.6814, 2.6101],
	[9.3735, 4.3771],
	[7.4628, 6.6459],
	[3.442, 8.1378],
	[3.6709, 9.9354]
  ]
]

Predicted M:[
  [
	[2.3125, 2.4871],
	[1.3062, 3.5797],
	[2.7745, 1.2141],
	[6.0202, 4.4576],
	[5.5608, 8.0293],
	[9.6814, 2.6101],
	[9.3735, 4.3771],
	[7.4628, 6.6459],
	[3.442, 8.1378],
	[3.6709, 9.9354]
  ]
]

MSE: 0.000146
=========================================================
          Learning params for data #44
=========================================================
Actual Params: [3 0.0131 0.09752 0.9042 5 0.7]
Predicted Params: [3 0.0131 0.09752 0.9042 5 0.7008]
Actual M:[
  [
	[6.19, 5.1944],
	[8.2763, 4.4272],
	[9.4078, 3.0393],
	[7.1871, 8.6046],
	[5.5726, 9.6534],
	[9.9887, 6.0084],
	[6.038, 9.1877],
	[6.9657, 9.4005],
	[8.6458, 8.3718],
	[7.6295, 8.9729]
  ]
]

Predicted M:[
  [
	[6.19, 5.1944],
	[8.2763, 4.4272],
	[9.4078, 3.0393],
	[7.1871, 8.6046],
	[5.5726, 9.6534],
	[9.9887, 6.0084],
	[6.038, 9.1877],
	[6.9657, 9.4005],
	[8.6458, 8.3718],
	[7.6295, 8.9729]
  ]
]

MSE: 0.000062
=========================================================
          Learning params for data #45
=========================================================
Actual Params: [14 0.07235 0.0362 0.2092 12 0.7]
Predicted Params: [14 0.07235 0.0362 0.2092 12 0.7039]
Actual M:[
  [
	[9.12, 9.7823],
	[9.3134, 5.3624],
	[9.9568, 4.766],
	[1.6055, 9.9134],
	[9.7776, 9.197],
	[4.3722, 9.7986],
	[8.5023, 9.9465],
	[9.8655, 9.8818],
	[9.9221, 4.7754],
	[4.8373, 9.9759]
  ]
]

Predicted M:[
  [
	[9.12, 9.7823],
	[9.3134, 5.3624],
	[9.9568, 4.766],
	[1.6055, 9.9134],
	[9.7776, 9.197],
	[4.3722, 9.7986],
	[8.5023, 9.9465],
	[9.8655, 9.8818],
	[9.9221, 4.7754],
	[4.8373, 9.9759]
  ]
]

MSE: 0.000068
=========================================================
          Learning params for data #46
=========================================================
Actual Params: [10 0.003718 0.03384 0.7774 7 0.3]
Predicted Params: [10 0.003718 0.03384 0.7774 7 0.2975]
Actual M:[
  [
	[6.2826, 1.4265],
	[4.1109, 3.2157],
	[8.378, 5.7119],
	[3.879, 6.9258],
	[9.7481, 1.9402],
	[9.4586, 4.3427],
	[9.8872, 2.7592],
	[7.9862, 6.3568],
	[9.9743, 1.6402],
	[9.8288, 5.3083]
  ]
]

Predicted M:[
  [
	[6.2826, 1.4265],
	[4.1109, 3.2157],
	[8.378, 5.7119],
	[3.879, 6.9258],
	[9.7481, 1.9402],
	[9.4586, 4.3427],
	[9.8872, 2.7592],
	[7.9862, 6.3568],
	[9.9743, 1.6402],
	[9.8288, 5.3083]
  ]
]

MSE: 0.000128
=========================================================
          Learning params for data #47
=========================================================
Actual Params: [4 0.07803 0.05208 0.4648 7 0.3]
Predicted Params: [4 0.07803 0.05208 0.4648 7 0.301]
Actual M:[
  [
	[2.0036, 7.6154],
	[8.9299, 7.5096],
	[7.5687, 8.8551],
	[9.4044, 1.943],
	[9.4789, 7.2783],
	[5.6173, 9.1018],
	[7.1892, 9.1426],
	[9.9375, 1.7575],
	[6.3695, 9.3483],
	[8.2274, 9.3718]
  ]
]

Predicted M:[
  [
	[2.0036, 7.6154],
	[8.9299, 7.5096],
	[7.5687, 8.8551],
	[9.4044, 1.943],
	[9.4789, 7.2783],
	[5.6173, 9.1018],
	[7.1892, 9.1426],
	[9.9375, 1.7575],
	[6.3695, 9.3483],
	[8.2274, 9.3718]
  ]
]

MSE: 0.000047
=========================================================
          Learning params for data #48
=========================================================
Actual Params: [9 0.0478 0.05251 0.7871 8 0.3]
Predicted Params: [9 0.0478 0.05251 0.7871 8 0.3018]
Actual M:[
  [
	[3.9455, 7.4176],
	[4.3502, 9.6324],
	[5.2361, 4.797],
	[6.619, 2.5097],
	[8.7788, 7.4668],
	[5.5628, 7.6693],
	[6.6742, 8.6065],
	[5.9871, 9.1863],
	[8.9834, 8.1748],
	[5.9604, 9.3597]
  ]
]

Predicted M:[
  [
	[3.9455, 7.4176],
	[4.3502, 9.6324],
	[5.2361, 4.797],
	[6.619, 2.5097],
	[8.7788, 7.4668],
	[5.5628, 7.6693],
	[6.6742, 8.6065],
	[5.9871, 9.1863],
	[8.9834, 8.1748],
	[5.9604, 9.3597]
  ]
]

MSE: 0.000057
=========================================================
          Learning params for data #49
=========================================================
Actual Params: [1 0.007093 0.06237 0.6022 12 0.7]
Predicted Params: [1 0.007093 0.06237 0.6022 12 0.6989]
Actual M:[
  [
	[4.8412, 7.1304],
	[5.7561, 8.6335],
	[6.9883, 4.6518],
	[8.4978, 6.7379],
	[7.5789, 9.1331],
	[9.2967, 5.5911],
	[5.6458, 9.7795],
	[8.917, 6.3315],
	[1.1813, 9.7929],
	[3.8177, 9.9951]
  ]
]

Predicted M:[
  [
	[4.8412, 7.1304],
	[5.7561, 8.6335],
	[6.9883, 4.6518],
	[8.4978, 6.7379],
	[7.5789, 9.1331],
	[9.2967, 5.5911],
	[5.6458, 9.7795],
	[8.917, 6.3315],
	[1.1813, 9.7929],
	[3.8177, 9.9951]
  ]
]

MSE: 0.000048
=========================================================
          Learning params for data #50
=========================================================
Actual Params: [12 0.06419 0.06451 0.9424 13 0.7]
Predicted Params: [12 0.06419 0.06451 0.9424 13 0.6994]
Actual M:[
  [
	[8.7487, 3.0512],
	[9.6685, 5.4553],
	[6.2246, 9.3401],
	[9.935, 7.4936],
	[1.7044, 9.6761],
	[7.6182, 7.7805],
	[8.7567, 7.9672],
	[9.504, 7.5195],
	[7.7323, 9.764],
	[9.4692, 8.8223]
  ]
]

Predicted M:[
  [
	[8.7487, 3.0512],
	[9.6685, 5.4553],
	[6.2246, 9.3401],
	[9.935, 7.4936],
	[1.7044, 9.6761],
	[7.6182, 7.7805],
	[8.7567, 7.9672],
	[9.504, 7.5195],
	[7.7323, 9.764],
	[9.4692, 8.8223]
  ]
]

MSE: 0.000042


MSE list: [8.478e-05 6.005e-05 8.886e-06 8.15e-05 9.851e-05 9.889e-05 7.447e-05 2.787e-05 7.215e-05 0.0002222 5.779e-05 7.681e-05 2.159e-05 5.354e-05 4.477e-05 0.0001252 9.245e-05 8.671e-05 5.02e-05 7.451e-05 0.0001258 3.146e-05 4.015e-05 3.235e-05 6.994e-05 0.0001306 3.188e-05 5.788e-05 2.857e-05 7.039e-05 7.706e-06 5.268e-05 5.023e-05 0.0002383 1.151e-05 0.0001359 0.0001164 3.884e-05 3.964e-05 0.0001056 1.991e-05 0.0001997 0.0001465 6.207e-05 6.793e-05 0.0001276 4.669e-05 5.74e-05 4.758e-05 4.223e-05]
MSE mean: 0.000075
MSE std: 0.000051
Time elapsed: 81.541462
