set_nopts10_ncomb5_nproblem50_no3
Ns: 5000
=========================================================
          Learning params for data #1
=========================================================
Actual Params: [1 0.06185 0.04461 0.5393 11 0.5]
Predicted Params: [1 0.06185 0.04461 0.5393 11 0.4978]
Actual M:[
  [
	[8.1006, 5.1878],
	[9.8452, 4.6087],
	[6.6538, 6.7299],
	[1.8013, 8.0224],
	[9.8748, 2.4735],
	[2.4893, 9.7489],
	[8.2565, 8.3979],
	[8.6768, 6.2666],
	[8.384, 6.4951],
	[5.8478, 9.9464]
  ]
]

Predicted M:[
  [
	[8.1006, 5.1878],
	[9.8452, 4.6087],
	[6.6538, 6.7299],
	[1.8013, 8.0224],
	[9.8748, 2.4735],
	[2.4893, 9.7489],
	[8.2565, 8.3979],
	[8.6768, 6.2666],
	[8.384, 6.4951],
	[5.8478, 9.9464]
  ]
]

MSE: 0.000218
=========================================================
          Learning params for data #2
=========================================================
Actual Params: [8 0.03173 0.06484 1.078 13 0.5]
Predicted Params: [8 0.03173 0.06484 1.078 13 0.5]
Actual M:[
  [
	[7.9384, 5.7086],
	[9.705, 3.898],
	[4.8651, 5.7654],
	[3.4145, 9.6546],
	[3.68, 6.0098],
	[6.8137, 8.6347],
	[8.5349, 7.7816],
	[6.267, 9.4669],
	[9.8031, 6.7264],
	[9.621, 8.4838]
  ]
]

Predicted M:[
  [
	[7.9384, 5.7086],
	[9.705, 3.898],
	[4.8651, 5.7654],
	[3.4145, 9.6546],
	[3.68, 6.0098],
	[6.8137, 8.6347],
	[8.5349, 7.7816],
	[6.267, 9.4669],
	[9.8031, 6.7264],
	[9.621, 8.4838]
  ]
]

MSE: 0.000047
=========================================================
          Learning params for data #3
=========================================================
Actual Params: [7 0.09182 0.1004 0.8978 9 0.5]
Predicted Params: [7 0.09182 0.1004 0.8978 9 0.5027]
Actual M:[
  [
	[4.7401, 9.0355],
	[9.2964, 6.8198],
	[5.3286, 7.4378],
	[6.6334, 8.9086],
	[9.3133, 7.1221],
	[7.6767, 7.7816],
	[9.5119, 6.1642],
	[4.2075, 9.6795],
	[4.9391, 9.782],
	[9.5522, 5.7104]
  ]
]

Predicted M:[
  [
	[4.7401, 9.0355],
	[9.2964, 6.8198],
	[5.3286, 7.4378],
	[6.6334, 8.9086],
	[9.3133, 7.1221],
	[7.6767, 7.7816],
	[9.5119, 6.1642],
	[4.2075, 9.6795],
	[4.9391, 9.782],
	[9.5522, 5.7104]
  ]
]

MSE: 0.000092
=========================================================
          Learning params for data #4
=========================================================
Actual Params: [6 0.007179 0.05818 0.3615 9 0.5]
Predicted Params: [6 0.007179 0.05818 0.3615 9 0.5001]
Actual M:[
  [
	[1.188, 4.3143],
	[4.004, 4.1229],
	[2.4036, 5.1684],
	[7.3367, 2.579],
	[8.3858, 6.6169],
	[6.2929, 8.5906],
	[5.1561, 8.9115],
	[2.6501, 9.9135],
	[8.6419, 6.6564],
	[6.4423, 8.5421]
  ]
]

Predicted M:[
  [
	[1.188, 4.3143],
	[4.004, 4.1229],
	[2.4036, 5.1684],
	[7.3367, 2.579],
	[8.3858, 6.6169],
	[6.2929, 8.5906],
	[5.1561, 8.9115],
	[2.6501, 9.9135],
	[8.6419, 6.6564],
	[6.4423, 8.5421]
  ]
]

MSE: 0.000070
=========================================================
          Learning params for data #5
=========================================================
Actual Params: [4 0.06531 0.03297 0.7736 13 0.7]
Predicted Params: [4 0.06531 0.03297 0.7736 13 0.6994]
Actual M:[
  [
	[2.1797, 2.8257],
	[6.7172, 5.6432],
	[8.7563, 3.8259],
	[5.3022, 8.0365],
	[5.3326, 9.9667],
	[7.9518, 8.8195],
	[7.1943, 8.9786],
	[8.8019, 4.1123],
	[8.9836, 2.8436],
	[9.3044, 5.7478]
  ]
]

Predicted M:[
  [
	[2.1797, 2.8257],
	[6.7172, 5.6432],
	[8.7563, 3.8259],
	[5.3022, 8.0365],
	[5.3326, 9.9667],
	[7.9518, 8.8195],
	[7.1943, 8.9786],
	[8.8019, 4.1123],
	[8.9836, 2.8436],
	[9.3044, 5.7478]
  ]
]

MSE: 0.000458
=========================================================
          Learning params for data #6
=========================================================
Actual Params: [11 0.04457 0.001131 0.5877 9 0.3]
Predicted Params: [11 0.04457 0.001131 0.5877 9 0.2976]
Actual M:[
  [
	[9.7659, 4.1998],
	[2.8445, 8.7794],
	[9.342, 9.2597],
	[9.3885, 8.201],
	[9.8387, 8.7056],
	[7.4482, 9.2763],
	[4.398, 9.8914],
	[5.7728, 9.6424],
	[9.1103, 9.5447],
	[9.9688, 4.1896]
  ]
]

Predicted M:[
  [
	[9.7659, 4.1998],
	[2.8445, 8.7794],
	[9.342, 9.2597],
	[9.3885, 8.201],
	[9.8387, 8.7056],
	[7.4482, 9.2763],
	[4.398, 9.8914],
	[5.7728, 9.6424],
	[9.1103, 9.5447],
	[9.9688, 4.1896]
  ]
]

MSE: 0.000020
=========================================================
          Learning params for data #7
=========================================================
Actual Params: [9 0.07797 0.0852 0.7037 13 0.5]
Predicted Params: [9 0.07797 0.0852 0.7037 13 0.5022]
Actual M:[
  [
	[5.0628, 3.7548],
	[5.7226, 6.7797],
	[7.6667, 7.2386],
	[7.5466, 7.965],
	[8.1591, 2.238],
	[8.3278, 1.1899],
	[9.4841, 2.6256],
	[5.4509, 8.0845],
	[8.513, 3.1048],
	[1.4176, 9.9257]
  ]
]

Predicted M:[
  [
	[5.0628, 3.7548],
	[5.7226, 6.7797],
	[7.6667, 7.2386],
	[7.5466, 7.965],
	[8.1591, 2.238],
	[8.3278, 1.1899],
	[9.4841, 2.6256],
	[5.4509, 8.0845],
	[8.513, 3.1048],
	[1.4176, 9.9257]
  ]
]

MSE: 0.000042
=========================================================
          Learning params for data #8
=========================================================
Actual Params: [7 0.0695 0.06622 0.7437 6 0.5]
Predicted Params: [7 0.0695 0.06622 0.7437 6 0.5044]
Actual M:[
  [
	[8.4126, 3.6463],
	[6.7331, 4.0308],
	[5.1973, 4.3787],
	[9.7074, 1.6807],
	[6.8375, 8.8745],
	[8.58, 2.7164],
	[5.7457, 9.3514],
	[8.7185, 8.0847],
	[9.6666, 5.2247],
	[5.0556, 9.7094]
  ]
]

Predicted M:[
  [
	[8.4126, 3.6463],
	[6.7331, 4.0308],
	[5.1973, 4.3787],
	[9.7074, 1.6807],
	[6.8375, 8.8745],
	[8.58, 2.7164],
	[5.7457, 9.3514],
	[8.7185, 8.0847],
	[9.6666, 5.2247],
	[5.0556, 9.7094]
  ]
]

MSE: 0.000073
=========================================================
          Learning params for data #9
=========================================================
Actual Params: [12 0.03941 0.08086 0.9862 12 0.3]
Predicted Params: [12 0.03941 0.08086 0.9862 12 0.3051]
Actual M:[
  [
	[5.2971, 9.1336],
	[8.0701, 6.6628],
	[9.5642, 1.9893],
	[8.9283, 2.593],
	[6.9147, 7.5573],
	[7.5093, 7.836],
	[9.5212, 5.1084],
	[9.1926, 9.2914],
	[9.6172, 3.5647],
	[9.3405, 9.4157]
  ]
]

Predicted M:[
  [
	[5.2971, 9.1336],
	[8.0701, 6.6628],
	[9.5642, 1.9893],
	[8.9283, 2.593],
	[6.9147, 7.5573],
	[7.5093, 7.836],
	[9.5212, 5.1084],
	[9.1926, 9.2914],
	[9.6172, 3.5647],
	[9.3405, 9.4157]
  ]
]

MSE: 0.000015
=========================================================
          Learning params for data #10
=========================================================
Actual Params: [10 0.03622 0.04912 0.3373 13 0.5]
Predicted Params: [10 0.03622 0.04912 0.3373 13 0.4935]
Actual M:[
  [
	[8.731, 4.7838],
	[2.4774, 6.3101],
	[9.8457, 3.9839],
	[6.2434, 7.538],
	[9.3137, 7.2938],
	[3.9307, 7.7888],
	[1.4126, 8.989],
	[9.4257, 9.929],
	[9.6837, 8.4602],
	[1.9352, 9.998]
  ]
]

Predicted M:[
  [
	[8.731, 4.7838],
	[2.4774, 6.3101],
	[9.8457, 3.9839],
	[6.2434, 7.538],
	[9.3137, 7.2938],
	[3.9307, 7.7888],
	[1.4126, 8.989],
	[9.4257, 9.929],
	[9.6837, 8.4602],
	[1.9352, 9.998]
  ]
]

MSE: 0.000047
=========================================================
          Learning params for data #11
=========================================================
Actual Params: [7 0.04557 0.05182 1.083 10 0.7]
Predicted Params: [7 0.04557 0.05182 1.083 10 0.7026]
Actual M:[
  [
	[5.5501, 9.1031],
	[7.0428, 9.9645],
	[9.0699, 7.8673],
	[9.9551, 2.0351],
	[8.9822, 9.5384],
	[9.146, 9.6487],
	[9.6086, 5.2725],
	[9.8924, 2.7137],
	[9.2166, 8.761],
	[9.7112, 9.2661]
  ]
]

Predicted M:[
  [
	[5.5501, 9.1031],
	[7.0428, 9.9645],
	[9.0699, 7.8673],
	[9.9551, 2.0351],
	[8.9822, 9.5384],
	[9.146, 9.6487],
	[9.6086, 5.2725],
	[9.8924, 2.7137],
	[9.2166, 8.761],
	[9.7112, 9.2661]
  ]
]

MSE: 0.000068
=========================================================
          Learning params for data #12
=========================================================
Actual Params: [4 0.06365 0.05996 0.2041 6 0.3]
Predicted Params: [4 0.06365 0.05996 0.2041 6 0.2965]
Actual M:[
  [
	[4.4234, 4.2815],
	[3.2578, 4.9477],
	[9.077, 8.887],
	[3.7581, 9.421],
	[1.5147, 9.9639],
	[9.252, 4.9536],
	[7.9981, 9.8348],
	[3.2135, 9.9947],
	[9.6923, 2.4424],
	[5.1035, 9.8418]
  ]
]

Predicted M:[
  [
	[4.4234, 4.2815],
	[3.2578, 4.9477],
	[9.077, 8.887],
	[3.7581, 9.421],
	[1.5147, 9.9639],
	[9.252, 4.9536],
	[7.9981, 9.8348],
	[3.2135, 9.9947],
	[9.6923, 2.4424],
	[5.1035, 9.8418]
  ]
]

MSE: 0.000095
=========================================================
          Learning params for data #13
=========================================================
Actual Params: [3 0.05219 0.09692 0.6608 12 0.5]
Predicted Params: [3 0.05219 0.09692 0.6608 12 0.5016]
Actual M:[
  [
	[3.4833, 8.3231],
	[5.517, 8.7277],
	[8.0237, 4.2181],
	[2.5063, 8.7405],
	[4.8112, 8.8991],
	[7.8968, 5.4516],
	[9.1323, 3.4507],
	[6.4485, 8.2747],
	[8.2531, 5.6361],
	[7.945, 8.7634]
  ]
]

Predicted M:[
  [
	[3.4833, 8.3231],
	[5.517, 8.7277],
	[8.0237, 4.2181],
	[2.5063, 8.7405],
	[4.8112, 8.8991],
	[7.8968, 5.4516],
	[9.1323, 3.4507],
	[6.4485, 8.2747],
	[8.2531, 5.6361],
	[7.945, 8.7634]
  ]
]

MSE: 0.000062
=========================================================
          Learning params for data #14
=========================================================
Actual Params: [9 0.0648 0.06511 0.9304 10 0.3]
Predicted Params: [9 0.0648 0.06511 0.9304 10 0.319]
Actual M:[
  [
	[7.9751, 8.2394],
	[9.6869, 9.8382],
	[9.8908, 3.9824],
	[9.7549, 6.9431],
	[4.5178, 9.8757],
	[9.8266, 5.389],
	[9.9966, 1.2586],
	[9.8696, 8.5511],
	[6.3457, 9.8706],
	[9.9829, 9.6362]
  ]
]

Predicted M:[
  [
	[7.9751, 8.2394],
	[9.6869, 9.8382],
	[9.8908, 3.9824],
	[9.7549, 6.9431],
	[4.5178, 9.8757],
	[9.8266, 5.389],
	[9.9966, 1.2586],
	[9.8696, 8.5511],
	[6.3457, 9.8706],
	[9.9829, 9.6362]
  ]
]

MSE: 0.000000
=========================================================
          Learning params for data #15
=========================================================
Actual Params: [14 0.003244 0.07175 0.8941 10 0.5]
Predicted Params: [14 0.003244 0.07175 0.8941 10 0.4988]
Actual M:[
  [
	[8.6367, 5.2864],
	[7.5769, 9.4966],
	[9.8741, 5.4398],
	[9.8965, 9.2886],
	[8.0541, 9.4933],
	[8.28, 9.9475],
	[9.9283, 4.0752],
	[4.2803, 9.9848],
	[9.9108, 5.4462],
	[9.2117, 9.5131]
  ]
]

Predicted M:[
  [
	[8.6367, 5.2864],
	[7.5769, 9.4966],
	[9.8741, 5.4398],
	[9.8965, 9.2886],
	[8.0541, 9.4933],
	[8.28, 9.9475],
	[9.9283, 4.0752],
	[4.2803, 9.9848],
	[9.9108, 5.4462],
	[9.2117, 9.5131]
  ]
]

MSE: 0.000048
=========================================================
          Learning params for data #16
=========================================================
Actual Params: [14 0.006079 0.08372 0.5588 10 0.7]
Predicted Params: [14 0.006079 0.08372 0.5588 10 0.6978]
Actual M:[
  [
	[6.7101, 4.443],
	[6.1952, 9.5553],
	[7.6949, 9.1506],
	[9.7479, 1.0425],
	[9.8742, 4.1242],
	[9.7719, 6.0622],
	[9.8746, 5.0146],
	[8.0254, 6.5411],
	[7.9239, 6.7854],
	[9.4776, 8.9068]
  ]
]

Predicted M:[
  [
	[6.7101, 4.443],
	[6.1952, 9.5553],
	[7.6949, 9.1506],
	[9.7479, 1.0425],
	[9.8742, 4.1242],
	[9.7719, 6.0622],
	[9.8746, 5.0146],
	[8.0254, 6.5411],
	[7.9239, 6.7854],
	[9.4776, 8.9068]
  ]
]

MSE: 0.000212
=========================================================
          Learning params for data #17
=========================================================
Actual Params: [11 0.06084 0.01586 0.3481 12 0.5]
Predicted Params: [11 0.06084 0.01586 0.3481 12 0.4957]
Actual M:[
  [
	[2.3303, 1.6166],
	[6.0465, 8.7168],
	[8.9087, 9.4144],
	[2.6262, 9.6851],
	[9.957, 2.7237],
	[9.4719, 3.8596],
	[9.8474, 6.9084],
	[9.3132, 8.1175],
	[6.3809, 9.94],
	[9.1706, 8.6063]
  ]
]

Predicted M:[
  [
	[2.3303, 1.6166],
	[6.0465, 8.7168],
	[8.9087, 9.4144],
	[2.6262, 9.6851],
	[9.957, 2.7237],
	[9.4719, 3.8596],
	[9.8474, 6.9084],
	[9.3132, 8.1175],
	[6.3809, 9.94],
	[9.1706, 8.6063]
  ]
]

MSE: 0.000257
=========================================================
          Learning params for data #18
=========================================================
Actual Params: [7 0.02924 0.07112 0.4923 12 0.3]
Predicted Params: [7 0.02924 0.07112 0.4923 12 0.2997]
Actual M:[
  [
	[6.5728, 3.3373],
	[7.5774, 2.2438],
	[2.0951, 6.9798],
	[9.6074, 6.6813],
	[8.2611, 6.9997],
	[1.1316, 8.8249],
	[5.9958, 9.1011],
	[6.0016, 7.6066],
	[6.1054, 8.5052],
	[8.4345, 6.9162]
  ]
]

Predicted M:[
  [
	[6.5728, 3.3373],
	[7.5774, 2.2438],
	[2.0951, 6.9798],
	[9.6074, 6.6813],
	[8.2611, 6.9997],
	[1.1316, 8.8249],
	[5.9958, 9.1011],
	[6.0016, 7.6066],
	[6.1054, 8.5052],
	[8.4345, 6.9162]
  ]
]

MSE: 0.000030
=========================================================
          Learning params for data #19
=========================================================
Actual Params: [7 0.0727 0.02342 1.079 7 0.5]
Predicted Params: [7 0.0727 0.02342 1.079 7 0.4978]
Actual M:[
  [
	[3.7242, 1.8867],
	[4.4796, 1.5393],
	[4.5713, 2.0264],
	[9.8482, 2.534],
	[9.5509, 9.5004],
	[9.5962, 7.0034],
	[9.6402, 3.7114],
	[9.9543, 7.5386],
	[5.2666, 9.605],
	[9.6158, 8.0661]
  ]
]

Predicted M:[
  [
	[3.7242, 1.8867],
	[4.4796, 1.5393],
	[4.5713, 2.0264],
	[9.8482, 2.534],
	[9.5509, 9.5004],
	[9.5962, 7.0034],
	[9.6402, 3.7114],
	[9.9543, 7.5386],
	[5.2666, 9.605],
	[9.6158, 8.0661]
  ]
]

MSE: 0.000001
=========================================================
          Learning params for data #20
=========================================================
Actual Params: [5 0.02639 0.09797 0.3164 12 0.3]
Predicted Params: [5 0.02639 0.09797 0.3164 12 0.2992]
Actual M:[
  [
	[6.1584, 2.4449],
	[9.805, 7.6421],
	[3.0618, 8.9018],
	[7.1195, 7.7453],
	[2.9058, 9.5696],
	[7.3461, 9.7027],
	[9.9762, 9.1464],
	[7.522, 9.3477],
	[8.8997, 9.99],
	[9.2396, 9.5216]
  ]
]

Predicted M:[
  [
	[6.1584, 2.4449],
	[9.805, 7.6421],
	[3.0618, 8.9018],
	[7.1195, 7.7453],
	[2.9058, 9.5696],
	[7.3461, 9.7027],
	[9.9762, 9.1464],
	[7.522, 9.3477],
	[8.8997, 9.99],
	[9.2396, 9.5216]
  ]
]

MSE: 0.000018
=========================================================
          Learning params for data #21
=========================================================
Actual Params: [3 0.06151 0.09836 0.1593 8 0.3]
Predicted Params: [3 0.06151 0.09836 0.1593 8 0.2993]
Actual M:[
  [
	[7.2923, 5.8601],
	[9.1706, 4.8987],
	[7.2014, 7.9987],
	[1.0818, 9.6886],
	[5.3494, 9.1019],
	[9.9594, 1.0242],
	[8.3513, 5.6313],
	[9.9306, 3.9017],
	[5.3554, 9.5914],
	[8.3627, 7.4939]
  ]
]

Predicted M:[
  [
	[7.2923, 5.8601],
	[9.1706, 4.8987],
	[7.2014, 7.9987],
	[1.0818, 9.6886],
	[5.3494, 9.1019],
	[9.9594, 1.0242],
	[8.3513, 5.6313],
	[9.9306, 3.9017],
	[5.3554, 9.5914],
	[8.3627, 7.4939]
  ]
]

MSE: 0.000159
=========================================================
          Learning params for data #22
=========================================================
Actual Params: [8 0.05239 0.0702 0.7584 12 0.3]
Predicted Params: [8 0.05239 0.0702 0.7584 12 0.3001]
Actual M:[
  [
	[5.2638, 5.1349],
	[3.3623, 7.8061],
	[4.8613, 9.2133],
	[6.5056, 3.7568],
	[7.1067, 5.8917],
	[7.8275, 6.8643],
	[5.8663, 8.1468],
	[8.0108, 1.905],
	[6.0463, 8.1071],
	[8.7932, 6.7674]
  ]
]

Predicted M:[
  [
	[5.2638, 5.1349],
	[3.3623, 7.8061],
	[4.8613, 9.2133],
	[6.5056, 3.7568],
	[7.1067, 5.8917],
	[7.8275, 6.8643],
	[5.8663, 8.1468],
	[8.0108, 1.905],
	[6.0463, 8.1071],
	[8.7932, 6.7674]
  ]
]

MSE: 0.000041
=========================================================
          Learning params for data #23
=========================================================
Actual Params: [7 0.00297 0.01226 0.3657 5 0.5]
Predicted Params: [7 0.00297 0.01226 0.3657 5 0.5003]
Actual M:[
  [
	[7.7081, 7.0462],
	[9.9261, 7.07],
	[2.4897, 9.9897],
	[3.7592, 7.1166],
	[5.4433, 9.1188],
	[3.5383, 9.2262],
	[7.6347, 7.874],
	[8.7387, 7.3784],
	[2.6562, 9.3427],
	[5.7166, 9.561]
  ]
]

Predicted M:[
  [
	[7.7081, 7.0462],
	[9.9261, 7.07],
	[2.4897, 9.9897],
	[3.7592, 7.1166],
	[5.4433, 9.1188],
	[3.5383, 9.2262],
	[7.6347, 7.874],
	[8.7387, 7.3784],
	[2.6562, 9.3427],
	[5.7166, 9.561]
  ]
]

MSE: 0.000147
=========================================================
          Learning params for data #24
=========================================================
Actual Params: [3 0.03853 0.03819 0.2261 8 0.7]
Predicted Params: [3 0.03853 0.03819 0.2261 8 0.7025]
Actual M:[
  [
	[7.1798, 9.7082],
	[7.6196, 7.874],
	[5.9164, 9.805],
	[2.9448, 9.9111],
	[7.2762, 8.0011],
	[8.4652, 4.2233],
	[7.5768, 8.668],
	[9.9448, 3.8462],
	[8.0527, 4.5487],
	[7.7106, 4.763]
  ]
]

Predicted M:[
  [
	[7.1798, 9.7082],
	[7.6196, 7.874],
	[5.9164, 9.805],
	[2.9448, 9.9111],
	[7.2762, 8.0011],
	[8.4652, 4.2233],
	[7.5768, 8.668],
	[9.9448, 3.8462],
	[8.0527, 4.5487],
	[7.7106, 4.763]
  ]
]

MSE: 0.000177
=========================================================
          Learning params for data #25
=========================================================
Actual Params: [6 0.09816 0.05674 1.003 11 0.5]
Predicted Params: [6 0.09816 0.05674 1.003 11 0.4933]
Actual M:[
  [
	[3.2845, 6.7738],
	[5.4533, 1.4126],
	[5.9131, 1.6338],
	[3.7666, 5.8297],
	[6.46, 8.4303],
	[3.1435, 9.8824],
	[8.4404, 8.5381],
	[3.2181, 8.5532],
	[9.7806, 3.9474],
	[9.1759, 7.5615]
  ]
]

Predicted M:[
  [
	[3.2845, 6.7738],
	[5.4533, 1.4126],
	[5.9131, 1.6338],
	[3.7666, 5.8297],
	[6.46, 8.4303],
	[3.1435, 9.8824],
	[8.4404, 8.5381],
	[3.2181, 8.5532],
	[9.7806, 3.9474],
	[9.1759, 7.5615]
  ]
]

MSE: 0.000027
=========================================================
          Learning params for data #26
=========================================================
Actual Params: [2 0.004715 0.05288 0.7104 9 0.3]
Predicted Params: [2 0.004715 0.05288 0.7104 9 0.2981]
Actual M:[
  [
	[7.9463, 4.4105],
	[4.6372, 5.0783],
	[1.927, 5.1221],
	[4.3981, 9.6317],
	[7.7025, 6.6305],
	[8.5542, 9.7031],
	[2.4543, 9.7065],
	[9.9018, 3.2528],
	[9.1516, 7.316],
	[9.0153, 7.9169]
  ]
]

Predicted M:[
  [
	[7.9463, 4.4105],
	[4.6372, 5.0783],
	[1.927, 5.1221],
	[4.3981, 9.6317],
	[7.7025, 6.6305],
	[8.5542, 9.7031],
	[2.4543, 9.7065],
	[9.9018, 3.2528],
	[9.1516, 7.316],
	[9.0153, 7.9169]
  ]
]

MSE: 0.000054
=========================================================
          Learning params for data #27
=========================================================
Actual Params: [11 0.06041 0.09706 0.9205 14 0.3]
Predicted Params: [11 0.06041 0.09706 0.9205 14 0.2954]
Actual M:[
  [
	[7.0706, 4.7133],
	[7.8341, 5.7404],
	[5.8203, 5.8661],
	[9.8797, 3.7127],
	[8.8291, 7.7119],
	[6.5666, 9.0643],
	[5.077, 9.5659],
	[9.4275, 9.8201],
	[1.0568, 9.9228],
	[4.0486, 9.8438]
  ]
]

Predicted M:[
  [
	[7.0706, 4.7133],
	[7.8341, 5.7404],
	[5.8203, 5.8661],
	[9.8797, 3.7127],
	[8.8291, 7.7119],
	[6.5666, 9.0643],
	[5.077, 9.5659],
	[9.4275, 9.8201],
	[1.0568, 9.9228],
	[4.0486, 9.8438]
  ]
]

MSE: 0.000029
=========================================================
          Learning params for data #28
=========================================================
Actual Params: [7 0.02001 0.006312 0.9339 9 0.5]
Predicted Params: [7 0.02001 0.006312 0.9339 9 0.5003]
Actual M:[
  [
	[8.4362, 7.9786],
	[1.0541, 9.9665],
	[3.5281, 9.1519],
	[9.862, 1.6831],
	[8.6176, 4.7567],
	[1.4377, 9.5263],
	[9.5846, 3.4235],
	[9.6938, 2.1902],
	[8.0034, 9.8609],
	[9.3291, 6.0879]
  ]
]

Predicted M:[
  [
	[8.4362, 7.9786],
	[1.0541, 9.9665],
	[3.5281, 9.1519],
	[9.862, 1.6831],
	[8.6176, 4.7567],
	[1.4377, 9.5263],
	[9.5846, 3.4235],
	[9.6938, 2.1902],
	[8.0034, 9.8609],
	[9.3291, 6.0879]
  ]
]

MSE: 0.000091
=========================================================
          Learning params for data #29
=========================================================
Actual Params: [1 0.074 0.09361 0.892 11 0.3]
Predicted Params: [1 0.074 0.09361 0.892 11 0.3025]
Actual M:[
  [
	[2.7209, 5.6593],
	[8.9167, 9.3766],
	[6.7262, 9.9187],
	[9.258, 6.7024],
	[9.2118, 7.0343],
	[9.7474, 1.5504],
	[9.6998, 3.1852],
	[9.3491, 6.0807],
	[9.4994, 7.6811],
	[2.2983, 9.9467]
  ]
]

Predicted M:[
  [
	[2.7209, 5.6593],
	[8.9167, 9.3766],
	[6.7262, 9.9187],
	[9.258, 6.7024],
	[9.2118, 7.0343],
	[9.7474, 1.5504],
	[9.6998, 3.1852],
	[9.3491, 6.0807],
	[9.4994, 7.6811],
	[2.2983, 9.9467]
  ]
]

MSE: 0.000040
=========================================================
          Learning params for data #30
=========================================================
Actual Params: [4 0.07703 0.02863 0.4302 7 0.7]
Predicted Params: [4 0.07703 0.02863 0.4302 7 0.7041]
Actual M:[
  [
	[2.7267, 7.5651],
	[4.9481, 7.2676],
	[9.4693, 3.7867],
	[3.869, 9.4833],
	[9.5947, 4.9306],
	[6.2029, 5.2838],
	[5.595, 9.8352],
	[8.868, 7.1231],
	[8.6417, 7.5817],
	[8.3613, 9.5813]
  ]
]

Predicted M:[
  [
	[2.7267, 7.5651],
	[4.9481, 7.2676],
	[9.4693, 3.7867],
	[3.869, 9.4833],
	[9.5947, 4.9306],
	[6.2029, 5.2838],
	[5.595, 9.8352],
	[8.868, 7.1231],
	[8.6417, 7.5817],
	[8.3613, 9.5813]
  ]
]

MSE: 0.000011
=========================================================
          Learning params for data #31
=========================================================
Actual Params: [6 0.09401 0.05749 0.6127 6 0.5]
Predicted Params: [6 0.09401 0.05749 0.6127 6 0.5011]
Actual M:[
  [
	[5.2647, 1.031],
	[7.1596, 1.9066],
	[2.9367, 5.9948],
	[4.0804, 2.1014],
	[3.6699, 2.1819],
	[3.0903, 4.6863],
	[9.4787, 2.3624],
	[4.6346, 7.5019],
	[8.0154, 9.4676],
	[8.4243, 2.6193]
  ]
]

Predicted M:[
  [
	[5.2647, 1.031],
	[7.1596, 1.9066],
	[2.9367, 5.9948],
	[4.0804, 2.1014],
	[3.6699, 2.1819],
	[3.0903, 4.6863],
	[9.4787, 2.3624],
	[4.6346, 7.5019],
	[8.0154, 9.4676],
	[8.4243, 2.6193]
  ]
]

MSE: 0.000053
=========================================================
          Learning params for data #32
=========================================================
Actual Params: [6 0.006655 0.05484 0.9552 14 0.3]
Predicted Params: [6 0.006655 0.05484 0.9552 14 0.2999]
Actual M:[
  [
	[7.8955, 1.7844],
	[2.0788, 7.2307],
	[4.6826, 8.5906],
	[8.6238, 5.8588],
	[9.2455, 6.596],
	[8.312, 6.8426],
	[9.3837, 6.3521],
	[3.8233, 9.8514],
	[3.1339, 9.8707],
	[9.6527, 9.3224]
  ]
]

Predicted M:[
  [
	[7.8955, 1.7844],
	[2.0788, 7.2307],
	[4.6826, 8.5906],
	[8.6238, 5.8588],
	[9.2455, 6.596],
	[8.312, 6.8426],
	[9.3837, 6.3521],
	[3.8233, 9.8514],
	[3.1339, 9.8707],
	[9.6527, 9.3224]
  ]
]

MSE: 0.000030
=========================================================
          Learning params for data #33
=========================================================
Actual Params: [13 0.05413 0.01277 0.3517 6 0.5]
Predicted Params: [13 0.05413 0.01277 0.3517 6 0.4953]
Actual M:[
  [
	[8.4502, 3.0379],
	[3.8165, 7.811],
	[5.3556, 3.7231],
	[6.1679, 9.9021],
	[6.4758, 7.3276],
	[9.0918, 9.8409],
	[9.1355, 6.143],
	[9.3392, 3.912],
	[9.947, 4.0564],
	[9.9727, 9.4361]
  ]
]

Predicted M:[
  [
	[8.4502, 3.0379],
	[3.8165, 7.811],
	[5.3556, 3.7231],
	[6.1679, 9.9021],
	[6.4758, 7.3276],
	[9.0918, 9.8409],
	[9.1355, 6.143],
	[9.3392, 3.912],
	[9.947, 4.0564],
	[9.9727, 9.4361]
  ]
]

MSE: 0.000037
=========================================================
          Learning params for data #34
=========================================================
Actual Params: [10 0.03156 0.08955 0.1908 5 0.5]
Predicted Params: [10 0.03156 0.08955 0.1908 5 0.4928]
Actual M:[
  [
	[6.5307, 4.0998],
	[8.4516, 3.2813],
	[9.459, 8.6783],
	[2.7579, 8.8945],
	[9.9947, 6.5273],
	[1.5021, 9.2955],
	[9.7367, 7.3152],
	[2.5854, 8.9684],
	[6.1912, 9.976],
	[9.5157, 9.5574]
  ]
]

Predicted M:[
  [
	[6.5307, 4.0998],
	[8.4516, 3.2813],
	[9.459, 8.6783],
	[2.7579, 8.8945],
	[9.9947, 6.5273],
	[1.5021, 9.2955],
	[9.7367, 7.3152],
	[2.5854, 8.9684],
	[6.1912, 9.976],
	[9.5157, 9.5574]
  ]
]

MSE: 0.000083
=========================================================
          Learning params for data #35
=========================================================
Actual Params: [3 0.09908 0.02014 0.775 12 0.5]
Predicted Params: [3 0.09908 0.02014 0.775 12 0.5044]
Actual M:[
  [
	[6.1199, 9.2971],
	[1.0871, 9.8651],
	[8.6075, 4.928],
	[9.8776, 2.4578],
	[9.8939, 6.7515],
	[1.9651, 9.8505],
	[8.1542, 8.2973],
	[7.3907, 8.735],
	[9.9401, 3.8224],
	[9.0618, 8.9759]
  ]
]

Predicted M:[
  [
	[6.1199, 9.2971],
	[1.0871, 9.8651],
	[8.6075, 4.928],
	[9.8776, 2.4578],
	[9.8939, 6.7515],
	[1.9651, 9.8505],
	[8.1542, 8.2973],
	[7.3907, 8.735],
	[9.9401, 3.8224],
	[9.0618, 8.9759]
  ]
]

MSE: 0.000057
=========================================================
          Learning params for data #36
=========================================================
Actual Params: [14 0.05744 0.02456 0.5737 8 0.5]
Predicted Params: [14 0.05744 0.02456 0.5737 8 0.5044]
Actual M:[
  [
	[8.9481, 2.6785],
	[4.2824, 4.943],
	[4.6127, 8.4605],
	[5.2629, 4.42],
	[7.9696, 7.7627],
	[8.9328, 9.9369],
	[8.996, 7.3292],
	[9.8569, 3.6098],
	[9.4948, 4.7219],
	[9.6206, 8.753]
  ]
]

Predicted M:[
  [
	[8.9481, 2.6785],
	[4.2824, 4.943],
	[4.6127, 8.4605],
	[5.2629, 4.42],
	[7.9696, 7.7627],
	[8.9328, 9.9369],
	[8.996, 7.3292],
	[9.8569, 3.6098],
	[9.4948, 4.7219],
	[9.6206, 8.753]
  ]
]

MSE: 0.000068
=========================================================
          Learning params for data #37
=========================================================
Actual Params: [12 0.09007 0.07395 0.3794 6 0.5]
Predicted Params: [12 0.09007 0.07395 0.3794 6 0.4894]
Actual M:[
  [
	[6.0746, 2.6767],
	[8.7125, 8.1927],
	[9.3882, 2.078],
	[7.3594, 9.2691],
	[8.9615, 9.4868],
	[9.7943, 6.0819],
	[7.5997, 9.6973],
	[9.9542, 1.7428],
	[9.9496, 8.6645],
	[8.6907, 9.5461]
  ]
]

Predicted M:[
  [
	[6.0746, 2.6767],
	[8.7125, 8.1927],
	[9.3882, 2.078],
	[7.3594, 9.2691],
	[8.9615, 9.4868],
	[9.7943, 6.0819],
	[7.5997, 9.6973],
	[9.9542, 1.7428],
	[9.9496, 8.6645],
	[8.6907, 9.5461]
  ]
]

MSE: 0.000034
=========================================================
          Learning params for data #38
=========================================================
Actual Params: [11 0.09939 0.03044 0.4356 8 0.3]
Predicted Params: [11 0.09939 0.03044 0.4356 8 0.2975]
Actual M:[
  [
	[2.8273, 5.4105],
	[5.0538, 8.9116],
	[9.0081, 4.2867],
	[5.3059, 7.2403],
	[6.6666, 6.9464],
	[5.1653, 8.002],
	[3.2027, 9.4934],
	[5.3558, 8.5207],
	[9.4688, 9.0349],
	[8.7115, 9.9232]
  ]
]

Predicted M:[
  [
	[2.8273, 5.4105],
	[5.0538, 8.9116],
	[9.0081, 4.2867],
	[5.3059, 7.2403],
	[6.6666, 6.9464],
	[5.1653, 8.002],
	[3.2027, 9.4934],
	[5.3558, 8.5207],
	[9.4688, 9.0349],
	[8.7115, 9.9232]
  ]
]

MSE: 0.000021
=========================================================
          Learning params for data #39
=========================================================
Actual Params: [9 0.07205 0.08609 0.8514 14 0.5]
Predicted Params: [9 0.07205 0.08609 0.8514 14 0.5027]
Actual M:[
  [
	[7.6791, 1.0597],
	[1.6075, 9.5218],
	[8.7637, 6.8732],
	[5.8653, 8.0917],
	[9.201, 5.9418],
	[8.0073, 8.5856],
	[8.6328, 8.6524],
	[7.937, 8.8485],
	[9.5409, 9.9103],
	[9.7124, 9.6443]
  ]
]

Predicted M:[
  [
	[7.6791, 1.0597],
	[1.6075, 9.5218],
	[8.7637, 6.8732],
	[5.8653, 8.0917],
	[9.201, 5.9418],
	[8.0073, 8.5856],
	[8.6328, 8.6524],
	[7.937, 8.8485],
	[9.5409, 9.9103],
	[9.7124, 9.6443]
  ]
]

MSE: 0.000063
=========================================================
          Learning params for data #40
=========================================================
Actual Params: [7 0.05664 0.08387 0.8387 13 0.7]
Predicted Params: [7 0.05664 0.08387 0.8387 13 0.698]
Actual M:[
  [
	[6.9889, 2.6232],
	[6.0681, 5.6429],
	[7, 6.7283],
	[7.732, 4.4412],
	[8.2375, 7.1936],
	[8.4053, 3.3121],
	[6.486, 9.524],
	[8.9811, 4.6309],
	[7.2784, 9.7396],
	[8.7379, 6.8079]
  ]
]

Predicted M:[
  [
	[6.9889, 2.6232],
	[6.0681, 5.6429],
	[7, 6.7283],
	[7.732, 4.4412],
	[8.2375, 7.1936],
	[8.4053, 3.3121],
	[6.486, 9.524],
	[8.9811, 4.6309],
	[7.2784, 9.7396],
	[8.7379, 6.8079]
  ]
]

MSE: 0.000098
=========================================================
          Learning params for data #41
=========================================================
Actual Params: [1 0.01006 0.06231 0.71 8 0.5]
Predicted Params: [1 0.01006 0.06231 0.71 8 0.5044]
Actual M:[
  [
	[1.4624, 1.3975],
	[1.8431, 4.0633],
	[2.3438, 5.146],
	[2.1844, 5.8543],
	[6.3873, 8.4087],
	[6.844, 6.8521],
	[6.8337, 9.193],
	[7.1539, 8.5304],
	[7.4152, 6.8129],
	[9.4039, 5.1664]
  ]
]

Predicted M:[
  [
	[1.4624, 1.3975],
	[1.8431, 4.0633],
	[2.3438, 5.146],
	[2.1844, 5.8543],
	[6.3873, 8.4087],
	[6.844, 6.8521],
	[6.8337, 9.193],
	[7.1539, 8.5304],
	[7.4152, 6.8129],
	[9.4039, 5.1664]
  ]
]

MSE: 0.000035
=========================================================
          Learning params for data #42
=========================================================
Actual Params: [15 0.03213 0.07936 0.6023 5 0.7]
Predicted Params: [15 0.03213 0.07936 0.6023 5 0.7025]
Actual M:[
  [
	[3.1924, 7.1136],
	[7.1895, 9.2],
	[5.0943, 9.8677],
	[8.7361, 9.1172],
	[9.3955, 6.6689],
	[6.4319, 9.9427],
	[9.9498, 7.5836],
	[9.2712, 9.6298],
	[7.2155, 9.8297],
	[9.8042, 9.7018]
  ]
]

Predicted M:[
  [
	[3.1924, 7.1136],
	[7.1895, 9.2],
	[5.0943, 9.8677],
	[8.7361, 9.1172],
	[9.3955, 6.6689],
	[6.4319, 9.9427],
	[9.9498, 7.5836],
	[9.2712, 9.6298],
	[7.2155, 9.8297],
	[9.8042, 9.7018]
  ]
]

MSE: 0.000075
=========================================================
          Learning params for data #43
=========================================================
Actual Params: [6 0.01745 0.04902 0.3248 11 0.7]
Predicted Params: [6 0.01745 0.04902 0.3248 11 0.6989]
Actual M:[
  [
	[5.3743, 6.4439],
	[4.6588, 7.9267],
	[7.4818, 6.9171],
	[5.5184, 9.7552],
	[9.5461, 7.233],
	[7.4309, 8.9229],
	[8.7203, 8.0385],
	[9.7674, 4.9837],
	[8.3022, 9.7986],
	[8.9246, 7.5925]
  ]
]

Predicted M:[
  [
	[5.3743, 6.4439],
	[4.6588, 7.9267],
	[7.4818, 6.9171],
	[5.5184, 9.7552],
	[9.5461, 7.233],
	[7.4309, 8.9229],
	[8.7203, 8.0385],
	[9.7674, 4.9837],
	[8.3022, 9.7986],
	[8.9246, 7.5925]
  ]
]

MSE: 0.000107
=========================================================
          Learning params for data #44
=========================================================
Actual Params: [8 0.0735 0.04923 0.8975 6 0.5]
Predicted Params: [8 0.0735 0.04923 0.8975 6 0.4957]
Actual M:[
  [
	[5.1491, 5.8953],
	[3.9447, 7.3325],
	[6.8083, 3.5727],
	[1.1665, 9.1609],
	[6.7705, 5.7054],
	[9.2355, 2.3703],
	[3.7491, 7.9505],
	[4.7755, 7.1808],
	[7.6719, 5.7274],
	[9.5591, 8.4248]
  ]
]

Predicted M:[
  [
	[5.1491, 5.8953],
	[3.9447, 7.3325],
	[6.8083, 3.5727],
	[1.1665, 9.1609],
	[6.7705, 5.7054],
	[9.2355, 2.3703],
	[3.7491, 7.9505],
	[4.7755, 7.1808],
	[7.6719, 5.7274],
	[9.5591, 8.4248]
  ]
]

MSE: 0.000116
=========================================================
          Learning params for data #45
=========================================================
Actual Params: [15 0.0337 0.08939 0.5452 13 0.7]
Predicted Params: [15 0.0337 0.08939 0.5452 13 0.7003]
Actual M:[
  [
	[4.3544, 6.2989],
	[9.7568, 5.2562],
	[4.4252, 9.8034],
	[9.9346, 4.5708],
	[8.6021, 6.5891],
	[5.0773, 9.1332],
	[7.2437, 6.7963],
	[7.8814, 8.5915],
	[1.7054, 9.9985],
	[8.8579, 7.9701]
  ]
]

Predicted M:[
  [
	[4.3544, 6.2989],
	[9.7568, 5.2562],
	[4.4252, 9.8034],
	[9.9346, 4.5708],
	[8.6021, 6.5891],
	[5.0773, 9.1332],
	[7.2437, 6.7963],
	[7.8814, 8.5915],
	[1.7054, 9.9985],
	[8.8579, 7.9701]
  ]
]

MSE: 0.000059
=========================================================
          Learning params for data #46
=========================================================
Actual Params: [12 0.02965 0.08491 0.2296 6 0.7]
Predicted Params: [12 0.02965 0.08491 0.2296 6 0.6976]
Actual M:[
  [
	[2.1697, 5.8993],
	[7.6862, 7.7853],
	[8.4642, 9.6579],
	[9.7726, 3.4611],
	[9.9612, 6.3577],
	[9.0329, 7.8212],
	[5.4972, 9.9953],
	[9.8355, 8.9448],
	[7.2949, 9.8845],
	[6.3661, 9.999]
  ]
]

Predicted M:[
  [
	[2.1697, 5.8993],
	[7.6862, 7.7853],
	[8.4642, 9.6579],
	[9.7726, 3.4611],
	[9.9612, 6.3577],
	[9.0329, 7.8212],
	[5.4972, 9.9953],
	[9.8355, 8.9448],
	[7.2949, 9.8845],
	[6.3661, 9.999]
  ]
]

MSE: 0.000119
=========================================================
          Learning params for data #47
=========================================================
Actual Params: [10 0.08955 0.07047 0.5979 14 0.3]
Predicted Params: [10 0.08955 0.07047 0.5979 14 0.3065]
Actual M:[
  [
	[9.3226, 8.353],
	[1.7509, 9.0521],
	[6.0417, 8.4835],
	[3.3531, 9.574],
	[5.6581, 9.425],
	[9.419, 2.8907],
	[9.8615, 3.6196],
	[9.7655, 8.0401],
	[8.7866, 9.731],
	[7.3348, 9.9957]
  ]
]

Predicted M:[
  [
	[9.3226, 8.353],
	[1.7509, 9.0521],
	[6.0417, 8.4835],
	[3.3531, 9.574],
	[5.6581, 9.425],
	[9.419, 2.8907],
	[9.8615, 3.6196],
	[9.7655, 8.0401],
	[8.7866, 9.731],
	[7.3348, 9.9957]
  ]
]

MSE: 0.000008
=========================================================
          Learning params for data #48
=========================================================
Actual Params: [11 0.00956 0.04818 0.7677 5 0.3]
Predicted Params: [11 0.00956 0.04818 0.7677 5 0.2988]
Actual M:[
  [
	[1.9447, 7.1559],
	[2.5096, 5.0764],
	[3.6521, 8.1776],
	[8.5447, 5.6947],
	[5.2012, 7.5984],
	[7.9856, 8.349],
	[9.0503, 3.0858],
	[7.3252, 9.1455],
	[8.7195, 6.7496],
	[9.4678, 1.5403]
  ]
]

Predicted M:[
  [
	[1.9447, 7.1559],
	[2.5096, 5.0764],
	[3.6521, 8.1776],
	[8.5447, 5.6947],
	[5.2012, 7.5984],
	[7.9856, 8.349],
	[9.0503, 3.0858],
	[7.3252, 9.1455],
	[8.7195, 6.7496],
	[9.4678, 1.5403]
  ]
]

MSE: 0.000059
=========================================================
          Learning params for data #49
=========================================================
Actual Params: [10 0.03224 0.01012 0.2097 9 0.3]
Predicted Params: [10 0.03224 0.01012 0.2097 9 0.3051]
Actual M:[
  [
	[4.8641, 2.5714],
	[6.8029, 1.2825],
	[9.0926, 4.8258],
	[3.2516, 6.9987],
	[2.8964, 8.9836],
	[8.5722, 8.9138],
	[3.612, 9.8589],
	[9.7212, 4.0825],
	[8.788, 8.1421],
	[4.3456, 9.6212]
  ]
]

Predicted M:[
  [
	[4.8641, 2.5714],
	[6.8029, 1.2825],
	[9.0926, 4.8258],
	[3.2516, 6.9987],
	[2.8964, 8.9836],
	[8.5722, 8.9138],
	[3.612, 9.8589],
	[9.7212, 4.0825],
	[8.788, 8.1421],
	[4.3456, 9.6212]
  ]
]

MSE: 0.000162
=========================================================
          Learning params for data #50
=========================================================
Actual Params: [11 0.04572 0.02253 0.4123 10 0.3]
Predicted Params: [11 0.04572 0.02253 0.4123 10 0.299]
Actual M:[
  [
	[3.8574, 1.2602],
	[7.7971, 7.8601],
	[2.1911, 8.23],
	[9.0069, 6.7984],
	[9.546, 1.6451],
	[9.1281, 7.4311],
	[5.3116, 8.1917],
	[4.111, 8.3337],
	[5.9753, 9.1803],
	[3.5566, 9.5863]
  ]
]

Predicted M:[
  [
	[3.8574, 1.2602],
	[7.7971, 7.8601],
	[2.1911, 8.23],
	[9.0069, 6.7984],
	[9.546, 1.6451],
	[9.1281, 7.4311],
	[5.3116, 8.1917],
	[4.111, 8.3337],
	[5.9753, 9.1803],
	[3.5566, 9.5863]
  ]
]

MSE: 0.000111


MSE list: [0.0002177 4.665e-05 9.232e-05 6.967e-05 0.0004582 2.012e-05 4.238e-05 7.332e-05 1.476e-05 4.67e-05 6.801e-05 9.495e-05 6.184e-05 2.48e-07 4.792e-05 0.0002117 0.0002568 3.042e-05 6.24e-07 1.777e-05 0.0001589 4.08e-05 0.0001467 0.0001772 2.698e-05 5.393e-05 2.876e-05 9.057e-05 3.981e-05 1.111e-05 5.273e-05 3.039e-05 3.711e-05 8.344e-05 5.691e-05 6.753e-05 3.416e-05 2.078e-05 6.324e-05 9.806e-05 3.451e-05 7.468e-05 0.0001071 0.0001164 5.856e-05 0.0001191 7.844e-06 5.857e-05 0.0001622 0.0001109]
MSE mean: 0.000081
MSE std: 0.000079
Time elapsed: 45.342412
