set_nopts7_ncomb3_nproblem50_no3
Ns: 5000
=========================================================
          Learning params for data #1
=========================================================
Actual Params: [12 0.03973 0.02163 0.8761 25 0.7]
Predicted Params: [12 0.03973 0.02163 0.8761 25 0.4703]
Actual M:[
  [
	[9.0078, 7.9019],
	[3.3055, 9.7744],
	[9.1675, 6.4581],
	[7.5159, 9.3135],
	[5.3736, 9.5075],
	[9.574, 8.8147],
	[3.3256, 9.6163]
  ]
]

Predicted M:[
  [
	[16.7602, 8.8379],
	[3.06, 3.0881],
	[4.4306, 6.5734],
	[11.5528, 1.3864],
	[7.7984, 1.2166],
	[7.3762, 2.8538],
	[1.5918, 2.6643]
  ]
]

MSE: 0.010168
=========================================================
          Learning params for data #2
=========================================================
Actual Params: [1 0.04948 0.06532 0.1291 25 0.5]
Predicted Params: [1 0.04948 0.06532 0.1291 25 0.5038]
Actual M:[
  [
	[4.3422, 7.4455],
	[3.8203, 8.1894],
	[6.1636, 6.1341],
	[8.6597, 7.3184],
	[9.4498, 5.0304],
	[8.9146, 7.8427],
	[1.1344, 8.4029]
  ]
]

Predicted M:[
  [
	[5.4216, 6.0594],
	[6.1323, 4.8503],
	[8.5253, 4.5804],
	[5.5267, 6.2908],
	[3.5167, 5.251],
	[6.5547, 7.6064],
	[2.4946, 7.174]
  ]
]

MSE: 0.000130
=========================================================
          Learning params for data #3
=========================================================
Actual Params: [8 0.05002 0.07358 0.917 25 0.5]
Predicted Params: [8 0.05002 0.07358 0.917 25 0.5487]
Actual M:[
  [
	[2.7181, 4.9478],
	[8.5643, 1.5637],
	[6.8093, 9.1657],
	[9.5391, 4.9954],
	[6.833, 6.4086],
	[7.658, 9.7801],
	[9.4357, 9.5996]
  ]
]

Predicted M:[
  [
	[3.197, 29.1729],
	[2.8833, 0.30863],
	[2.53, 4.451],
	[8.7808, 11.456],
	[1.8578, 1.7791],
	[9.0786, 2.0641],
	[1.6465, 2.4679]
  ]
]

MSE: 0.666536
=========================================================
          Learning params for data #4
=========================================================
Actual Params: [15 0.04276 0.02396 0.3549 25 0.5]
Predicted Params: [15 0.04276 0.02396 0.3549 25 0.5]
Actual M:[
  [
	[7.9643, 8.9103],
	[4.0412, 9.7328],
	[9.6942, 5.2022],
	[8.5032, 5.4347],
	[9.3918, 6.6015],
	[9.8078, 4.6081],
	[9.3851, 9.0497]
  ]
]

Predicted M:[
  [
	[2.5229, 2.5238],
	[6.9488, 1.9114],
	[8.5851, 7.1262],
	[4.2899, 2.4979],
	[2.769, 3.2363],
	[2.381, 1.6828],
	[9.4657, 7.0497]
  ]
]

MSE: 0.057484
=========================================================
          Learning params for data #5
=========================================================
Actual Params: [1 0.06804 0.05928 0.3864 25 0.7]
Predicted Params: [1 0.06804 0.05928 0.3864 25 0.4612]
Actual M:[
  [
	[3.4362, 9.2176],
	[4.9702, 9.4249],
	[8.3331, 9.9877],
	[9.8653, 9.5997],
	[9.922, 8.0602],
	[9.9239, 2.07],
	[9.8759, 9.5344]
  ]
]

Predicted M:[
  [
	[6.7828, 0.73845],
	[11.6662, 4.3521],
	[1.4648, 7.8197],
	[3.1163, 22.9504],
	[4.5599, 2.501],
	[0.27918, 5.8315],
	[75.1382, 4.95]
  ]
]

MSE: 0.000000
=========================================================
          Learning params for data #6
=========================================================
Actual Params: [2 0.02986 0.09543 0.2305 25 0.5]
Predicted Params: [2 0.02986 0.09543 0.2305 25 0.4954]
Actual M:[
  [
	[6.3797, 9.9279],
	[6.9825, 1.7499],
	[7.9276, 1.383],
	[9.4603, 5.1089],
	[8.0628, 9.6229],
	[9.3683, 8.4296],
	[9.6715, 9.4802]
  ]
]

Predicted M:[
  [
	[9.3416, 4.3967],
	[3.8214, 3.2231],
	[5.4669, 2.6454],
	[2.8558, 4.6731],
	[5.7599, 9.7469],
	[7.6578, 7.777],
	[8.4334, 9.6465]
  ]
]

MSE: 0.023480
=========================================================
          Learning params for data #7
=========================================================
Actual Params: [7 0.09306 0.02714 0.4377 25 0.3]
Predicted Params: [7 0.09306 0.02714 0.4377 25 0.4756]
Actual M:[
  [
	[2.0179, 2.7529],
	[6.9872, 2.4688],
	[9.1296, 3.9498],
	[9.7581, 4.0752],
	[9.9363, 2.1812],
	[9.8542, 9.4341],
	[9.8842, 4.807]
  ]
]

Predicted M:[
  [
	[4.8494, 3.5428],
	[5.2473, 1.8594],
	[9.6567, 10.1125],
	[1.4171, 1.3443],
	[3.3963, 6.4113],
	[8.6764, 7.0992],
	[5.2333, 7.2071]
  ]
]

MSE: 0.666667
=========================================================
          Learning params for data #8
=========================================================
Actual Params: [6 0.05376 0.04839 0.4641 25 0.3]
Predicted Params: [6 0.05376 0.04839 0.4641 25 0.495]
Actual M:[
  [
	[9.2212, 1.2212],
	[2.3093, 6.3618],
	[8.8009, 4.6366],
	[9.0541, 7.8916],
	[9.2416, 2.2926],
	[2.9282, 9.2676],
	[1.8967, 9.4454]
  ]
]

Predicted M:[
  [
	[5.5112, 1.7552],
	[2.4933, 7.4055],
	[4.3607, 6.2166],
	[4.6535, 12.0968],
	[2.9877, 2.851],
	[4.2826, 7.7927],
	[7.8512, 6.503]
  ]
]

MSE: 0.003298
=========================================================
          Learning params for data #9
=========================================================
Actual Params: [5 0.0755 0.02254 0.1736 25 0.3]
Predicted Params: [5 0.0755 0.02254 0.1736 25 0.4589]
Actual M:[
  [
	[4.6632, 2.8003],
	[6.5777, 7.7654],
	[7.1461, 6.3177],
	[9.8109, 7.3971],
	[5.9436, 8.1339],
	[5.7412, 9.8915],
	[6.7849, 7.4377]
  ]
]

Predicted M:[
  [
	[4.891, 1.4763],
	[11.3485, 7.4785],
	[4.1595, 8.2396],
	[12.1047, 7.237],
	[6.4176, 4.5815],
	[10.0758, 4.931],
	[2.9876, 4.891]
  ]
]

MSE: 0.000002
=========================================================
          Learning params for data #10
=========================================================
Actual Params: [6 0.08184 0.07358 1.035 25 0.3]
Predicted Params: [6 0.08184 0.07358 1.035 25 0.489]
Actual M:[
  [
	[5.5992, 4.2422],
	[4.575, 5.729],
	[6.4894, 7.6926],
	[8.0735, 1.6951],
	[8.0831, 2.3679],
	[7.0028, 5.8626],
	[3.342, 8.3792]
  ]
]

Predicted M:[
  [
	[9.3863, 5.2165],
	[3.7957, 9.6918],
	[10.5951, 7.524],
	[7.4278, 5.6654],
	[5.6876, 4.4899],
	[3.758, 9.178],
	[8.1403, 8.933]
  ]
]

MSE: 0.000055
=========================================================
          Learning params for data #11
=========================================================
Actual Params: [1 0.07628 0.08992 0.4871 25 0.3]
Predicted Params: [1 0.07628 0.08992 0.4871 25 0.5711]
Actual M:[
  [
	[6.5166, 1.453],
	[2.6659, 2.3277],
	[1.2827, 6.8156],
	[6.3911, 7.7458],
	[8.6855, 5.4829],
	[9.7742, 4.509],
	[7.3846, 7.0538]
  ]
]

Predicted M:[
  [
	[3.0444, 4.4944],
	[5.8399, 2.6697],
	[1.1546, 4.3933],
	[13.0391, 3.4368],
	[2.3461, 7.3088],
	[3.4227, 9.4467],
	[1.9927, 4.8961]
  ]
]

MSE: 0.480355
=========================================================
          Learning params for data #12
=========================================================
Actual Params: [4 0.05454 0.08688 0.4274 25 0.5]
Predicted Params: [4 0.05454 0.08688 0.4274 25 0.4138]
Actual M:[
  [
	[6.9256, 6.2519],
	[4.8568, 8.023],
	[5.3213, 6.9102],
	[7.5762, 2.4088],
	[4.092, 9.672],
	[7.0021, 5.4058],
	[8.3294, 2.1773]
  ]
]

Predicted M:[
  [
	[7.0708, 3.6148],
	[5.8206, 17.1447],
	[6.8317, 1.6588],
	[13.2077, 6.5116],
	[4.2775, 5.2808],
	[4.717, 4.6225],
	[4.3566, 6.7213]
  ]
]

MSE: 0.013166
=========================================================
          Learning params for data #13
=========================================================
Actual Params: [7 0.01368 0.0719 0.7034 25 0.3]
Predicted Params: [7 0.01368 0.0719 0.7034 25 0.5046]
Actual M:[
  [
	[5.9324, 4.593],
	[5.5069, 5.248],
	[2.8026, 9.6601],
	[7.682, 9.6611],
	[8.3014, 7.9346],
	[8.8118, 1.6298],
	[7.9517, 8.6606]
  ]
]

Predicted M:[
  [
	[1.1325, 5.2596],
	[9.0936, 6.6129],
	[9.4121, 5.7569],
	[4.2613, 5.1068],
	[7.333, 7.8797],
	[8.0594, 4.7309],
	[10.6086, 8.1705]
  ]
]

MSE: 0.500461
=========================================================
          Learning params for data #14
=========================================================
Actual Params: [12 0.004239 0.02458 1.022 25 0.5]
Predicted Params: [12 0.004239 0.02458 1.022 25 0.503]
Actual M:[
  [
	[7.2799, 7.9774],
	[8.5995, 2.6153],
	[4.1608, 8.4822],
	[9.796, 3.9259],
	[8.9805, 9.3235],
	[1.9249, 9.4395],
	[9.9118, 2.6113]
  ]
]

Predicted M:[
  [
	[5.3557, 6.4164],
	[7.6625, 8.7655],
	[1.032, 6.0892],
	[2.4968, 8.1237],
	[10.6223, 4.8887],
	[2.2964, 3.6559],
	[5.1517, 5.6431]
  ]
]

MSE: 0.628422
=========================================================
          Learning params for data #15
=========================================================
Actual Params: [13 0.00255 0.08772 0.6444 25 0.7]
Predicted Params: [13 0.00255 0.08772 0.6444 25 0.5117]
Actual M:[
  [
	[1.0322, 2.5574],
	[2.2807, 9.3249],
	[5.3592, 5.4146],
	[2.6342, 5.9612],
	[5.8463, 1.0429],
	[7.9157, 3.9181],
	[4.7332, 6.3891]
  ]
]

Predicted M:[
  [
	[3.2341, 6.929],
	[1.3657, 9.028],
	[6.1536, 6.5559],
	[2.3228, 1.0784],
	[6.8296, 4.0163],
	[9.8496, 8.8579],
	[11.522, 4.6516]
  ]
]

MSE: 0.000031
=========================================================
          Learning params for data #16
=========================================================
Actual Params: [11 0.008861 0.04481 0.2788 25 0.3]
Predicted Params: [11 0.008861 0.04481 0.2788 25 0.5034]
Actual M:[
  [
	[7.0717, 3.7803],
	[8.1275, 8.619],
	[2.0548, 9.9624],
	[8.5502, 4.4612],
	[9.4989, 7.8503],
	[9.4134, 8.8092],
	[9.5091, 4.6392]
  ]
]

Predicted M:[
  [
	[9.1583, 2.7696],
	[6.3705, 9.6535],
	[2.2644, 3.3979],
	[3.1928, 6.3689],
	[3.7899, 1.2295],
	[9.4535, 8.3469],
	[5.2916, 6.6592]
  ]
]

MSE: 0.549693
=========================================================
          Learning params for data #17
=========================================================
Actual Params: [12 0.05343 0.08286 0.5858 25 0.5]
Predicted Params: [12 0.05343 0.08286 0.5858 25 0.549]
Actual M:[
  [
	[5.7284, 5.4958],
	[6.5588, 8.5401],
	[6.2345, 8.9038],
	[9.34, 3.2521],
	[2.8307, 9.4678],
	[7.8749, 6.2447],
	[9.3456, 2.3799]
  ]
]

Predicted M:[
  [
	[1.7339, 7.0813],
	[10.254, 8.1552],
	[9.3613, 2.3142],
	[1.7648, 8.2696],
	[8.3725, 4.831],
	[2.9477, 7.2765],
	[3.019, 2.1532]
  ]
]

MSE: 0.016656
=========================================================
          Learning params for data #18
=========================================================
Actual Params: [2 0.04862 0.06087 0.645 25 0.5]
Predicted Params: [2 0.04862 0.06087 0.645 25 0.4919]
Actual M:[
  [
	[3.9215, 8.1814],
	[9.2509, 9.9148],
	[9.4784, 1.9415],
	[9.2887, 4.7221],
	[9.8083, 9.0449],
	[9.9732, 1.5008],
	[4.4744, 9.9755]
  ]
]

Predicted M:[
  [
	[1.7531, 6.0624],
	[6.9456, 10.3532],
	[5.3569, 1.0926],
	[3.8428, 6.32],
	[9.2671, 7.3171],
	[1.6693, 3.406],
	[7.5581, 1.4973]
  ]
]

MSE: 0.000002
=========================================================
          Learning params for data #19
=========================================================
Actual Params: [7 0.02624 0.03777 1.081 25 0.7]
Predicted Params: [7 0.02624 0.03777 1.081 25 0.5609]
Actual M:[
  [
	[3.4858, 2.0341],
	[3.1407, 7.1582],
	[9.9357, 4.6344],
	[6.7253, 7.0769],
	[4.8348, 8.4144],
	[8.2337, 7.8457],
	[9.5714, 8.3616]
  ]
]

Predicted M:[
  [
	[2.9036, 1.503],
	[5.2509, 1.413],
	[5.0556, 4.0705],
	[18.869, 1.1242],
	[3.1703, 17.8386],
	[3.9105, 6.3072],
	[3.9772, 5.239]
  ]
]

MSE: 0.000000
=========================================================
          Learning params for data #20
=========================================================
Actual Params: [1 0.09946 0.003403 0.6461 25 0.7]
Predicted Params: [1 0.09946 0.003403 0.6461 25 0.5065]
Actual M:[
  [
	[7.0462, 6.842],
	[6.5248, 7.1893],
	[9.5644, 3.2777],
	[7.0687, 8.4085],
	[5.2912, 9.2523],
	[8.506, 4.6305],
	[8.9721, 7.0461]
  ]
]

Predicted M:[
  [
	[3.9075, 2.3084],
	[6.8485, 6.2199],
	[6.7494, 6.6607],
	[2.4721, 2.023],
	[6.2219, 2.8671],
	[7.0253, 6.517],
	[10.8699, 5.1388]
  ]
]

MSE: 0.170325
=========================================================
          Learning params for data #21
=========================================================
Actual Params: [9 0.02837 0.08435 0.1149 25 0.5]
Predicted Params: [9 0.02837 0.08435 0.1149 25 0.4448]
Actual M:[
  [
	[6.333, 5.11],
	[4.4881, 8.415],
	[8.3749, 8.1689],
	[6.7623, 9.1113],
	[7.5753, 9.3771],
	[8.0638, 9.1205],
	[1.5988, 9.8992]
  ]
]

Predicted M:[
  [
	[4.9413, 5.2211],
	[7.247, 1.8355],
	[9.2476, 4.649],
	[6.0208, 3.2162],
	[3.5413, 11.9839],
	[8.7543, 10.005],
	[8.0562, 3.6911]
  ]
]

MSE: 0.000143
=========================================================
          Learning params for data #22
=========================================================
Actual Params: [15 0.04387 0.09871 0.5941 25 0.3]
Predicted Params: [15 0.04387 0.09871 0.5941 25 0.5509]
Actual M:[
  [
	[2.0382, 2.2879],
	[7.0042, 7.6557],
	[1.6246, 8.6008],
	[3.6711, 7.9045],
	[9.449, 5.0401],
	[5.2358, 9.8896],
	[7.339, 9.2323]
  ]
]

Predicted M:[
  [
	[1.1044, 11.2511],
	[4.3108, 5.0402],
	[8.7336, 7.7601],
	[6.8356, 8.7206],
	[7.1743, 2.3024],
	[4.7726, 1.3523],
	[10.998, 3.7446]
  ]
]

MSE: 0.709938
=========================================================
          Learning params for data #23
=========================================================
Actual Params: [4 0.08297 0.06713 0.7185 25 0.5]
Predicted Params: [4 0.08297 0.06713 0.7185 25 0.4211]
Actual M:[
  [
	[2.2653, 2.6705],
	[8.7107, 6.6285],
	[4.9257, 8.6575],
	[8.5861, 9.3447],
	[2.4337, 9.9689],
	[4.8158, 9.5914],
	[9.4841, 5.1758]
  ]
]

Predicted M:[
  [
	[8.1673, 2.0622],
	[1.5431, 11.2801],
	[4.1779, 2.0333],
	[28.2255, 7.8061],
	[3.345, 5.6975],
	[15.1318, 2.4364],
	[7.9026, 3.3933]
  ]
]

MSE: 0.000499
=========================================================
          Learning params for data #24
=========================================================
Actual Params: [11 0.03517 0.09679 0.6389 25 0.5]
Predicted Params: [11 0.03517 0.09679 0.6389 25 0.5277]
Actual M:[
  [
	[7.0746, 8.6313],
	[7.2616, 4.3578],
	[8.2877, 3.3281],
	[7.6877, 9.794],
	[7.9775, 8.0602],
	[9.8702, 7.6717],
	[4.0762, 9.8127]
  ]
]

Predicted M:[
  [
	[1.6456, 6.4926],
	[2.7962, 4.6979],
	[1.7609, 2.5218],
	[3.1085, 7.9693],
	[8.0656, 1.6107],
	[5.5059, 5.3627],
	[4.9826, 1.6219]
  ]
]

MSE: 0.000078
=========================================================
          Learning params for data #25
=========================================================
Actual Params: [5 0.03102 0.08559 1.079 25 0.5]
Predicted Params: [5 0.03102 0.08559 1.079 25 0.4945]
Actual M:[
  [
	[9.6875, 1.5492],
	[6.286, 7.3303],
	[8.5247, 7.4915],
	[8.6548, 5.1896],
	[4.7846, 8.8195],
	[9.529, 5.6695],
	[9.6702, 5.2458]
  ]
]

Predicted M:[
  [
	[3.0356, 2.2343],
	[2.6936, 4.3708],
	[8.8346, 4.3273],
	[2.5233, 6.2679],
	[4.201, 4.4777],
	[14.0018, 2.3186],
	[14.794, 4.5362]
  ]
]

MSE: 0.019221
=========================================================
          Learning params for data #26
=========================================================
Actual Params: [1 0.06905 0.02057 0.4837 25 0.3]
Predicted Params: [1 0.06905 0.02057 0.4837 25 0.4955]
Actual M:[
  [
	[4.3237, 1.042],
	[1.0827, 8.6667],
	[9.3133, 8.059],
	[9.1198, 8.4578],
	[6.4535, 9.4009],
	[1.5837, 9.7066],
	[6.7576, 9.1358]
  ]
]

Predicted M:[
  [
	[1.7152, 10.0417],
	[1.4787, 9.3055],
	[6.549, 6.7508],
	[7.2127, 6.7443],
	[9.617, 8.9027],
	[7.189, 2.9259],
	[2.1394, 8.2103]
  ]
]

MSE: 0.291608
=========================================================
          Learning params for data #27
=========================================================
Actual Params: [5 0.0841 0.05255 0.3936 25 0.3]
Predicted Params: [5 0.0841 0.05255 0.3936 25 0.5433]
Actual M:[
  [
	[5.6349, 5.3186],
	[6.5719, 7.2315],
	[9.2024, 5.2796],
	[5.602, 9.5491],
	[7.7401, 6.641],
	[8.1579, 7.5],
	[9.1646, 8.0273]
  ]
]

Predicted M:[
  [
	[1.4276, 5.5341],
	[5.2908, 1.836],
	[2.2321, 4.236],
	[4.9698, 3.4392],
	[3.7878, 3.4673],
	[9.4137, 8.556],
	[3.1465, 6.6829]
  ]
]

MSE: 0.000073
=========================================================
          Learning params for data #28
=========================================================
Actual Params: [5 0.01053 0.007944 1.062 25 0.3]
Predicted Params: [5 0.01053 0.007944 1.062 25 0.4618]
Actual M:[
  [
	[3.7348, 4.4082],
	[2.9093, 6.0612],
	[3.4243, 7.5765],
	[9.1339, 7.9954],
	[9.7655, 5.2268],
	[9.8546, 4.3437],
	[5.79, 9.832]
  ]
]

Predicted M:[
  [
	[4.66, 4.5993],
	[3.52, 1.4783],
	[7.258, 4.6328],
	[3.5449, 8.3241],
	[6.3216, 1.1659],
	[1.1367, 3.1565],
	[5.1501, 5.3139]
  ]
]

MSE: 0.000187
=========================================================
          Learning params for data #29
=========================================================
Actual Params: [3 0.05244 0.01157 0.416 25 0.7]
Predicted Params: [3 0.05244 0.01157 0.416 25 0.5242]
Actual M:[
  [
	[2.931, 2.2043],
	[9.221, 4.3476],
	[4.0353, 9.6447],
	[6.2871, 8.5699],
	[9.3267, 9.512],
	[9.9802, 8.1416],
	[6.8074, 9.8763]
  ]
]

Predicted M:[
  [
	[6.1721, 3.6283],
	[2.3603, 5.8009],
	[4.0091, 3.4144],
	[6.8179, 3.5091],
	[5.5141, 5.2078],
	[27.5893, 2.8364],
	[6.5681, 7.9345]
  ]
]

MSE: 0.000000
=========================================================
          Learning params for data #30
=========================================================
Actual Params: [10 0.08897 0.03681 0.9916 25 0.3]
Predicted Params: [10 0.08897 0.03681 0.9916 25 0.4629]
Actual M:[
  [
	[1.599, 4.6744],
	[7.4494, 4.8875],
	[7.0846, 7.47],
	[9.6903, 2.1303],
	[8.7008, 2.8225],
	[5.4288, 9.0374],
	[6.6794, 9.0949]
  ]
]

Predicted M:[
  [
	[6.1028, 1.9885],
	[2.6031, 11.9085],
	[7.0468, 11.854],
	[4.1235, 7.9336],
	[2.6511, 3.2466],
	[5.8503, 4.1596],
	[8.886, 1.323]
  ]
]

MSE: 0.000022
=========================================================
          Learning params for data #31
=========================================================
Actual Params: [15 0.07069 0.04788 0.3225 25 0.3]
Predicted Params: [15 0.07069 0.04788 0.3225 25 0.5109]
Actual M:[
  [
	[3.963, 6.7967],
	[6.4799, 7.4346],
	[6.1167, 7.8548],
	[8.0993, 7.2252],
	[5.3508, 8.7192],
	[9.3499, 7.9704],
	[6.36, 9.3201]
  ]
]

Predicted M:[
  [
	[2.0962, 5.8056],
	[4.4889, 3.3265],
	[2.0061, 4.1869],
	[7.6567, 8.4486],
	[6.9934, 9.1839],
	[9.7815, 6.9293],
	[7.6008, 2.7558]
  ]
]

MSE: 0.216639
=========================================================
          Learning params for data #32
=========================================================
Actual Params: [12 0.01865 0.06053 0.688 25 0.3]
Predicted Params: [12 0.01865 0.06053 0.688 25 0.4992]
Actual M:[
  [
	[5.6297, 9.5051],
	[6.3316, 4.4831],
	[9.3402, 2.5908],
	[9.7498, 2.2622],
	[6.633, 7.9799],
	[7.128, 9.8688],
	[7.206, 9.8714]
  ]
]

Predicted M:[
  [
	[3.2705, 7.0425],
	[1.032, 3.814],
	[5.1554, 5.1642],
	[3.6573, 2.9183],
	[1.1758, 5.3921],
	[1.4459, 1.2671],
	[1.5943, 4.9463]
  ]
]

MSE: 1.664446
=========================================================
          Learning params for data #33
=========================================================
Actual Params: [7 0.03684 0.0323 0.535 25 0.7]
Predicted Params: [7 0.03684 0.0323 0.535 25 0.8893]
Actual M:[
  [
	[6.7512, 8.0472],
	[2.157, 8.6588],
	[8.0899, 1.0556],
	[7.7977, 2.972],
	[7.6615, 4.3469],
	[7.7651, 8.9247],
	[8.6153, 9.306]
  ]
]

Predicted M:[
  [
	[2.4008, 23.2052],
	[2.7516, 11.4896],
	[5.0958, 3.6734],
	[1.1021, 4.5048],
	[3.2995, 2.4353],
	[36.8914, 1.7463],
	[14.2699, 4.1913]
  ]
]

MSE: 0.000568
=========================================================
          Learning params for data #34
=========================================================
Actual Params: [6 0.06748 0.004324 0.1934 25 0.5]
Predicted Params: [6 0.06748 0.004324 0.1934 25 0.5024]
Actual M:[
  [
	[7.0796, 1.4711],
	[2.7602, 6.2439],
	[9.0221, 1.3085],
	[6.1923, 4.0947],
	[5.2135, 7.7163],
	[3.6111, 8.5439],
	[9.3032, 4.3493]
  ]
]

Predicted M:[
  [
	[8.556, 8.8311],
	[3.8582, 6.0507],
	[3.5267, 6.89],
	[5.4707, 2.4036],
	[6.2534, 5.2921],
	[5.1502, 5.8572],
	[5.2381, 7.8483]
  ]
]

MSE: 0.030823
=========================================================
          Learning params for data #35
=========================================================
Actual Params: [13 0.02755 0.004393 0.5296 25 0.7]
Predicted Params: [13 0.02755 0.004393 0.5296 25 0.509]
Actual M:[
  [
	[4.1101, 9.6223],
	[7.4163, 4.7479],
	[4.3945, 8.8999],
	[9.3268, 2.996],
	[2.3811, 9.9198],
	[5.2245, 6.1824],
	[9.9379, 5.9443]
  ]
]

Predicted M:[
  [
	[1.3882, 3.0123],
	[7.8307, 8.2668],
	[7.9942, 2.5427],
	[6.6001, 3.6889],
	[3.9713, 5.7586],
	[4.7782, 6.8094],
	[1.0936, 1.8019]
  ]
]

MSE: 0.721769
=========================================================
          Learning params for data #36
=========================================================
Actual Params: [6 0.002279 0.03111 0.3082 25 0.3]
Predicted Params: [6 0.002279 0.03111 0.3082 25 0.5037]
Actual M:[
  [
	[4.9922, 5.5575],
	[8.5112, 4.0616],
	[7.0825, 7.0551],
	[5.4498, 8.9657],
	[9.368, 9.651],
	[9.9452, 6.5822],
	[9.6843, 7.8177]
  ]
]

Predicted M:[
  [
	[6.9641, 2.8227],
	[10.2324, 4.1851],
	[5.7214, 1.3118],
	[3.9062, 1.3422],
	[8.363, 2.9748],
	[7.181, 9.5963],
	[4.1922, 4.1784]
  ]
]

MSE: 0.581335
=========================================================
          Learning params for data #37
=========================================================
Actual Params: [6 0.02996 0.07879 0.793 25 0.5]
Predicted Params: [6 0.02996 0.07879 0.793 25 0.4699]
Actual M:[
  [
	[7.3226, 1.0139],
	[1.95, 4.5793],
	[4.4252, 5.4329],
	[8.9543, 5.2756],
	[8.173, 6.9924],
	[6.1537, 9.4253],
	[9.8322, 8.3312]
  ]
]

Predicted M:[
  [
	[6.2738, 7.5278],
	[3.7663, 6.8217],
	[3.5008, 2.6932],
	[4.36, 8.3395],
	[7.0973, 9.4591],
	[5.3466, 8.1263],
	[9.1866, 10.723]
  ]
]

MSE: 0.000000
=========================================================
          Learning params for data #38
=========================================================
Actual Params: [4 0.02679 0.01392 0.2494 25 0.3]
Predicted Params: [4 0.02679 0.01392 0.2494 25 0.4815]
Actual M:[
  [
	[6.7732, 3.9477],
	[8.5108, 4.847],
	[9.7601, 2.9693],
	[4.7732, 5.7101],
	[9.6633, 4.7853],
	[7.0004, 6.2155],
	[6.0976, 6.9743]
  ]
]

Predicted M:[
  [
	[4.0514, 5.9778],
	[9.0303, 7.0441],
	[1.4408, 7.966],
	[6.7761, 1.6896],
	[1.1756, 7.0319],
	[6.1751, 6.6115],
	[3.4183, 11.4271]
  ]
]

MSE: 0.630522
=========================================================
          Learning params for data #39
=========================================================
Actual Params: [3 0.01185 0.0731 0.6606 25 0.7]
Predicted Params: [3 0.01185 0.0731 0.6606 25 0.5021]
Actual M:[
  [
	[1.3511, 3.9689],
	[6.5259, 1.8517],
	[6.5167, 6.9786],
	[3.6522, 8.5585],
	[7.7315, 3.4272],
	[7.4941, 9.9116],
	[9.9499, 4.8838]
  ]
]

Predicted M:[
  [
	[5.6169, 4.8145],
	[1.4669, 6.8533],
	[7.0741, 1.9268],
	[2.411, 2.244],
	[3.0776, 7.6773],
	[7.1552, 8.4857],
	[8.036, 7.7543]
  ]
]

MSE: 0.000006
=========================================================
          Learning params for data #40
=========================================================
Actual Params: [10 0.05603 0.09408 1.082 25 0.5]
Predicted Params: [10 0.05603 0.09408 1.082 25 0.5014]
Actual M:[
  [
	[3.0637, 6.829],
	[5.1599, 3.6196],
	[4.4404, 8.5721],
	[9.618, 3.3392],
	[9.9709, 3.9497],
	[6.9084, 8.7692],
	[9.2251, 5.1281]
  ]
]

Predicted M:[
  [
	[2.7683, 2.8279],
	[1.1279, 4.6554],
	[4.407, 8.7921],
	[7.3366, 5.8271],
	[2.8294, 7.1263],
	[9.9128, 9.7863],
	[3.0158, 7.3004]
  ]
]

MSE: 0.000118
=========================================================
          Learning params for data #41
=========================================================
Actual Params: [8 0.03832 0.08093 0.7068 25 0.5]
Predicted Params: [8 0.03832 0.08093 0.7068 25 0.5191]
Actual M:[
  [
	[6.6458, 3.5415],
	[8.6132, 2.4813],
	[7.1783, 9.044],
	[9.6967, 1.9649],
	[9.9606, 8.3526],
	[8.2237, 9.2555],
	[4.765, 9.8345]
  ]
]

Predicted M:[
  [
	[2.9364, 5.6939],
	[5.7978, 4.7333],
	[7.7923, 11.5034],
	[2.2297, 7.7278],
	[7.6961, 5.3399],
	[6.0695, 10.9588],
	[9.1708, 7.3635]
  ]
]

MSE: 0.000005
=========================================================
          Learning params for data #42
=========================================================
Actual Params: [7 0.06589 0.04427 0.5506 25 0.5]
Predicted Params: [7 0.06589 0.04427 0.5506 25 0.4122]
Actual M:[
  [
	[5.0873, 3.944],
	[9.5747, 3.9229],
	[5.9729, 4.1682],
	[4.8313, 4.6529],
	[8.2596, 4.8914],
	[4.1086, 6.1343],
	[4.8294, 9.2119]
  ]
]

Predicted M:[
  [
	[7.3203, 4.9203],
	[8.9487, 8.7343],
	[11.6342, 5.4654],
	[5.4869, 4.465],
	[8.6237, 5.8125],
	[4.2428, 2.5481],
	[1.4737, 21.6553]
  ]
]

MSE: 0.000326
=========================================================
          Learning params for data #43
=========================================================
Actual Params: [1 0.05214 0.03251 0.8618 25 0.7]
Predicted Params: [1 0.05214 0.03251 0.8618 25 0.5011]
Actual M:[
  [
	[8.5132, 5.5455],
	[9.9272, 7.5108],
	[8.2112, 7.9004],
	[4.2212, 9.4164],
	[8.0858, 9.2664],
	[8.2824, 7.5253],
	[8.2659, 8.0331]
  ]
]

Predicted M:[
  [
	[9.45, 4.0645],
	[11.5773, 5.1791],
	[5.2349, 3.1407],
	[4.6123, 5.4899],
	[3.7825, 7.6392],
	[4.8918, 6.3358],
	[4.0996, 7.7409]
  ]
]

MSE: 0.001026
=========================================================
          Learning params for data #44
=========================================================
Actual Params: [7 0.0545 0.04747 0.7628 25 0.7]
Predicted Params: [7 0.0545 0.04747 0.7628 25 0.5067]
Actual M:[
  [
	[4.2357, 3.881],
	[8.6526, 8.0661],
	[9.8153, 2.4401],
	[7.7244, 8.7623],
	[9.9062, 1.5368],
	[5.9399, 9.988],
	[9.7973, 5.3713]
  ]
]

Predicted M:[
  [
	[3.456, 3.432],
	[8.3982, 4.0843],
	[2.1505, 7.3132],
	[6.4814, 3.7412],
	[5.1563, 5.505],
	[2.7442, 2.2223],
	[9.2231, 3.2193]
  ]
]

MSE: 0.024113
=========================================================
          Learning params for data #45
=========================================================
Actual Params: [5 0.01565 0.01329 0.7568 25 0.3]
Predicted Params: [5 0.01565 0.01329 0.7568 25 0.4934]
Actual M:[
  [
	[3.0078, 8.0237],
	[8.0096, 6.5501],
	[2.3239, 9.2989],
	[5.8951, 9.993],
	[9.7972, 2.573],
	[9.593, 9.8733],
	[9.9381, 9.0775]
  ]
]

Predicted M:[
  [
	[9.7657, 1.0268],
	[7.7826, 5.4259],
	[4.0518, 9.5397],
	[2.3141, 3.8496],
	[2.2649, 2.5208],
	[7.6077, 8.6195],
	[1.741, 5.8989]
  ]
]

MSE: 0.000034
=========================================================
          Learning params for data #46
=========================================================
Actual Params: [3 0.04861 0.04716 0.7785 25 0.7]
Predicted Params: [3 0.04861 0.04716 0.7785 25 0.4887]
Actual M:[
  [
	[6.4547, 9.6189],
	[9.7511, 2.7111],
	[7.3027, 7.0788],
	[7.4966, 5.6011],
	[8.7029, 6.3759],
	[3.6162, 9.7549],
	[9.8502, 6.2803]
  ]
]

Predicted M:[
  [
	[2.5364, 13.3331],
	[4.2317, 4.4538],
	[6.1752, 9.1595],
	[5.2284, 9.5727],
	[7.5502, 10.375],
	[6.1747, 6.5008],
	[5.1512, 6.2279]
  ]
]

MSE: 0.000118
=========================================================
          Learning params for data #47
=========================================================
Actual Params: [8 0.09759 0.03668 1.041 25 0.3]
Predicted Params: [8 0.09759 0.03668 1.041 25 0.5088]
Actual M:[
  [
	[5.9665, 5.4644],
	[1.5118, 9.7402],
	[8.5595, 8.9876],
	[9.2773, 2.7938],
	[7.5569, 9.9144],
	[9.7015, 1.2321],
	[9.9837, 3.5234]
  ]
]

Predicted M:[
  [
	[4.3075, 7.0795],
	[11.5022, 1.983],
	[8.6324, 7.1271],
	[10.1401, 4.7822],
	[9.39, 10.0928],
	[1.9257, 1.5367],
	[3.7323, 6.5484]
  ]
]

MSE: 0.000019
=========================================================
          Learning params for data #48
=========================================================
Actual Params: [9 0.004546 0.03597 0.9204 25 0.3]
Predicted Params: [9 0.004546 0.03597 0.9204 25 0.4825]
Actual M:[
  [
	[4.9228, 3.5704],
	[3.7284, 3.6777],
	[2.9319, 9.2539],
	[5.1351, 6.5313],
	[6.2933, 3.979],
	[9.3033, 5.8492],
	[9.6153, 6.6198]
  ]
]

Predicted M:[
  [
	[4.2666, 1.2021],
	[12.3082, 5.9536],
	[27.5395, 1.5069],
	[1.4002, 7.3604],
	[5.4349, 7.0908],
	[5.5036, 2.1578],
	[21.7923, 7.1622]
  ]
]

MSE: 0.000147
=========================================================
          Learning params for data #49
=========================================================
Actual Params: [2 0.08807 0.05316 0.143 25 0.7]
Predicted Params: [2 0.08807 0.05316 0.143 25 0.4954]
Actual M:[
  [
	[4.7146, 8.5282],
	[6.4567, 6.0551],
	[9.6923, 6.3128],
	[5.9803, 7.7245],
	[6.4427, 9.2242],
	[8.6852, 9.0797],
	[9.6475, 6.5634]
  ]
]

Predicted M:[
  [
	[2.6586, 5.9622],
	[8.4416, 7.2932],
	[3.9522, 4.6259],
	[2.9837, 4.0351],
	[1.2201, 6.3359],
	[1.9692, 9.6167],
	[6.6698, 4.4348]
  ]
]

MSE: 0.008953
=========================================================
          Learning params for data #50
=========================================================
Actual Params: [12 0.06093 0.0628 0.9274 25 0.7]
Predicted Params: [12 0.06093 0.0628 0.9274 25 0.4357]
Actual M:[
  [
	[1.0768, 5.4485],
	[8.2173, 9.2947],
	[9.6219, 5.4722],
	[1.4725, 9.4927],
	[6.0458, 9.8974],
	[9.8867, 4.091],
	[1.8991, 9.9289]
  ]
]

Predicted M:[
  [
	[5.8421, 4.6865],
	[8.2392, 5.2671],
	[12.3002, 8.3546],
	[3.3972, 6.2033],
	[4.2976, 5.4876],
	[1.0013, 14.4935],
	[2.2487, 7.9182]
  ]
]

MSE: 0.019287


MSE list: [0.01017 0.00013 0.6665 0.05748 6.667e-09 0.02348 0.6667 0.003298 2.167e-06 5.492e-05 0.4804 0.01317 0.5005 0.6284 3.133e-05 0.5497 0.01666 2.16e-06 2.667e-08 0.1703 0.0001435 0.7099 0.0004994 7.809e-05 0.01922 0.2916 7.301e-05 0.0001873 6.667e-09 2.243e-05 0.2166 1.664 0.000568 0.03082 0.7218 0.5813 0 0.6305 5.933e-06 0.0001182 5.233e-06 0.0003256 0.001026 0.02411 3.372e-05 0.0001185 1.944e-05 0.0001465 0.008953 0.01929]
MSE mean: 0.174179
MSE std: 0.327286
Time elapsed: 4182.570303
