set_nopts7_ncomb1_nproblem50_no7
Ns: 5000
=========================================================
          Learning params for data #1
=========================================================
Actual Params: [1 0.005135 0.05128 0.9118 25 0.7]
Predicted Params: [1 0.005135 0.05128 0.9118 25 0.4978]
Actual M:[
  [
	[5.5896, 6.9578],
	[6.0497, 3.7934],
	[7.1662, 3.3493],
	[9.4172, 4.325],
	[8.828, 6.9732],
	[9.6637, 7.3429],
	[4.4182, 7.4418]
  ]
]

Predicted M:[
  [
	[6.0992, 1.5175],
	[7.4398, 3.4544],
	[6.8257, 8.7195],
	[10.185, 5.0423],
	[4.9786, 8.2197],
	[4.0989, 4.3436],
	[2.2096, 4.6573]
  ]
]

MSE: 1.248890
=========================================================
          Learning params for data #2
=========================================================
Actual Params: [1 0.03436 0.03951 0.4355 25 0.7]
Predicted Params: [1 0.03436 0.03951 0.4355 25 0.499]
Actual M:[
  [
	[5.5426, 2.6108],
	[3.1776, 6.8513],
	[8.3106, 8.0483],
	[4.3908, 9.0841],
	[4.9314, 9.6346],
	[9.3328, 9.9239],
	[9.7545, 5.7829]
  ]
]

Predicted M:[
  [
	[7.1489, 5.5188],
	[2.6638, 7.5363],
	[7.8383, 1.5924],
	[2.556, 7.5552],
	[6.3609, 1.1385],
	[7.2979, 6.009],
	[5.9288, 2.2823]
  ]
]

MSE: 0.001499
=========================================================
          Learning params for data #3
=========================================================
Actual Params: [3 0.01945 0.04045 0.734 25 0.5]
Predicted Params: [3 0.01945 0.04045 0.734 25 0.4976]
Actual M:[
  [
	[9.1731, 2.6836],
	[7.4864, 4.6372],
	[8.8483, 4.8532],
	[1.495, 7.2012],
	[9.2877, 3.8885],
	[3.7424, 7.3261],
	[1.6776, 9.9649]
  ]
]

Predicted M:[
  [
	[6.4787, 9.3734],
	[3.6209, 8.5492],
	[8.3277, 9.4559],
	[8.7368, 8.6594],
	[2.873, 8.2155],
	[6.1416, 4.1344],
	[9.7265, 7.4265]
  ]
]

MSE: 0.020276
=========================================================
          Learning params for data #4
=========================================================
Actual Params: [15 0.02566 0.05086 0.4763 25 0.3]
Predicted Params: [15 0.02566 0.05086 0.4763 25 0.4922]
Actual M:[
  [
	[3.6233, 7.7012],
	[4.7142, 8.5814],
	[7.3549, 5.7318],
	[6.2823, 8.6027],
	[7.9622, 8.1762],
	[5.6109, 9.7872],
	[9.9539, 5.9244]
  ]
]

Predicted M:[
  [
	[1.655, 7.2652],
	[2.9893, 8.1839],
	[5.0062, 6.5711],
	[7.1321, 3.9596],
	[3.555, 3.8542],
	[4.3911, 5.9886],
	[4.527, 3.398]
  ]
]

MSE: 1.002702
=========================================================
          Learning params for data #5
=========================================================
Actual Params: [6 0.0081 0.058 1.034 25 0.7]
Predicted Params: [6 0.0081 0.058 1.034 25 0.5144]
Actual M:[
  [
	[2.7176, 6.2197],
	[8.4345, 8.3565],
	[9.0333, 6.3594],
	[1.0296, 8.6726],
	[9.9219, 9.0692],
	[9.8653, 9.3413],
	[2.6199, 9.6567]
  ]
]

Predicted M:[
  [
	[6.3622, 6.2483],
	[9.4288, 4.9379],
	[3.3626, 1.6657],
	[6.4431, 4.4281],
	[11.5959, 3.5256],
	[7.3675, 8.3242],
	[4.8461, 8.9007]
  ]
]

MSE: 0.001040
=========================================================
          Learning params for data #6
=========================================================
Actual Params: [15 0.03366 0.0692 0.8877 25 0.7]
Predicted Params: [15 0.03366 0.0692 0.8877 25 0.4708]
Actual M:[
  [
	[8.8956, 2.3916],
	[7.7859, 7.9184],
	[3.6281, 9.9325],
	[6.0811, 9.4478],
	[9.6422, 3.0118],
	[9.9074, 3.2028],
	[9.1852, 9.4823]
  ]
]

Predicted M:[
  [
	[3.6898, 4.0158],
	[3.2151, 6.5412],
	[3.56, 5.4905],
	[5.8242, 4.1741],
	[1.1883, 8.3291],
	[1.6672, 8.1808],
	[2.4404, 14.2986]
  ]
]

MSE: 0.000231
=========================================================
          Learning params for data #7
=========================================================
Actual Params: [7 0.09314 0.03406 0.8788 25 0.7]
Predicted Params: [7 0.09314 0.03406 0.8788 25 0.5164]
Actual M:[
  [
	[2.7235, 6.242],
	[9.4031, 2.8129],
	[3.9699, 2.8967],
	[5.725, 8.7688],
	[4.4253, 9.4753],
	[7.7331, 3.4889],
	[7.314, 7.365]
  ]
]

Predicted M:[
  [
	[2.3059, 10.544],
	[9.2783, 7.1283],
	[6.5237, 9.3656],
	[8.4455, 2.1488],
	[9.0983, 4.8647],
	[4.2513, 8.1583],
	[6.4504, 10.1671]
  ]
]

MSE: 0.000794
=========================================================
          Learning params for data #8
=========================================================
Actual Params: [4 0.03887 0.004182 0.4594 25 0.7]
Predicted Params: [4 0.03887 0.004182 0.4594 25 0.5]
Actual M:[
  [
	[5.2464, 2.6801],
	[2.2758, 8.1025],
	[7.8251, 3.2101],
	[4.2526, 9.2245],
	[8.0256, 5.8659],
	[4.9685, 8.325],
	[9.6748, 8.6455]
  ]
]

Predicted M:[
  [
	[4.8476, 7.0851],
	[1.2161, 8.2268],
	[3.9798, 8.1132],
	[7.8328, 4.5174],
	[6.7656, 3.9556],
	[3.2104, 5.7413],
	[8.9751, 8.3558]
  ]
]

MSE: 0.000000
=========================================================
          Learning params for data #9
=========================================================
Actual Params: [4 0.08235 0.01142 0.4857 25 0.7]
Predicted Params: [4 0.08235 0.01142 0.4857 25 0.4735]
Actual M:[
  [
	[1.5272, 7.4424],
	[2.0554, 8.5685],
	[7.1442, 9.6113],
	[9.9286, 7.4191],
	[9.961, 8.8367],
	[9.4217, 9.6788],
	[3.9268, 9.8223]
  ]
]

Predicted M:[
  [
	[7.2093, 5.4297],
	[4.1223, 1.144],
	[3.6671, 4.9759],
	[4.6869, 3.9207],
	[3.8225, 10.4803],
	[6.5248, 4.7165],
	[9.1562, 3.8912]
  ]
]

MSE: 0.205888
=========================================================
          Learning params for data #10
=========================================================
Actual Params: [13 0.06488 0.05954 0.7671 25 0.7]
Predicted Params: [13 0.06488 0.05954 0.7671 25 0.5016]
Actual M:[
  [
	[8.4119, 1.0925],
	[6.7942, 9.9425],
	[9.1691, 4.0052],
	[7.111, 5.4719],
	[9.012, 7.1317],
	[7.0822, 8.4682],
	[9.391, 1.2535]
  ]
]

Predicted M:[
  [
	[5.5119, 7.8869],
	[9.9915, 7.4158],
	[5.5885, 9.5781],
	[3.2608, 2.7273],
	[8.7893, 9.6841],
	[3.5719, 8.0652],
	[7.4709, 7.5802]
  ]
]

MSE: 0.000439
=========================================================
          Learning params for data #11
=========================================================
Actual Params: [7 0.00221 0.06608 0.7378 25 0.5]
Predicted Params: [7 0.00221 0.06608 0.7378 25 0.4488]
Actual M:[
  [
	[3.9256, 5.3814],
	[9.2657, 8.335],
	[2.9043, 9.5493],
	[9.3114, 6.9752],
	[9.4562, 7.5316],
	[3.9828, 8.679],
	[4.9968, 8.5943]
  ]
]

Predicted M:[
  [
	[6.903, 4.3367],
	[2.8391, 10.6833],
	[7.8223, 2.1768],
	[6.1296, 5.7538],
	[2.9177, 5.1622],
	[5.2473, 6.7419],
	[5.7372, 1.3777]
  ]
]

MSE: 0.008383
=========================================================
          Learning params for data #12
=========================================================
Actual Params: [5 0.04198 0.0805 0.4932 25 0.3]
Predicted Params: [5 0.04198 0.0805 0.4932 25 0.4988]
Actual M:[
  [
	[9.7107, 9.2087],
	[3.9736, 9.6079],
	[4.9473, 9.2762],
	[6.1789, 9.2135],
	[3.0194, 9.7545],
	[8.241, 9.365],
	[8.2494, 9.375]
  ]
]

Predicted M:[
  [
	[9.3375, 3.3623],
	[2.0702, 7.1935],
	[4.4941, 4.0991],
	[4.2901, 4.8053],
	[3.1277, 4.8976],
	[6.1911, 3.5231],
	[8.5158, 2.5591]
  ]
]

MSE: 0.002745
=========================================================
          Learning params for data #13
=========================================================
Actual Params: [3 0.03123 0.01768 0.5345 25 0.3]
Predicted Params: [3 0.03123 0.01768 0.5345 25 0.5064]
Actual M:[
  [
	[7.6431, 4.4083],
	[6.9069, 9.521],
	[9.1794, 2.9804],
	[9.864, 9.1184],
	[1.9273, 9.8812],
	[9.9287, 6.0829],
	[9.9612, 6.1609]
  ]
]

Predicted M:[
  [
	[6.5113, 8.574],
	[4.5716, 4.8751],
	[6.9942, 3.0399],
	[10.7657, 6.2942],
	[6.9371, 8.4238],
	[7.3303, 3.1675],
	[1.4603, 3.9116]
  ]
]

MSE: 0.001544
=========================================================
          Learning params for data #14
=========================================================
Actual Params: [11 0.08816 0.04912 0.4998 25 0.5]
Predicted Params: [11 0.08816 0.04912 0.4998 25 0.484]
Actual M:[
  [
	[4.0368, 4.119],
	[6.0594, 7.5305],
	[6.3988, 5.6113],
	[9.472, 8.4424],
	[1.4611, 8.9231],
	[7.7604, 9.3013],
	[1.4137, 9.4287]
  ]
]

Predicted M:[
  [
	[5.0895, 5.4346],
	[2.5344, 1.3554],
	[8.3583, 1.4028],
	[2.9893, 11.6164],
	[5.7755, 4.4326],
	[8.168, 2.9081],
	[4.0591, 4.9644]
  ]
]

MSE: 0.000028
=========================================================
          Learning params for data #15
=========================================================
Actual Params: [3 0.07007 0.07162 0.2273 25 0.5]
Predicted Params: [3 0.07007 0.07162 0.2273 25 0.4896]
Actual M:[
  [
	[5.1515, 7.0813],
	[2.5451, 9.8968],
	[5.2323, 2.6888],
	[7.0744, 4.7026],
	[7.4064, 1.6998],
	[7.5923, 3.1674],
	[8.582, 3.8709]
  ]
]

Predicted M:[
  [
	[1.2874, 10.215],
	[9.0029, 4.9373],
	[5.2303, 4.8334],
	[2.5154, 5.5032],
	[7.9638, 1.4758],
	[7.2044, 2.3805],
	[1.0809, 7.8745]
  ]
]

MSE: 0.344864
=========================================================
          Learning params for data #16
=========================================================
Actual Params: [11 0.04002 0.09399 0.7987 25 0.3]
Predicted Params: [11 0.04002 0.09399 0.7987 25 0.4103]
Actual M:[
  [
	[4.7232, 6.1515],
	[8.2465, 4.3347],
	[7.3372, 5.632],
	[7.3563, 9.063],
	[8.4694, 6.6848],
	[9.9439, 1.6393],
	[9.6575, 2.6008]
  ]
]

Predicted M:[
  [
	[2.2564, 7.4502],
	[9.0994, 5.7693],
	[2.1242, 4.5081],
	[1.7117, 31.3453],
	[3.9148, 5.8333],
	[3.2215, 7.6638],
	[2.557, 4.6672]
  ]
]

MSE: 0.000027
=========================================================
          Learning params for data #17
=========================================================
Actual Params: [4 0.08239 0.061 0.4292 25 0.5]
Predicted Params: [4 0.08239 0.061 0.4292 25 0.4855]
Actual M:[
  [
	[9.8129, 6.2069],
	[7.2143, 7.3869],
	[5.5063, 9.9807],
	[6.2668, 8.2696],
	[8.7259, 7.591],
	[6.8919, 7.8273],
	[6.8668, 9.3665]
  ]
]

Predicted M:[
  [
	[4.2586, 11.7189],
	[9.0039, 8.3184],
	[9.3723, 7.9017],
	[6.746, 9.5234],
	[1.8196, 7.0034],
	[5.2468, 4.801],
	[5.9724, 6.2909]
  ]
]

MSE: 0.379595
=========================================================
          Learning params for data #18
=========================================================
Actual Params: [9 0.003797 0.0477 0.5335 25 0.3]
Predicted Params: [9 0.003797 0.0477 0.5335 25 0.5474]
Actual M:[
  [
	[4.563, 3.6525],
	[6.1859, 5.2132],
	[8.1315, 1.6599],
	[8.0909, 6.8679],
	[3.5743, 9.9021],
	[4.5176, 7.9536],
	[4.8736, 9.8022]
  ]
]

Predicted M:[
  [
	[5.3911, 7.5094],
	[6.7527, 6.7872],
	[1.0199, 4.0584],
	[5.0191, 8.7522],
	[9.0049, 5.0843],
	[10.1927, 4.4594],
	[14.231, 1.9034]
  ]
]

MSE: 0.001119
=========================================================
          Learning params for data #19
=========================================================
Actual Params: [9 0.03067 0.04887 0.2688 25 0.7]
Predicted Params: [9 0.03067 0.04887 0.2688 25 0.492]
Actual M:[
  [
	[3.2424, 5.9158],
	[9.8344, 4.2912],
	[4.7784, 6.1384],
	[5.7283, 9.5823],
	[7.9542, 9.7398],
	[8.5411, 9.3472],
	[3.2353, 9.9811]
  ]
]

Predicted M:[
  [
	[4.1905, 5.1109],
	[5.0338, 2.3936],
	[1.2087, 9.3146],
	[8.4139, 7.7814],
	[1.9627, 5.197],
	[5.337, 11.79],
	[6.235, 3.7832]
  ]
]

MSE: 0.365608
=========================================================
          Learning params for data #20
=========================================================
Actual Params: [2 0.02481 0.09297 0.9578 25 0.3]
Predicted Params: [2 0.02481 0.09297 0.9578 25 0.515]
Actual M:[
  [
	[9.1863, 2.5282],
	[3.566, 8.0018],
	[7.4787, 3.1487],
	[4.5636, 8.2267],
	[6.898, 3.4603],
	[9.1785, 4.0419],
	[4.5193, 8.7711]
  ]
]

Predicted M:[
  [
	[7.0614, 4.5233],
	[1.0776, 5.4708],
	[6.751, 5.2667],
	[5.0193, 8.4712],
	[5.1385, 8.2101],
	[3.8357, 2.8927],
	[13.365, 2.3963]
  ]
]

MSE: 0.029926
=========================================================
          Learning params for data #21
=========================================================
Actual Params: [12 0.001133 0.07007 0.3968 25 0.5]
Predicted Params: [12 0.001133 0.07007 0.3968 25 0.4872]
Actual M:[
  [
	[2.787, 1.1761],
	[8.574, 2.3219],
	[1.8444, 5.0735],
	[9.4798, 4.635],
	[5.2575, 5.189],
	[7.9923, 5.7329],
	[5.5705, 8.3455]
  ]
]

Predicted M:[
  [
	[1.1034, 6.1852],
	[7.7597, 2.683],
	[8.7781, 2.5888],
	[8.7779, 4.1203],
	[1.2478, 5.789],
	[2.2975, 7.3694],
	[4.3312, 8.1817]
  ]
]

MSE: 0.000515
=========================================================
          Learning params for data #22
=========================================================
Actual Params: [6 0.05718 0.06327 0.6363 25 0.5]
Predicted Params: [6 0.05718 0.06327 0.6363 25 0.4973]
Actual M:[
  [
	[8.0563, 4.4536],
	[9.1155, 8.5278],
	[6.4749, 9.5337],
	[9.6704, 1.5096],
	[9.2074, 7.456],
	[9.8545, 2.7679],
	[7.2504, 9.9118]
  ]
]

Predicted M:[
  [
	[4.4596, 3.3195],
	[4.5626, 9.4308],
	[6.9339, 6.1187],
	[5.2696, 3.8478],
	[8.8665, 2.9127],
	[1.7339, 8.6171],
	[4.4354, 1.5966]
  ]
]

MSE: 0.148188
=========================================================
          Learning params for data #23
=========================================================
Actual Params: [11 0.09212 0.02368 0.6496 25 0.3]
Predicted Params: [11 0.09212 0.02368 0.6496 25 0.4927]
Actual M:[
  [
	[4.335, 5.3371],
	[3.8883, 7.2831],
	[8.7443, 6.8673],
	[5.5298, 9.9805],
	[9.9034, 4.0818],
	[7.806, 9.7273],
	[9.9009, 5.4594]
  ]
]

Predicted M:[
  [
	[3.674, 1.6142],
	[6.988, 5.1383],
	[3.8625, 4.4629],
	[5.0001, 6.5384],
	[6.4009, 5.7492],
	[4.9677, 5.4212],
	[9.7704, 1.1157]
  ]
]

MSE: 1.147417
=========================================================
          Learning params for data #24
=========================================================
Actual Params: [5 0.01008 0.02937 0.5618 25 0.7]
Predicted Params: [5 0.01008 0.02937 0.5618 25 0.4965]
Actual M:[
  [
	[6.7432, 5.0694],
	[9.9279, 6.6272],
	[7.8666, 8.1863],
	[6.471, 9.4775],
	[9.6362, 9.5509],
	[9.9843, 9.619],
	[7.5315, 9.8651]
  ]
]

Predicted M:[
  [
	[1.9131, 6.1315],
	[6.6889, 1.5425],
	[1.603, 10.1476],
	[6.5884, 7.5892],
	[5.7827, 2.3185],
	[7.2542, 8.0771],
	[7.5916, 4.5159]
  ]
]

MSE: 0.006707
=========================================================
          Learning params for data #25
=========================================================
Actual Params: [3 0.08282 0.06116 0.9336 25 0.7]
Predicted Params: [3 0.08282 0.06116 0.9336 25 0.499]
Actual M:[
  [
	[9.095, 6.3003],
	[1.9929, 7.7266],
	[9.2064, 7.639],
	[9.7897, 7.103],
	[9.714, 8.1069],
	[4.1123, 9.3231],
	[9.9025, 7.9917]
  ]
]

Predicted M:[
  [
	[1.7744, 4.0215],
	[4.6569, 6.0675],
	[6.5133, 4.9778],
	[10.2235, 1.3368],
	[1.9405, 1.3729],
	[6.195, 1.9447],
	[9.135, 3.3778]
  ]
]

MSE: 0.137327
=========================================================
          Learning params for data #26
=========================================================
Actual Params: [10 0.09937 0.06505 0.1535 25 0.3]
Predicted Params: [10 0.09937 0.06505 0.1535 25 0.5254]
Actual M:[
  [
	[7.998, 6.0585],
	[6.6111, 7.6908],
	[6.7805, 7.4333],
	[3.6741, 8.4377],
	[7.9774, 6.317],
	[8.315, 9.6288],
	[9.4254, 3.8875]
  ]
]

Predicted M:[
  [
	[5.4474, 9.4294],
	[5.4927, 9.4174],
	[6.0526, 2.8797],
	[13.9517, 4.411],
	[7.6551, 3.0377],
	[14.7526, 6.8671],
	[5.6944, 6.7047]
  ]
]

MSE: 0.000000
=========================================================
          Learning params for data #27
=========================================================
Actual Params: [8 0.0246 0.04313 0.4163 25 0.5]
Predicted Params: [8 0.0246 0.04313 0.4163 25 0.4984]
Actual M:[
  [
	[8.364, 3.7533],
	[5.2429, 4.8323],
	[7.3968, 6.5925],
	[4.7073, 6.6979],
	[1.9276, 7.0088],
	[3.3931, 8.1242],
	[4.3856, 9.8432]
  ]
]

Predicted M:[
  [
	[7.9247, 10.3975],
	[7.8607, 3.4011],
	[4.2262, 6.999],
	[7.881, 1.3262],
	[4.0712, 5.2368],
	[2.8305, 1.6262],
	[8.9387, 9.7138]
  ]
]

MSE: 0.261247
=========================================================
          Learning params for data #28
=========================================================
Actual Params: [14 0.05236 0.03159 0.2852 25 0.7]
Predicted Params: [14 0.05236 0.03159 0.2852 25 0.4966]
Actual M:[
  [
	[7.7643, 4.1262],
	[1.5616, 6.2903],
	[1.774, 8.9766],
	[2.2941, 6.0487],
	[3.6511, 9.7368],
	[6.2621, 7.3255],
	[7.6853, 5.9203]
  ]
]

Predicted M:[
  [
	[7.7698, 6.2145],
	[9.9783, 2.2703],
	[9.078, 4.8113],
	[8.0209, 5.9297],
	[4.9226, 2.4998],
	[3.9187, 8.3409],
	[5.9928, 10.1135]
  ]
]

MSE: 0.008163
=========================================================
          Learning params for data #29
=========================================================
Actual Params: [12 0.05033 0.09234 0.9374 25 0.3]
Predicted Params: [12 0.05033 0.09234 0.9374 25 0.5092]
Actual M:[
  [
	[8.9303, 1.4739],
	[4.9219, 3.972],
	[6.7142, 1.6692],
	[9.1682, 8.9005],
	[9.6521, 3.6874],
	[4.9863, 9.0712],
	[2.1937, 9.2794]
  ]
]

Predicted M:[
  [
	[5.736, 7.0244],
	[2.8653, 2.9651],
	[1.9211, 6.1462],
	[10.979, 5.4516],
	[6.274, 4.848],
	[4.6993, 7.9582],
	[7.1794, 3.9735]
  ]
]

MSE: 0.000085
=========================================================
          Learning params for data #30
=========================================================
Actual Params: [6 0.05887 0.04995 1.057 25 0.7]
Predicted Params: [6 0.05887 0.04995 1.057 25 0.4987]
Actual M:[
  [
	[1.6965, 7.696],
	[3.1222, 1.6129],
	[7.8777, 2.4959],
	[1.8836, 7.2596],
	[9.7083, 2.8905],
	[8.359, 4.812],
	[1.0442, 9.7643]
  ]
]

Predicted M:[
  [
	[3.5146, 3.3359],
	[2.3307, 5.3278],
	[6.4454, 6.7193],
	[10.3416, 1.626],
	[1.1145, 7.6302],
	[1.7366, 11.2453],
	[5.3041, 1.0433]
  ]
]

MSE: 0.846422
=========================================================
          Learning params for data #31
=========================================================
Actual Params: [1 0.09219 0.05898 0.9574 25 0.5]
Predicted Params: [1 0.09219 0.05898 0.9574 25 0.4953]
Actual M:[
  [
	[2.7232, 8.4657],
	[7.4842, 6.2667],
	[6.2997, 6.9556],
	[9.4879, 3.0295],
	[6.0623, 7.9327],
	[9.9251, 9.0086],
	[7.8356, 9.2315]
  ]
]

Predicted M:[
  [
	[6.5198, 2.8218],
	[9.375, 2.9007],
	[5.7626, 3.9286],
	[7.3664, 1.6751],
	[9.2359, 3.1707],
	[8.4095, 6.5935],
	[7.1769, 4.3025]
  ]
]

MSE: 0.000062
=========================================================
          Learning params for data #32
=========================================================
Actual Params: [6 0.01868 0.02005 0.5159 25 0.5]
Predicted Params: [6 0.01868 0.02005 0.5159 25 0.4966]
Actual M:[
  [
	[7.9271, 2.7919],
	[9.2185, 7.7489],
	[8.1161, 7.9155],
	[9.7655, 1.5249],
	[8.0926, 9.0816],
	[1.2264, 9.8936],
	[9.497, 7.8196]
  ]
]

Predicted M:[
  [
	[8.918, 7.0307],
	[2.5794, 7.7508],
	[9.1863, 5.5933],
	[6.1351, 6.903],
	[8.6559, 7.9989],
	[2.8111, 6.697],
	[6.0644, 10.353]
  ]
]

MSE: 0.001141
=========================================================
          Learning params for data #33
=========================================================
Actual Params: [7 0.08194 0.02405 0.7119 25 0.5]
Predicted Params: [7 0.08194 0.02405 0.7119 25 0.4945]
Actual M:[
  [
	[1.5598, 4.1187],
	[6.3796, 7],
	[5.5214, 7.149],
	[8.6072, 3.921],
	[2.3718, 8.4397],
	[9.5665, 6.4494],
	[6.8954, 9.6515]
  ]
]

Predicted M:[
  [
	[3.654, 8.2923],
	[2.7105, 5.7971],
	[5.0244, 6.6703],
	[1.4241, 10.0601],
	[6.8928, 1.4632],
	[4.8763, 1.7896],
	[5.3453, 2.6644]
  ]
]

MSE: 0.882432
=========================================================
          Learning params for data #34
=========================================================
Actual Params: [9 0.03245 0.06034 1.097 25 0.3]
Predicted Params: [9 0.03245 0.06034 1.097 25 0.5272]
Actual M:[
  [
	[3.4142, 5.5847],
	[7.6921, 9.1025],
	[8.6576, 4.4081],
	[9.5216, 6.6821],
	[8.2921, 8.9452],
	[7.9605, 9.1925],
	[6.0653, 9.4882]
  ]
]

Predicted M:[
  [
	[1.8205, 8.1376],
	[7.1867, 4.3524],
	[2.4421, 7.6758],
	[4.9086, 6.0363],
	[2.1579, 4.9677],
	[2.523, 6.0483],
	[7.6881, 4.245]
  ]
]

MSE: 0.109915
=========================================================
          Learning params for data #35
=========================================================
Actual Params: [4 0.075 0.02497 0.7456 25 0.7]
Predicted Params: [4 0.075 0.02497 0.7456 25 0.4968]
Actual M:[
  [
	[5.5769, 6.763],
	[7.2409, 3.7078],
	[4.4319, 7.0749],
	[6.6202, 5.6302],
	[7.052, 4.9316],
	[9.4171, 4.6571],
	[9.0088, 7.2994]
  ]
]

Predicted M:[
  [
	[3.6131, 8.1505],
	[4.9466, 5.0013],
	[9.2507, 3.7075],
	[2.8655, 2.9303],
	[6.7432, 3.0071],
	[9.032, 8.7382],
	[9.0305, 9.3709]
  ]
]

MSE: 0.000023
=========================================================
          Learning params for data #36
=========================================================
Actual Params: [12 0.01982 0.06157 0.258 25 0.5]
Predicted Params: [12 0.01982 0.06157 0.258 25 0.4965]
Actual M:[
  [
	[5.8349, 5.2772],
	[9.5245, 8.8947],
	[7.4164, 9.5603],
	[6.4296, 9.6907],
	[9.6079, 7.2886],
	[9.6925, 5.9708],
	[2.0781, 9.7918]
  ]
]

Predicted M:[
  [
	[6.9748, 2.151],
	[6.8219, 3.926],
	[4.3021, 8.2704],
	[6.7679, 3.4128],
	[6.1348, 5.3795],
	[8.432, 4.5536],
	[6.8653, 6.4226]
  ]
]

MSE: 1.332819
=========================================================
          Learning params for data #37
=========================================================
Actual Params: [10 0.09645 0.04477 0.7645 25 0.5]
Predicted Params: [10 0.09645 0.04477 0.7645 25 0.4873]
Actual M:[
  [
	[6.2425, 5.5939],
	[6.7446, 4.2706],
	[3.9717, 6.4472],
	[7.109, 5.3174],
	[9.6492, 5.315],
	[3.3805, 7.0677],
	[9.5306, 7.0334]
  ]
]

Predicted M:[
  [
	[7.4067, 2.1592],
	[4.7596, 7.1064],
	[6.8674, 6.1724],
	[1.3919, 4.5272],
	[4.8141, 3.1361],
	[6.9421, 5.5371],
	[4.5518, 14.0004]
  ]
]

MSE: 0.000025
=========================================================
          Learning params for data #38
=========================================================
Actual Params: [11 0.01048 0.01247 0.8118 25 0.3]
Predicted Params: [11 0.01048 0.01247 0.8118 25 0.4363]
Actual M:[
  [
	[6.0647, 3.718],
	[6.0779, 1.1063],
	[4.5792, 3.7592],
	[5.4671, 8.5606],
	[6.3386, 8.1061],
	[9.6601, 7.9676],
	[9.7638, 4.5592]
  ]
]

Predicted M:[
  [
	[5.5752, 5.8941],
	[1.4773, 2.1373],
	[9.3916, 4.418],
	[12.1546, 2.4522],
	[6.4923, 2.9669],
	[2.8749, 21.8137],
	[9.0671, 3.8684]
  ]
]

MSE: 0.000005
=========================================================
          Learning params for data #39
=========================================================
Actual Params: [11 0.00831 0.03305 0.7059 25 0.7]
Predicted Params: [11 0.00831 0.03305 0.7059 25 0.5064]
Actual M:[
  [
	[2.8529, 4.5562],
	[1.7731, 6.321],
	[4.2499, 5.0287],
	[3.3021, 9.6798],
	[5.9283, 4.1346],
	[9.5806, 4.5926],
	[6.5571, 9.3187]
  ]
]

Predicted M:[
  [
	[2.8294, 4.64],
	[9.4026, 4.6598],
	[6.7296, 8.2156],
	[6.5478, 8.356],
	[4.1531, 9.5601],
	[8.6875, 2.7481],
	[8.7151, 6.2822]
  ]
]

MSE: 0.809818
=========================================================
          Learning params for data #40
=========================================================
Actual Params: [6 0.0468 0.06828 0.4474 25 0.5]
Predicted Params: [6 0.0468 0.06828 0.4474 25 0.4963]
Actual M:[
  [
	[7.9953, 8.0517],
	[9.9697, 6.2896],
	[1.7674, 9.6387],
	[1.2118, 9.7609],
	[9.0582, 9.7326],
	[9.9766, 4.3929],
	[1.993, 9.9837]
  ]
]

Predicted M:[
  [
	[3.038, 5.188],
	[1.2518, 8.4315],
	[7.2914, 8.1636],
	[4.8928, 10.5107],
	[1.8016, 8.9299],
	[6.65, 4.2626],
	[8.2112, 3.0379]
  ]
]

MSE: 1.494832
=========================================================
          Learning params for data #41
=========================================================
Actual Params: [6 0.03942 0.004749 0.6944 25 0.7]
Predicted Params: [6 0.03942 0.004749 0.6944 25 0.5502]
Actual M:[
  [
	[9.8227, 2.956],
	[2.2901, 5.741],
	[1.2878, 6.3929],
	[3.2075, 9.814],
	[9.9425, 8.7734],
	[5.6032, 8.7738],
	[7.4405, 8.854]
  ]
]

Predicted M:[
  [
	[5.2799, 3.0632],
	[7.4975, 1.7709],
	[3.7262, 6.6685],
	[4.127, 7.0594],
	[17.446, 3.6547],
	[2.0398, 4.2646],
	[7.3918, 2.9246]
  ]
]

MSE: 0.000000
=========================================================
          Learning params for data #42
=========================================================
Actual Params: [10 0.0591 0.002407 0.7365 25 0.5]
Predicted Params: [10 0.0591 0.002407 0.7365 25 0.5194]
Actual M:[
  [
	[9.716, 3.7645],
	[5.3016, 7.7929],
	[6.3412, 4.1191],
	[8.3533, 8.8247],
	[9.2966, 5.9617],
	[9.5951, 4.8251],
	[7.8043, 9.3812]
  ]
]

Predicted M:[
  [
	[9.2826, 2.6804],
	[4.7217, 6.5664],
	[7.5227, 1.6338],
	[10.6623, 2.0143],
	[1.1741, 6.8625],
	[4.6034, 6.6147],
	[6.2888, 6.7475]
  ]
]

MSE: 0.000349
=========================================================
          Learning params for data #43
=========================================================
Actual Params: [13 0.03828 0.05714 0.1342 25 0.7]
Predicted Params: [13 0.03828 0.05714 0.1342 25 0.4967]
Actual M:[
  [
	[9.4892, 6.144],
	[1.3434, 6.5541],
	[4.8585, 9.8011],
	[8.5082, 9.3892],
	[6.7529, 9.8787],
	[9.2847, 6.3901],
	[9.5104, 3.1414]
  ]
]

Predicted M:[
  [
	[9.5107, 4.8035],
	[9.9177, 4.293],
	[9.2806, 5.0002],
	[5.6066, 3.558],
	[1.9953, 7.5375],
	[1.2903, 9.1905],
	[5.4371, 5.0442]
  ]
]

MSE: 1.176246
=========================================================
          Learning params for data #44
=========================================================
Actual Params: [12 0.06993 0.04875 1.026 25 0.7]
Predicted Params: [12 0.06993 0.04875 1.026 25 0.493]
Actual M:[
  [
	[3.6219, 6.9396],
	[7.1244, 1.7782],
	[4.0304, 6.2591],
	[8.6839, 9.6325],
	[9.6373, 5.1022],
	[9.6099, 8.5632],
	[3.8975, 9.7346]
  ]
]

Predicted M:[
  [
	[3.3969, 1.58],
	[1.2912, 4.2509],
	[1.7964, 6.3892],
	[6.3274, 4.8042],
	[6.7051, 5.5551],
	[8.7834, 3.4663],
	[6.4209, 5.5938]
  ]
]

MSE: 0.028902
=========================================================
          Learning params for data #45
=========================================================
Actual Params: [10 0.003657 0.03941 1.057 25 0.5]
Predicted Params: [10 0.003657 0.03941 1.057 25 0.4969]
Actual M:[
  [
	[3.182, 7.3884],
	[5.4906, 6.3682],
	[6.9214, 3.3247],
	[7.5605, 5.1621],
	[3.5976, 7.2384],
	[1.7013, 7.9581],
	[7.3056, 5.5921]
  ]
]

Predicted M:[
  [
	[1.3776, 4.8069],
	[6.0423, 7.9906],
	[5.931, 1.1054],
	[4.2493, 10.0748],
	[6.553, 3.3987],
	[2.6051, 7.2382],
	[3.0248, 7.4536]
  ]
]

MSE: 0.425119
=========================================================
          Learning params for data #46
=========================================================
Actual Params: [7 0.08776 0.03817 0.4342 25 0.5]
Predicted Params: [7 0.08776 0.03817 0.4342 25 0.5024]
Actual M:[
  [
	[9.7552, 5.5826],
	[4.4094, 7.4204],
	[9.9594, 9.1398],
	[9.8365, 9.6169],
	[2.067, 9.6175],
	[9.9669, 2.4807],
	[9.9214, 9.1792]
  ]
]

Predicted M:[
  [
	[4.7717, 8.3155],
	[1.7126, 2.2429],
	[1.8234, 5.7193],
	[8.2104, 6.4959],
	[8.6402, 1.2578],
	[8.0593, 5.1066],
	[6.0189, 3.1456]
  ]
]

MSE: 0.018232
=========================================================
          Learning params for data #47
=========================================================
Actual Params: [15 0.03307 0.05538 0.6831 25 0.7]
Predicted Params: [15 0.03307 0.05538 0.6831 25 0.5021]
Actual M:[
  [
	[7.8684, 8.1385],
	[4.0922, 8.499],
	[9.0567, 6.2702],
	[8.7821, 8.5029],
	[6.5569, 9.4462],
	[2.1458, 9.5418],
	[9.7201, 2.9611]
  ]
]

Predicted M:[
  [
	[5.4463, 3.4003],
	[3.3304, 1.4667],
	[6.6036, 5.8126],
	[10.4745, 5.2846],
	[4.52, 1.3014],
	[2.8038, 8.4117],
	[6.7291, 7.1553]
  ]
]

MSE: 0.001235
=========================================================
          Learning params for data #48
=========================================================
Actual Params: [10 0.01676 0.0213 0.1611 25 0.5]
Predicted Params: [10 0.01676 0.0213 0.1611 25 0.5101]
Actual M:[
  [
	[5.6171, 8.8062],
	[1.7405, 9.6569],
	[8.8151, 2.0739],
	[9.1086, 9.9044],
	[9.5041, 6.4718],
	[9.4992, 8.344],
	[9.5343, 9.9072]
  ]
]

Predicted M:[
  [
	[4.6362, 5.2405],
	[8.3806, 8.3494],
	[8.4238, 5.4938],
	[8.31, 9.1526],
	[8.8814, 8.8226],
	[6.8154, 8.8817],
	[8.3119, 12.0572]
  ]
]

MSE: 0.000000
=========================================================
          Learning params for data #49
=========================================================
Actual Params: [9 0.02607 0.05665 0.5573 25 0.7]
Predicted Params: [9 0.02607 0.05665 0.5573 25 0.5043]
Actual M:[
  [
	[2.8498, 4.4331],
	[6.2564, 8.0554],
	[3.1021, 8.2546],
	[7.0937, 6.3315],
	[7.8217, 8.6997],
	[8.2305, 8.7774],
	[8.8981, 3.5742]
  ]
]

Predicted M:[
  [
	[4.7514, 1.1966],
	[6.81, 5.7027],
	[5.9615, 8.8524],
	[2.7069, 6.8792],
	[5.5004, 9.2052],
	[8.6058, 6.5882],
	[6.8873, 5.9369]
  ]
]

MSE: 0.045566
=========================================================
          Learning params for data #50
=========================================================
Actual Params: [9 0.07139 0.08476 0.6307 25 0.5]
Predicted Params: [9 0.07139 0.08476 0.6307 25 0.4947]
Actual M:[
  [
	[2.454, 3.1626],
	[8.3531, 2.0639],
	[2.9781, 6.3489],
	[6.1846, 5.9576],
	[1.1067, 9.2785],
	[8.6771, 2.8258],
	[4.8375, 8.8136]
  ]
]

Predicted M:[
  [
	[5.8768, 8.5137],
	[9.5848, 4.6959],
	[1.869, 3.6234],
	[8.2484, 8.3801],
	[8.0567, 7.235],
	[1.6521, 3.6845],
	[9.0541, 8.2233]
  ]
]

MSE: 0.036833


MSE list: [1.249 0.001499 0.02028 1.003 0.00104 0.0002308 0.0007937 0 0.2059 0.000439 0.008383 0.002745 0.001544 2.774e-05 0.3449 2.686e-05 0.3796 0.001119 0.3656 0.02993 0.0005152 0.1482 1.147 0.006707 0.1373 0 0.2612 0.008163 8.51e-05 0.8464 6.24e-05 0.001141 0.8824 0.1099 2.318e-05 1.333 2.504e-05 4.82e-06 0.8098 1.495 8e-08 0.000349 1.176 0.0289 0.4251 0.01823 0.001235 6e-08 0.04557 0.03683]
MSE mean: 0.250705
MSE std: 0.429322
Time elapsed: 3087.124089
