set_nopts10_ncomb1_nproblem50_no10
Ns: 5000
=========================================================
          Learning params for data #1
=========================================================
Actual Params: [3 0.02595 0.034 0.3513 10 0.3]
Predicted Params: [3 0.02595 0.034 0.3513 10 0.4858]
Actual M:[
  [
	[6.1755, 8.216],
	[8.7226, 6.678],
	[9.6526, 5.7878],
	[2.28, 9.5128],
	[2.7428, 9.869],
	[7.7868, 7.5235],
	[3.6176, 9.2656],
	[9.7441, 4.9731],
	[4.9036, 8.8236],
	[9.9173, 7.3555]
  ]
]

Predicted M:[
  [
	[1.0243, 5.0617],
	[6.5484, 3.2043],
	[6.6048, 2.8599],
	[2.4522, 6.9935],
	[4.1186, 10.5117],
	[4.2747, 1.4636],
	[6.1818, 1.8394],
	[5.2719, 3.5971],
	[1.094, 6.8853],
	[6.2248, 9.3935]
  ]
]

MSE: 0.000347
=========================================================
          Learning params for data #2
=========================================================
Actual Params: [8 0.04839 0.04208 1.087 11 0.3]
Predicted Params: [8 0.04839 0.04208 1.087 11 0.5155]
Actual M:[
  [
	[3.5171, 8.5532],
	[9.2235, 4.5602],
	[7.5084, 4.807],
	[5.0707, 6.9542],
	[8.5599, 8.931],
	[2.51, 9.4051],
	[9.3693, 6.3065],
	[2.8972, 9.979],
	[8.7336, 9.6062],
	[4.6988, 9.6092]
  ]
]

Predicted M:[
  [
	[5.9613, 4.5345],
	[1.9644, 7.1503],
	[2.7266, 1.0306],
	[5.3491, 7.5845],
	[4.2817, 4.9715],
	[4.5338, 5.0579],
	[10.3881, 5.4784],
	[6.4439, 3.3094],
	[13.218, 3.5437],
	[7.3942, 7.4765]
  ]
]

MSE: 0.053619
=========================================================
          Learning params for data #3
=========================================================
Actual Params: [9 0.03421 0.04916 0.1826 7 0.3]
Predicted Params: [9 0.03421 0.04916 0.1826 7 0.5009]
Actual M:[
  [
	[2.7096, 7.2308],
	[3.0866, 1.3113],
	[8.0075, 5.0707],
	[4.1725, 7.8181],
	[9.7623, 1.1136],
	[9.1923, 3.8523],
	[7.7892, 5.6474],
	[6.597, 8.7253],
	[8.2902, 3.8958],
	[8.5687, 5.0323]
  ]
]

Predicted M:[
  [
	[7.9545, 4.7491],
	[6.623, 8.6163],
	[2.8162, 1.6011],
	[6.8368, 2.6647],
	[5.1035, 1.926],
	[9.1972, 4.6773],
	[2.8531, 8.974],
	[7.4538, 5.8215],
	[3.0287, 6.6145],
	[8.2584, 7.4119]
  ]
]

MSE: 1.157715
=========================================================
          Learning params for data #4
=========================================================
Actual Params: [6 0.04066 0.001458 0.8399 11 0.3]
Predicted Params: [6 0.04066 0.001458 0.8399 11 0.5789]
Actual M:[
  [
	[3.3843, 4.7556],
	[6.972, 5.9249],
	[8.8146, 2.8619],
	[2.5284, 6.0922],
	[6.4173, 7.929],
	[9.651, 3.1674],
	[7.3889, 4.8497],
	[7.9035, 7.5739],
	[9.2951, 9.299],
	[5.5147, 9.8379]
  ]
]

Predicted M:[
  [
	[6.3993, 6.0433],
	[5.2933, 9.1925],
	[3.3582, 1.8333],
	[1.0143, 5.1781],
	[5.6508, 9.2799],
	[6.5395, 3.5401],
	[4.0173, 1.0371],
	[3.8689, 3.8921],
	[15.1094, 5.0664],
	[7.6699, 10.7284]
  ]
]

MSE: 0.000229
=========================================================
          Learning params for data #5
=========================================================
Actual Params: [11 0.08407 0.02679 0.7069 10 0.7]
Predicted Params: [11 0.08407 0.02679 0.7069 10 0.5035]
Actual M:[
  [
	[8.7006, 1.1864],
	[4.0861, 4.2878],
	[8.8242, 4.3376],
	[9.0439, 6.8104],
	[1.8002, 8.1646],
	[1.9232, 9.7377],
	[2.9323, 9.4979],
	[9.181, 7.9039],
	[9.3375, 1.8219],
	[4.609, 9.6231]
  ]
]

Predicted M:[
  [
	[6.1687, 1.5107],
	[5.9751, 4.2405],
	[3.0095, 4.1008],
	[3.5991, 9.8869],
	[4.4032, 3.1578],
	[7.1333, 8.437],
	[2.2796, 1.5431],
	[7.6284, 9.2813],
	[4.7449, 6.8858],
	[8.8869, 2.5272]
  ]
]

MSE: 0.038555
=========================================================
          Learning params for data #6
=========================================================
Actual Params: [5 0.05557 0.06134 0.2334 7 0.3]
Predicted Params: [5 0.05557 0.06134 0.2334 7 0.492]
Actual M:[
  [
	[1.0388, 2.5417],
	[2.8761, 4.95],
	[9.3504, 8.7302],
	[6.9419, 9.0384],
	[7.2487, 9.9108],
	[9.6142, 1.2708],
	[9.5229, 2.1397],
	[7.6881, 9.6451],
	[9.6637, 9.9114],
	[9.7609, 2.8854]
  ]
]

Predicted M:[
  [
	[5.4433, 3.194],
	[10.025, 4.1068],
	[6.1538, 2.4035],
	[4.5629, 3.4891],
	[1.2909, 1.8208],
	[2.7653, 2.6848],
	[9.5178, 6.2755],
	[3.6187, 8.3435],
	[4.4391, 9.5924],
	[7.746, 4.6521]
  ]
]

MSE: 0.250990
=========================================================
          Learning params for data #7
=========================================================
Actual Params: [12 0.05512 0.09014 0.4104 13 0.7]
Predicted Params: [12 0.05512 0.09014 0.4104 13 0.4995]
Actual M:[
  [
	[8.3341, 9.682],
	[8.9373, 9.3654],
	[9.265, 1.1397],
	[9.4323, 1.6194],
	[8.2314, 9.7179],
	[9.2179, 2.0063],
	[2.6345, 9.8447],
	[9.2414, 8.802],
	[5.9699, 9.7303],
	[9.8344, 5.8599]
  ]
]

Predicted M:[
  [
	[1.0396, 7.7849],
	[4.8813, 6.9945],
	[4.4795, 6.5531],
	[2.9834, 9.1093],
	[7.5277, 7.5049],
	[2.398, 4.3783],
	[6.1228, 5.4235],
	[9.5297, 4.4757],
	[5.8095, 1.9233],
	[9.3418, 6.7978]
  ]
]

MSE: 0.005794
=========================================================
          Learning params for data #8
=========================================================
Actual Params: [11 0.06437 0.03542 0.8935 7 0.7]
Predicted Params: [11 0.06437 0.03542 0.8935 7 0.5721]
Actual M:[
  [
	[4.5787, 3.0578],
	[1.6631, 5.6502],
	[3.7085, 6.4613],
	[7.7374, 4.9015],
	[5.2633, 9.8484],
	[8.0124, 2.0163],
	[8.1153, 1.0756],
	[5.739, 8.5154],
	[8.4561, 1.1861],
	[6.3148, 8.559]
  ]
]

Predicted M:[
  [
	[5.8549, 1.7531],
	[8.7537, 1.9981],
	[1.1491, 6.1753],
	[9.1728, 2.7939],
	[8.3516, 6.4573],
	[9.1753, 1.679],
	[2.8579, 1.9314],
	[5.7411, 7.2928],
	[6.2291, 7.7842],
	[3.841, 2.0434]
  ]
]

MSE: 0.037054
=========================================================
          Learning params for data #9
=========================================================
Actual Params: [6 0.06426 0.09035 0.5847 9 0.5]
Predicted Params: [6 0.06426 0.09035 0.5847 9 0.4961]
Actual M:[
  [
	[2.5565, 2.1484],
	[3.0229, 8.0724],
	[7.0348, 2.7182],
	[6.5547, 7.7288],
	[6.7276, 9.8493],
	[8.2619, 4.9152],
	[6.3384, 9.8629],
	[7.6012, 5.7949],
	[7.6589, 9.4232],
	[7.91, 5.8346]
  ]
]

Predicted M:[
  [
	[5.9782, 5.7823],
	[1.5547, 3.5157],
	[1.9687, 3.3324],
	[5.0528, 5.5753],
	[8.589, 10.1744],
	[1.9932, 7.6808],
	[2.4425, 5.1055],
	[10.1745, 5.3893],
	[4.9603, 6.6628],
	[8.9748, 9.7268]
  ]
]

MSE: 0.732046
=========================================================
          Learning params for data #10
=========================================================
Actual Params: [12 0.01618 0.003814 0.9787 14 0.5]
Predicted Params: [12 0.01618 0.003814 0.9787 14 0.496]
Actual M:[
  [
	[9.6904, 9.2951],
	[3.8824, 9.4214],
	[7.8317, 9.3564],
	[4.5405, 9.8721],
	[5.0756, 9.701],
	[9.8763, 2.9162],
	[6.9842, 9.5869],
	[9.1388, 9.7929],
	[9.751, 4.6751],
	[9.9823, 6.0818]
  ]
]

Predicted M:[
  [
	[9.2751, 6.2698],
	[9.0021, 1.2349],
	[4.9708, 3.8862],
	[3.6548, 6.5982],
	[2.9586, 7.2877],
	[4.3976, 3.0312],
	[4.3288, 3.8239],
	[7.3541, 7.9912],
	[4.8659, 6.0473],
	[9.288, 2.6266]
  ]
]

MSE: 0.000794
=========================================================
          Learning params for data #11
=========================================================
Actual Params: [3 0.08012 0.05723 0.9483 11 0.7]
Predicted Params: [3 0.08012 0.05723 0.9483 11 0.4894]
Actual M:[
  [
	[5.4915, 1.4312],
	[2.4485, 9.4367],
	[6.753, 9.4361],
	[9.0269, 4.8249],
	[9.9698, 5.5499],
	[9.3385, 6.0237],
	[7.5537, 7.3572],
	[3.8905, 9.5593],
	[9.9154, 9.0905],
	[2.7751, 9.7098]
  ]
]

Predicted M:[
  [
	[1.8605, 5.768],
	[8.6855, 2.1367],
	[6.0377, 5.9846],
	[2.4703, 6.0641],
	[5.7522, 6.0615],
	[2.4489, 7.6374],
	[4.4278, 6.4054],
	[2.1346, 2.7729],
	[8.914, 6.8197],
	[3.6821, 1.1415]
  ]
]

MSE: 0.024936
=========================================================
          Learning params for data #12
=========================================================
Actual Params: [3 0.08708 0.04516 0.6455 12 0.5]
Predicted Params: [3 0.08708 0.04516 0.6455 12 0.4988]
Actual M:[
  [
	[4.2538, 6.8568],
	[7.3989, 5.4849],
	[9.7208, 8.0037],
	[8.3971, 8.954],
	[9.8297, 4.3062],
	[3.8416, 9.5816],
	[4.6983, 9.8781],
	[8.1413, 9.8567],
	[9.7753, 6.5016],
	[2.3066, 9.96]
  ]
]

Predicted M:[
  [
	[8.3429, 5.161],
	[5.9151, 1.2142],
	[5.5601, 7.1022],
	[8.3329, 5.3612],
	[8.0181, 4.7439],
	[3.6518, 5.3571],
	[7.4362, 1.4219],
	[9.0739, 4.9715],
	[2.5888, 3.1012],
	[2.8215, 4.0497]
  ]
]

MSE: 0.012150
=========================================================
          Learning params for data #13
=========================================================
Actual Params: [14 0.0692 0.07401 0.799 7 0.5]
Predicted Params: [14 0.0692 0.07401 0.799 7 0.4957]
Actual M:[
  [
	[5.3842, 2.4384],
	[2.6161, 7.483],
	[3.8692, 5.7687],
	[9.5293, 1.9351],
	[7.2041, 7.0154],
	[7.3483, 4.5483],
	[9.7952, 7.3447],
	[1.3686, 8.0684],
	[9.8486, 7.3293],
	[5.8321, 8.5906]
  ]
]

Predicted M:[
  [
	[5.983, 1.0658],
	[8.0806, 1.8849],
	[3.8853, 6.8218],
	[2.9879, 3.6931],
	[2.7064, 6.2914],
	[2.711, 2.317],
	[4.8788, 9.5705],
	[1.9165, 6.6211],
	[9.0413, 7.1672],
	[8.3677, 7.5827]
  ]
]

MSE: 0.006317
=========================================================
          Learning params for data #14
=========================================================
Actual Params: [12 0.0863 0.08646 0.1499 14 0.5]
Predicted Params: [12 0.0863 0.08646 0.1499 14 0.51]
Actual M:[
  [
	[1.927, 3.9684],
	[7.6056, 9.1517],
	[9.4019, 8.5461],
	[9.9627, 6.2395],
	[4.8503, 9.2791],
	[8.7808, 9.4329],
	[8.9334, 9.552],
	[9.681, 8.5597],
	[2.0307, 9.7107],
	[9.6272, 8.6858]
  ]
]

Predicted M:[
  [
	[5.0182, 3.2367],
	[8.0041, 6.269],
	[7.0942, 4.1811],
	[11.9307, 2.1951],
	[5.3132, 8.4277],
	[8.1125, 3.0913],
	[3.8404, 10.6226],
	[5.5287, 7.7627],
	[2.4585, 4.0858],
	[3.6963, 6.1244]
  ]
]

MSE: 0.000648
=========================================================
          Learning params for data #15
=========================================================
Actual Params: [2 0.02464 0.09074 0.4793 8 0.7]
Predicted Params: [2 0.02464 0.09074 0.4793 8 0.486]
Actual M:[
  [
	[7.098, 6.5879],
	[6.688, 6.7752],
	[6.5496, 7.3595],
	[7.3996, 4.5623],
	[6.6765, 9.8187],
	[7.1653, 9.0544],
	[7.549, 9.6002],
	[7.8492, 9.8583],
	[9.7729, 6.9954],
	[9.6229, 9.0125]
  ]
]

Predicted M:[
  [
	[8.6364, 5.064],
	[3.1704, 2.9018],
	[8.6723, 3.1207],
	[2.6654, 8.329],
	[5.8627, 8.301],
	[4.8615, 1.6844],
	[7.2032, 1.6172],
	[2.1, 6.5382],
	[1.5807, 2.3645],
	[8.372, 8.4787]
  ]
]

MSE: 0.078579
=========================================================
          Learning params for data #16
=========================================================
Actual Params: [9 0.05215 0.0326 0.2894 6 0.5]
Predicted Params: [9 0.05215 0.0326 0.2894 6 0.3563]
Actual M:[
  [
	[4.0095, 9.8912],
	[6.3294, 6.3582],
	[6.712, 9.1753],
	[7.3467, 6.7105],
	[7.7444, 3.7702],
	[9.3103, 9.6445],
	[9.9071, 9.7067],
	[1.6944, 9.9825],
	[6.6255, 9.8554],
	[5.747, 9.9757]
  ]
]

Predicted M:[
  [
	[3.5898, 1.4903],
	[5.2446, 7.814],
	[3.0069, 2.1023],
	[2.8789, 6.2979],
	[2.0354, 1.4964],
	[7.3568, 2.3921],
	[6.9687, 13.5178],
	[1.2618, 4.6386],
	[7.1042, 4.0149],
	[2.5472, 3.5881]
  ]
]

MSE: 0.002612
=========================================================
          Learning params for data #17
=========================================================
Actual Params: [14 0.08145 0.09406 0.6535 5 0.7]
Predicted Params: [14 0.08145 0.09406 0.6535 5 0.4767]
Actual M:[
  [
	[6.1853, 1.2876],
	[3.5544, 8.679],
	[4.5538, 2.8185],
	[8.8271, 7.9151],
	[9.0134, 6.7312],
	[3.5788, 9.9936],
	[9.0364, 6.2915],
	[5.3156, 9.6882],
	[7.9176, 8.4538],
	[9.7118, 4.1551]
  ]
]

Predicted M:[
  [
	[9.0324, 5.3307],
	[9.0793, 2.9832],
	[8.4109, 7.8953],
	[1.7727, 2.6134],
	[3.7802, 8.4588],
	[4.5194, 4.9034],
	[5.877, 1.4439],
	[8.8354, 7.7533],
	[4.0725, 5.926],
	[2.6935, 10.8418]
  ]
]

MSE: 0.114644
=========================================================
          Learning params for data #18
=========================================================
Actual Params: [13 0.05827 0.00959 0.5316 10 0.5]
Predicted Params: [13 0.05827 0.00959 0.5316 10 0.4727]
Actual M:[
  [
	[5.596, 8.4038],
	[5.8838, 3.0512],
	[9.9384, 4.8389],
	[7.6872, 5.5991],
	[7.9194, 6.2112],
	[7.6134, 9.2515],
	[5.2878, 9.3717],
	[8.9796, 5.6392],
	[9.0394, 5.0524],
	[9.2799, 8.2962]
  ]
]

Predicted M:[
  [
	[1.5119, 8.9641],
	[1.2161, 6.0646],
	[7.6522, 3.1538],
	[8.6271, 7.0486],
	[9.405, 2.2404],
	[1.3022, 2.5095],
	[2.2427, 5.9606],
	[9.384, 2.1717],
	[4.6132, 8.4464],
	[1.9021, 15.5633]
  ]
]

MSE: 0.120819
=========================================================
          Learning params for data #19
=========================================================
Actual Params: [4 0.08686 0.08295 0.1218 6 0.3]
Predicted Params: [4 0.08686 0.08295 0.1218 6 0.4994]
Actual M:[
  [
	[4.211, 3.8463],
	[7.7432, 7.9691],
	[9.0913, 3.3218],
	[5.904, 9.8781],
	[7.7337, 9.1071],
	[8.604, 6.5238],
	[8.8556, 6.6322],
	[8.921, 5.825],
	[6.2647, 9.3665],
	[7.9683, 6.7892]
  ]
]

Predicted M:[
  [
	[8.8797, 5.1653],
	[7.5831, 9.1287],
	[3.7766, 8.7249],
	[8.6889, 8.8319],
	[2.0014, 1.4392],
	[8.588, 4.9677],
	[8.8089, 7.6296],
	[2.8525, 5.2863],
	[3.247, 9.1708],
	[5.889, 4.1268]
  ]
]

MSE: 0.166801
=========================================================
          Learning params for data #20
=========================================================
Actual Params: [4 0.01908 0.07456 0.3836 8 0.7]
Predicted Params: [4 0.01908 0.07456 0.3836 8 0.5054]
Actual M:[
  [
	[4.743, 5.0781],
	[9.5902, 4.8775],
	[2.9337, 6.2854],
	[3.29, 7.4079],
	[3.6371, 8.8065],
	[3.8287, 7.8828],
	[1.2275, 9.8486],
	[4.3433, 5.8617],
	[7.1196, 7.2604],
	[6.3095, 9.5111]
  ]
]

Predicted M:[
  [
	[6.4868, 9.5255],
	[9.166, 9.279],
	[4.0359, 3.5925],
	[6.2033, 3.4674],
	[3.9075, 9.9228],
	[8.2844, 8.3852],
	[4.9886, 9.9559],
	[5.6317, 2.4577],
	[5.0679, 2.6267],
	[3.8617, 10.7766]
  ]
]

MSE: 0.000397
=========================================================
          Learning params for data #21
=========================================================
Actual Params: [7 0.009319 0.002136 0.6719 5 0.7]
Predicted Params: [7 0.009319 0.002136 0.6719 5 0.4943]
Actual M:[
  [
	[1.7566, 4.395],
	[1.3597, 6.6745],
	[8.4125, 9.4401],
	[8.8428, 7.0864],
	[9.619, 3.0839],
	[2.535, 9.7043],
	[8.5334, 9.9505],
	[9.6665, 2.6542],
	[9.399, 9.4058],
	[9.7869, 3.1025]
  ]
]

Predicted M:[
  [
	[1.6616, 6.268],
	[2.3567, 2.1599],
	[5.5907, 9.4425],
	[6.6346, 9.1921],
	[8.8613, 8.2666],
	[3.4551, 2.0428],
	[2.703, 1.035],
	[9.0927, 7.5053],
	[8.8192, 9.0234],
	[1.0251, 6.5196]
  ]
]

MSE: 0.097320
=========================================================
          Learning params for data #22
=========================================================
Actual Params: [6 0.04453 0.01435 0.5997 12 0.7]
Predicted Params: [6 0.04453 0.01435 0.5997 12 0.5046]
Actual M:[
  [
	[1.3109, 6.3637],
	[7.7155, 7.3843],
	[4.8378, 9.5609],
	[9.1841, 2.1232],
	[9.2256, 7.037],
	[8.0529, 8.502],
	[8.1136, 8.712],
	[9.2368, 5.9654],
	[5.389, 9.5244],
	[8.4598, 7.8969]
  ]
]

Predicted M:[
  [
	[2.6532, 10.7489],
	[4.968, 4.9607],
	[2.9759, 6.7258],
	[9.8613, 7.623],
	[7.9343, 11.1868],
	[1.3349, 4.8391],
	[10.3113, 6.3923],
	[9.1937, 9.7539],
	[1.3372, 2.9073],
	[9.7256, 7.6143]
  ]
]

MSE: 0.004206
=========================================================
          Learning params for data #23
=========================================================
Actual Params: [15 0.06142 0.00651 0.7486 8 0.3]
Predicted Params: [15 0.06142 0.00651 0.7486 8 0.4918]
Actual M:[
  [
	[6.9682, 9.3489],
	[7.5561, 8.7779],
	[9.4987, 3.426],
	[9.8895, 9.3312],
	[3.8127, 9.7918],
	[2.3202, 9.8785],
	[9.3497, 9.3845],
	[2.3424, 9.9738],
	[2.647, 9.9342],
	[3.855, 9.7605]
  ]
]

Predicted M:[
  [
	[6.0677, 2.3357],
	[5.345, 1.0603],
	[2.6175, 2.0566],
	[3.878, 8.8051],
	[8.2103, 2.2174],
	[4.596, 7.4978],
	[1.3589, 2.3482],
	[8.4705, 1.4551],
	[8.4466, 1.1751],
	[7.0482, 5.0107]
  ]
]

MSE: 0.107638
=========================================================
          Learning params for data #24
=========================================================
Actual Params: [7 0.01749 0.007843 0.9179 6 0.7]
Predicted Params: [7 0.01749 0.007843 0.9179 6 0.5284]
Actual M:[
  [
	[7.0409, 3.7005],
	[7.0884, 5.27],
	[8.6796, 4.6992],
	[9.0324, 8.6445],
	[2.6449, 9.3753],
	[9.5347, 7.3195],
	[6.545, 9.6646],
	[2.0999, 9.8048],
	[9.6439, 9.6742],
	[4.7218, 9.9237]
  ]
]

Predicted M:[
  [
	[3.3207, 7.3289],
	[4.9788, 3.1194],
	[8.3252, 4.4718],
	[5.6793, 9.0181],
	[6.0871, 8.3581],
	[4.9192, 3.9084],
	[7.0771, 8.2094],
	[2.0441, 8.7809],
	[11.5659, 4.7656],
	[7.7296, 5.4089]
  ]
]

MSE: 0.057379
=========================================================
          Learning params for data #25
=========================================================
Actual Params: [9 0.06044 0.06847 0.8965 5 0.3]
Predicted Params: [9 0.06044 0.06847 0.8965 5 0.4773]
Actual M:[
  [
	[6.8479, 1.0082],
	[6.3553, 4.733],
	[5.9874, 9.1759],
	[6.3468, 7.8964],
	[1.7379, 9.2622],
	[9.1753, 4.3219],
	[9.9569, 6.8195],
	[9.1644, 8.4326],
	[9.0571, 9.2252],
	[9.2579, 8.6035]
  ]
]

Predicted M:[
  [
	[5.6181, 7.4288],
	[2.9219, 5.5801],
	[1.0494, 5.2469],
	[5.861, 3.7103],
	[4.1337, 3.0073],
	[1.4612, 4.8853],
	[5.0395, 4.9419],
	[2.4433, 2.9455],
	[3.7732, 11.2182],
	[3.0454, 11.0136]
  ]
]

MSE: 0.136456
=========================================================
          Learning params for data #26
=========================================================
Actual Params: [1 0.02741 0.08054 0.8387 5 0.3]
Predicted Params: [1 0.02741 0.08054 0.8387 5 0.5006]
Actual M:[
  [
	[2.7095, 4.7344],
	[8.3783, 3.9412],
	[5.735, 8.3528],
	[9.9449, 2.4738],
	[8.4023, 7.6852],
	[5.8917, 8.987],
	[7.4737, 8.8651],
	[4.0256, 9.985],
	[7.8877, 9.1917],
	[8.825, 6.9765]
  ]
]

Predicted M:[
  [
	[4.6768, 7.4147],
	[2.6625, 9.2847],
	[8.0128, 6.7301],
	[9.0358, 5.7002],
	[7.5459, 5.3148],
	[2.5479, 9.5956],
	[7.836, 8.7786],
	[9.4467, 7.6348],
	[7.0948, 9.7467],
	[1.935, 8.0812]
  ]
]

MSE: 0.003218
=========================================================
          Learning params for data #27
=========================================================
Actual Params: [12 0.03912 0.03439 0.7037 14 0.3]
Predicted Params: [12 0.03912 0.03439 0.7037 14 0.5245]
Actual M:[
  [
	[6.8691, 5.5286],
	[2.8499, 8.6164],
	[6.8968, 7.5824],
	[8.9021, 8.2324],
	[1.2823, 8.675],
	[6.0064, 9.5848],
	[9.1128, 5.6006],
	[9.8241, 6.5833],
	[9.8816, 1.1852],
	[9.6714, 8.1518]
  ]
]

Predicted M:[
  [
	[4.0343, 1.6466],
	[3.0607, 2.0015],
	[7.0957, 8.198],
	[4.6881, 4.4254],
	[1.758, 5.6349],
	[5.2624, 1.1396],
	[2.7273, 2.8798],
	[4.3991, 1.0919],
	[4.905, 1.6519],
	[13.0541, 2.9999]
  ]
]

MSE: 0.548053
=========================================================
          Learning params for data #28
=========================================================
Actual Params: [5 0.08602 0.02276 1.076 11 0.5]
Predicted Params: [5 0.08602 0.02276 1.076 11 0.515]
Actual M:[
  [
	[1.0947, 4.0481],
	[9.7049, 4.473],
	[8.6154, 8.0453],
	[1.7677, 9.1756],
	[1.4012, 9.44],
	[4.1257, 8.0748],
	[2.8123, 8.6689],
	[5.0017, 9.7516],
	[6.6476, 8.0928],
	[6.5043, 9.238]
  ]
]

Predicted M:[
  [
	[2.7929, 2.2803],
	[8.0105, 3.7061],
	[11.2664, 5.0617],
	[4.0414, 7.4221],
	[7.6135, 2.3604],
	[1.4357, 7.8031],
	[6.3354, 2.5629],
	[10.1084, 5.5583],
	[3.1907, 7.571],
	[11.1936, 3.732]
  ]
]

MSE: 0.074518
=========================================================
          Learning params for data #29
=========================================================
Actual Params: [3 0.02703 0.005767 0.122 12 0.3]
Predicted Params: [3 0.02703 0.005767 0.122 12 0.494]
Actual M:[
  [
	[6.9971, 3.8403],
	[7.5772, 5.7274],
	[7.183, 9.0192],
	[8.788, 6.9464],
	[1.4836, 9.3076],
	[9.7554, 9.6298],
	[9.9409, 7.6721],
	[9.7918, 7.8278],
	[8.0271, 9.9947],
	[8.3417, 9.9298]
  ]
]

Predicted M:[
  [
	[5.8562, 4.874],
	[8.6446, 9.001],
	[2.6107, 1.3422],
	[10.0258, 7.3458],
	[5.3597, 2.7754],
	[10.5052, 2.6985],
	[5.9007, 5.6267],
	[9.3384, 8.5732],
	[4.025, 9.8347],
	[5.4967, 6.145]
  ]
]

MSE: 0.535932
=========================================================
          Learning params for data #30
=========================================================
Actual Params: [14 0.08269 0.06018 0.9744 7 0.7]
Predicted Params: [14 0.08269 0.06018 0.9744 7 0.5]
Actual M:[
  [
	[5.6217, 6.4012],
	[7.5496, 8.3646],
	[9.3889, 2.3991],
	[8.0304, 7.1073],
	[8.6718, 7.9399],
	[4.2497, 9.1385],
	[7.1044, 9.3304],
	[7.8128, 9.6843],
	[8.8722, 7.2922],
	[7.8601, 8.9233]
  ]
]

Predicted M:[
  [
	[6.6303, 3.938],
	[7.1341, 7.2696],
	[7.221, 8.3772],
	[4.8349, 7.9194],
	[1.3972, 3.3266],
	[6.89, 3.063],
	[1.9956, 1.2612],
	[9.4584, 6.7925],
	[10.3901, 1.4771],
	[1.8659, 8.3479]
  ]
]

MSE: 0.030576
=========================================================
          Learning params for data #31
=========================================================
Actual Params: [11 0.03444 0.01196 0.5964 11 0.3]
Predicted Params: [11 0.03444 0.01196 0.5964 11 0.4501]
Actual M:[
  [
	[1.582, 8.6135],
	[7.0114, 2.2208],
	[4.4364, 3.5953],
	[7.6526, 5.6542],
	[6.8307, 9.7627],
	[9.2813, 9.728],
	[7.8942, 9.9718],
	[9.5196, 1.3049],
	[9.2975, 9.6443],
	[9.5841, 1.175]
  ]
]

Predicted M:[
  [
	[7.6759, 6.9435],
	[9.4313, 3.659],
	[2.7219, 2.2604],
	[8.2703, 8.3317],
	[3.6366, 2.07],
	[2.3394, 1.916],
	[3.584, 13.9344],
	[9.1161, 5.921],
	[1.6072, 14.7319],
	[6.2743, 1.7659]
  ]
]

MSE: 0.178671
=========================================================
          Learning params for data #32
=========================================================
Actual Params: [1 0.08404 0.07386 0.352 8 0.3]
Predicted Params: [1 0.08404 0.07386 0.352 8 0.5225]
Actual M:[
  [
	[2.2368, 5.896],
	[9.8269, 8.3256],
	[9.6049, 8.6337],
	[9.1261, 9.1167],
	[9.9205, 4.8527],
	[2.1125, 9.9331],
	[3.8054, 9.6851],
	[5.456, 9.802],
	[9.2225, 9.3613],
	[9.8118, 8.9929]
  ]
]

Predicted M:[
  [
	[8.1012, 6.2561],
	[8.6417, 5.5506],
	[8.1789, 4.9076],
	[4.0785, 5.535],
	[6.4331, 6.1261],
	[4.7446, 8.2148],
	[6.2224, 7.5702],
	[3.3685, 7.0316],
	[9.8911, 2.2875],
	[5.1927, 6.2213]
  ]
]

MSE: 0.242758
=========================================================
          Learning params for data #33
=========================================================
Actual Params: [14 0.07785 0.05538 0.5457 13 0.3]
Predicted Params: [14 0.07785 0.05538 0.5457 13 0.4945]
Actual M:[
  [
	[8.1978, 1.8947],
	[5.0787, 4.6942],
	[6.5966, 2.3827],
	[8.9937, 4.5282],
	[7.4476, 9.893],
	[7.7701, 7.9649],
	[9.4461, 5.461],
	[9.7499, 3.1691],
	[8.1127, 7.3588],
	[6.7308, 9.924]
  ]
]

Predicted M:[
  [
	[2.5555, 10.3434],
	[10.2163, 7.6027],
	[7.7565, 8.825],
	[6.8557, 3.1704],
	[1.7556, 1.2926],
	[5.6081, 5.3887],
	[3.4382, 10.2448],
	[8.4884, 4.6547],
	[5.3559, 2.2732],
	[10.9824, 6.9436]
  ]
]

MSE: 0.540206
=========================================================
          Learning params for data #34
=========================================================
Actual Params: [12 0.07094 0.001096 0.147 6 0.5]
Predicted Params: [12 0.07094 0.001096 0.147 6 0.4908]
Actual M:[
  [
	[4.6674, 3.1528],
	[9.3576, 4.9963],
	[1.9378, 8.8894],
	[8.4642, 8.8941],
	[8.7286, 7.5396],
	[8.8547, 5.8171],
	[7.597, 8.9925],
	[4.458, 9.3958],
	[3.466, 9.4282],
	[9.6092, 2.5008]
  ]
]

Predicted M:[
  [
	[8.0118, 7.6951],
	[3.1721, 2.9581],
	[8.2933, 5.6159],
	[3.0373, 4.3817],
	[10.0034, 5.4105],
	[10.0702, 4.8638],
	[1.2471, 7.8249],
	[9.2221, 6.9309],
	[5.5508, 5.9383],
	[1.4783, 9.8302]
  ]
]

MSE: 0.485160
=========================================================
          Learning params for data #35
=========================================================
Actual Params: [10 0.007565 0.04736 0.2515 13 0.3]
Predicted Params: [10 0.007565 0.04736 0.2515 13 0.4566]
Actual M:[
  [
	[2.0655, 4.7897],
	[3.4085, 4.1475],
	[5.3466, 3.2495],
	[7.1566, 2.4236],
	[2.5779, 6.998],
	[4.362, 7.0222],
	[8.0362, 7.7222],
	[9.266, 5.6951],
	[1.2677, 7.8399],
	[9.3856, 9.3335]
  ]
]

Predicted M:[
  [
	[3.1205, 4.8982],
	[2.0829, 5.9054],
	[7.3885, 1.5466],
	[3.1277, 1.6671],
	[1.6521, 6.1146],
	[3.4238, 3.1159],
	[5.7174, 9.0305],
	[7.5397, 3.7407],
	[2.8693, 4.0731],
	[7.8202, 11.2753]
  ]
]

MSE: 0.000000
=========================================================
          Learning params for data #36
=========================================================
Actual Params: [4 0.06467 0.08301 0.6046 11 0.5]
Predicted Params: [4 0.06467 0.08301 0.6046 11 0.5314]
Actual M:[
  [
	[2.8235, 1.5237],
	[3.9893, 5.4284],
	[4.7809, 1.8874],
	[1.5109, 6.0427],
	[1.1135, 9.9086],
	[5.5261, 1.0461],
	[7.3825, 6.5236],
	[1.8438, 7.1892],
	[8.5693, 9.3912],
	[9.9296, 2.4596]
  ]
]

Predicted M:[
  [
	[5.4303, 8.8505],
	[3.1919, 5.1913],
	[5.1059, 9.0887],
	[8.6215, 1.0361],
	[4.1404, 9.5907],
	[4.2078, 8.2005],
	[6.7197, 1.6432],
	[7.396, 2.1808],
	[11.3763, 3.4917],
	[6.7996, 5.8656]
  ]
]

MSE: 0.046533
=========================================================
          Learning params for data #37
=========================================================
Actual Params: [8 0.08387 0.07666 0.296 7 0.5]
Predicted Params: [8 0.08387 0.07666 0.296 7 0.5011]
Actual M:[
  [
	[5.8855, 6.7106],
	[8.4618, 2.8628],
	[6.3053, 5.941],
	[9.2574, 4.554],
	[7.991, 5.4574],
	[9.0538, 6.2624],
	[9.2117, 6.505],
	[9.327, 9.4039],
	[8.0845, 9.7261],
	[6.2542, 9.8848]
  ]
]

Predicted M:[
  [
	[9.8866, 1.5782],
	[9.6867, 3.0964],
	[7.0661, 6.6417],
	[6.1867, 2.4675],
	[5.3974, 5.2315],
	[9.6165, 3.2759],
	[1.3346, 4.9128],
	[6.5417, 3.5261],
	[6.6568, 6.8766],
	[3.9946, 5.3476]
  ]
]

MSE: 0.759208
=========================================================
          Learning params for data #38
=========================================================
Actual Params: [15 0.04145 0.01513 0.1619 14 0.5]
Predicted Params: [15 0.04145 0.01513 0.1619 14 0.4952]
Actual M:[
  [
	[9.1822, 8.6758],
	[4.2492, 8.9033],
	[2.8586, 9.1931],
	[9.7993, 6.1233],
	[9.7451, 9.4885],
	[3.2682, 9.6763],
	[4.6089, 9.5595],
	[9.9751, 8.8376],
	[6.8432, 9.7192],
	[9.426, 9.732]
  ]
]

Predicted M:[
  [
	[9.469, 2.8842],
	[3.4754, 4.5697],
	[7.5067, 6.3881],
	[8.1282, 6.8002],
	[5.9713, 2.5284],
	[8.0763, 6.8812],
	[5.9543, 9.1242],
	[1.8505, 8.8379],
	[6.9292, 8.3504],
	[5.4543, 9.4778]
  ]
]

MSE: 0.362510
=========================================================
          Learning params for data #39
=========================================================
Actual Params: [1 0.0174 0.04843 0.5503 14 0.5]
Predicted Params: [1 0.0174 0.04843 0.5503 14 0.484]
Actual M:[
  [
	[2.527, 7.2253],
	[9.9605, 4.9053],
	[9.3692, 5.2287],
	[9.404, 7.6816],
	[5.8354, 9.8827],
	[8.2885, 9.4306],
	[6.7761, 9.9212],
	[9.97, 2.6514],
	[9.3315, 9.8406],
	[9.5515, 5.0059]
  ]
]

Predicted M:[
  [
	[1.7201, 6.6302],
	[4.0583, 6.2194],
	[4.8812, 6.7946],
	[5.2477, 8.3072],
	[1.2617, 3.6828],
	[2.4959, 12.4795],
	[8.8707, 6.7115],
	[3.3707, 7.1464],
	[1.0414, 6.3619],
	[3.6612, 6.718]
  ]
]

MSE: 1.466360
=========================================================
          Learning params for data #40
=========================================================
Actual Params: [5 0.04926 0.05049 0.268 6 0.7]
Predicted Params: [5 0.04926 0.05049 0.268 6 0.475]
Actual M:[
  [
	[6.1494, 3.1924],
	[8.276, 3.9284],
	[6.7315, 7.9722],
	[9.4006, 5.0723],
	[3.4428, 9.1211],
	[8.3132, 7.2208],
	[6.5332, 8.0178],
	[5.4261, 8.056],
	[9.8062, 2.9392],
	[9.9117, 6.3774]
  ]
]

Predicted M:[
  [
	[2.1427, 8.0995],
	[8.3339, 7.2573],
	[9.1418, 3.0288],
	[2.5516, 6.8664],
	[4.8936, 9.174],
	[4.2957, 3.2217],
	[4.4136, 7.3414],
	[4.0735, 2.4034],
	[9.3337, 3.7813],
	[2.3486, 16.2384]
  ]
]

MSE: 0.019693
=========================================================
          Learning params for data #41
=========================================================
Actual Params: [4 0.01575 0.01007 0.4825 11 0.5]
Predicted Params: [4 0.01575 0.01007 0.4825 11 0.4973]
Actual M:[
  [
	[7.7458, 9.8833],
	[8.8907, 1.8667],
	[7.8052, 7.6156],
	[9.0937, 8.3174],
	[9.2427, 4.042],
	[9.4364, 9.8773],
	[9.7723, 9.1939],
	[7.3802, 9.9411],
	[9.803, 8.6535],
	[2.0625, 9.9477]
  ]
]

Predicted M:[
  [
	[2.2061, 4.6928],
	[1.8785, 1.7119],
	[7.6834, 6.836],
	[1.3472, 8.926],
	[5.6586, 1.0035],
	[5.6074, 10.5348],
	[9.7696, 1.7831],
	[6.5575, 2.0868],
	[6.0707, 3.7655],
	[3.4576, 3.534]
  ]
]

MSE: 0.009113
=========================================================
          Learning params for data #42
=========================================================
Actual Params: [9 0.05587 0.03511 0.7176 9 0.3]
Predicted Params: [9 0.05587 0.03511 0.7176 9 0.5097]
Actual M:[
  [
	[7.2554, 7.0806],
	[6.3867, 7.6026],
	[8.6861, 8.5801],
	[2.1944, 9.0623],
	[9.6719, 6.4335],
	[6.3411, 9.6544],
	[8.137, 9.8892],
	[8.9216, 6.7705],
	[9.304, 9.5764],
	[8.5373, 9.8515]
  ]
]

Predicted M:[
  [
	[6.3578, 9.0452],
	[2.4202, 4.1956],
	[5.7544, 9.443],
	[1.3006, 7.566],
	[4.6543, 6.5421],
	[5.1103, 9.705],
	[9.6461, 3.0102],
	[7.7145, 7.3009],
	[2.5788, 8.2445],
	[1.5039, 4.171]
  ]
]

MSE: 0.380663
=========================================================
          Learning params for data #43
=========================================================
Actual Params: [14 0.005509 0.03837 0.6414 13 0.3]
Predicted Params: [14 0.005509 0.03837 0.6414 13 0.4991]
Actual M:[
  [
	[1.572, 1.6423],
	[5.5408, 6.7063],
	[9.513, 2.0348],
	[5.6565, 3.1132],
	[5.7748, 4.6767],
	[8.8381, 2.8584],
	[3.0476, 7.0345],
	[7.0269, 4.2412],
	[8.2368, 8.248],
	[8.8753, 7.8712]
  ]
]

Predicted M:[
  [
	[6.4277, 2.2937],
	[9.1856, 8.903],
	[3.4554, 11.1857],
	[7.8632, 1.5363],
	[9.2444, 8.769],
	[8.2649, 9.9213],
	[1.3899, 3.1508],
	[7.1467, 2.7453],
	[7.2349, 3.6733],
	[1.3013, 2.4664]
  ]
]

MSE: 0.750978
=========================================================
          Learning params for data #44
=========================================================
Actual Params: [10 0.04744 0.09844 0.5481 13 0.3]
Predicted Params: [10 0.04744 0.09844 0.5481 13 0.5013]
Actual M:[
  [
	[4.5075, 7.4671],
	[7.5287, 1.9498],
	[9.3381, 4.167],
	[7.4975, 7.8373],
	[9.096, 9.0571],
	[9.2597, 5.9261],
	[9.8692, 9.6115],
	[4.5551, 9.8262],
	[9.8788, 4.9446],
	[1.6765, 9.9496]
  ]
]

Predicted M:[
  [
	[8.5182, 4.6187],
	[3.3799, 11.0795],
	[7.3477, 7.4022],
	[3.8698, 10.8344],
	[4.6541, 4.4414],
	[1.4724, 7.8002],
	[6.3764, 6.1187],
	[2.8691, 6.9834],
	[6.267, 4.3589],
	[5.9568, 7.2089]
  ]
]

MSE: 0.947535
=========================================================
          Learning params for data #45
=========================================================
Actual Params: [9 0.01513 0.006925 0.5382 8 0.3]
Predicted Params: [9 0.01513 0.006925 0.5382 8 0.5016]
Actual M:[
  [
	[2.9761, 8.0197],
	[6.1824, 8.0633],
	[9.4638, 2.1708],
	[3.5999, 8.3007],
	[4.8836, 8.1382],
	[1.6075, 8.9014],
	[7.2576, 2.7882],
	[7.5407, 5.2759],
	[9.3386, 5.9218],
	[3.679, 9.6541]
  ]
]

Predicted M:[
  [
	[7.5811, 1.7248],
	[6.7143, 5.2624],
	[5.0298, 7.6615],
	[6.2083, 7.2716],
	[9.716, 4.1714],
	[5.5716, 5.5971],
	[8.5508, 5.9294],
	[5.0849, 4.7237],
	[9.8159, 4.6311],
	[7.6054, 2.225]
  ]
]

MSE: 0.559534
=========================================================
          Learning params for data #46
=========================================================
Actual Params: [14 0.08275 0.07942 0.8128 5 0.7]
Predicted Params: [14 0.08275 0.07942 0.8128 5 0.4514]
Actual M:[
  [
	[2.7303, 3.2063],
	[2.0766, 5.3698],
	[3.9218, 2.6935],
	[4.1917, 7.765],
	[4.7977, 4.3297],
	[8.3905, 7.7977],
	[7.6272, 9.4836],
	[9.6119, 9.4416],
	[6.4486, 9.744],
	[6.1905, 9.9257]
  ]
]

Predicted M:[
  [
	[6.5385, 5.1294],
	[4.0986, 2.6892],
	[1.9335, 3.217],
	[5.6703, 4.3479],
	[7.8201, 2.3586],
	[5.9204, 5.2204],
	[8.4844, 2.875],
	[5.236, 17.5915],
	[8.364, 6.3152],
	[8.3441, 4.1811]
  ]
]

MSE: 0.002857
=========================================================
          Learning params for data #47
=========================================================
Actual Params: [5 0.08392 0.01153 0.7781 5 0.7]
Predicted Params: [5 0.08392 0.01153 0.7781 5 0.4987]
Actual M:[
  [
	[5.2468, 8.2917],
	[8.3451, 3.2273],
	[7.4313, 9.5264],
	[5.9178, 9.9009],
	[9.7184, 7.069],
	[9.3844, 7.4717],
	[7.5484, 9.5714],
	[9.9396, 9.3997],
	[6.472, 9.6605],
	[7.5831, 9.9091]
  ]
]

Predicted M:[
  [
	[8.5863, 1.4284],
	[1.3717, 5.1449],
	[2.0977, 6.1927],
	[8.5447, 6.0144],
	[1.9126, 1.2976],
	[3.0431, 6.4642],
	[3.7863, 2.4308],
	[11.516, 5.102],
	[8.5334, 5.9301],
	[5.1715, 3.8781]
  ]
]

MSE: 0.031460
=========================================================
          Learning params for data #48
=========================================================
Actual Params: [6 0.09538 0.04736 0.5876 14 0.7]
Predicted Params: [6 0.09538 0.04736 0.5876 14 0.4953]
Actual M:[
  [
	[6.6552, 2.7239],
	[9.9507, 2.0252],
	[1.3114, 5.7248],
	[1.4113, 7.5979],
	[5.7458, 9.8803],
	[9.5073, 6.7608],
	[8.91, 9.4415],
	[9.3656, 8.9383],
	[9.4776, 9.1456],
	[9.9799, 7.0133]
  ]
]

Predicted M:[
  [
	[7.8705, 2.8597],
	[4.9702, 8.1225],
	[8.3976, 2.3362],
	[9.6805, 5.791],
	[7.6873, 2.3721],
	[4.7965, 2.4567],
	[3.0432, 2.8144],
	[9.0011, 7.9551],
	[2.2276, 5.4307],
	[6.3198, 11.2043]
  ]
]

MSE: 0.141468
=========================================================
          Learning params for data #49
=========================================================
Actual Params: [11 0.07836 0.04598 0.8843 5 0.7]
Predicted Params: [11 0.07836 0.04598 0.8843 5 0.4827]
Actual M:[
  [
	[1.2164, 2.5227],
	[4.1702, 3.0825],
	[4.5932, 4.7588],
	[6.5099, 2.798],
	[4.2211, 8.7594],
	[6.8027, 9.951],
	[7.176, 7.8177],
	[7.3013, 5.0257],
	[7.4971, 1.3047],
	[8.2564, 4.7421]
  ]
]

Predicted M:[
  [
	[7.9565, 5.3867],
	[3.3778, 6.7715],
	[5.2749, 7.8291],
	[4.8656, 1.2169],
	[5.5585, 8.824],
	[6.808, 9.8743],
	[7.7499, 1.5514],
	[5.0119, 6.2241],
	[7.6033, 8.2285],
	[9.1247, 7.0132]
  ]
]

MSE: 0.009418
=========================================================
          Learning params for data #50
=========================================================
Actual Params: [12 0.002373 0.07046 0.7577 14 0.3]
Predicted Params: [12 0.002373 0.07046 0.7577 14 0.5096]
Actual M:[
  [
	[2.0752, 6.6693],
	[5.755, 7.827],
	[5.8388, 3.2752],
	[9.6427, 6.1188],
	[7.3274, 8.1598],
	[5.7394, 9.0398],
	[7.3277, 6.779],
	[8.7728, 9.6162],
	[8.9875, 8.2749],
	[9.9414, 6.9948]
  ]
]

Predicted M:[
  [
	[7.8828, 5.237],
	[2.4577, 1.4375],
	[6.5608, 2.5102],
	[7.5828, 8.2318],
	[4.5364, 6.7329],
	[11.15, 1.7471],
	[8.019, 5.8536],
	[1.7888, 5.0026],
	[5.8631, 4.619],
	[8.8629, 7.3189]
  ]
]

MSE: 1.278586


MSE list: [0.0003466 0.05362 1.158 0.0002289 0.03856 0.251 0.005794 0.03705 0.732 0.0007944 0.02494 0.01215 0.006317 0.000648 0.07858 0.002612 0.1146 0.1208 0.1668 0.0003968 0.09732 0.004206 0.1076 0.05738 0.1365 0.003218 0.5481 0.07452 0.5359 0.03058 0.1787 0.2428 0.5402 0.4852 1.8e-07 0.04653 0.7592 0.3625 1.466 0.01969 0.009113 0.3807 0.751 0.9475 0.5595 0.002857 0.03146 0.1415 0.009418 1.279]
MSE mean: 0.252261
MSE std: 0.364697
Time elapsed: 1184.328655
