set_nopts7_ncomb1_nproblem50_no7
Ns: 5000
=========================================================
          Learning params for data #1
=========================================================
Actual Params: [9 0.08845 0.01269 0.7495 13 0.5]
Predicted Params: [9 0.08845 0.01269 0.7495 13 0.5029]
Actual M:[
  [
	[8.3384, 6.6246],
	[9.0311, 8.2617],
	[5.8427, 8.985],
	[8.3056, 8.5811],
	[9.4814, 8.4822],
	[2.2812, 9.7371],
	[4.4956, 9.9658]
  ]
]

Predicted M:[
  [
	[6.1243, 9.0379],
	[1.8266, 3.0793],
	[8.2286, 7.1975],
	[6.1169, 4.9604],
	[8.6129, 8.7921],
	[5.1419, 9.2647],
	[1.6454, 6.8617]
  ]
]

MSE: 0.021846
=========================================================
          Learning params for data #2
=========================================================
Actual Params: [13 0.09238 0.04316 0.812 6 0.5]
Predicted Params: [13 0.09238 0.04316 0.812 6 0.4949]
Actual M:[
  [
	[6.4494, 2.0486],
	[7.6849, 3.1943],
	[3.8657, 5.8926],
	[3.1969, 9.978],
	[3.3995, 8.0541],
	[3.9887, 4.2519],
	[7.3065, 4.5875]
  ]
]

Predicted M:[
  [
	[6.6302, 6.961],
	[3.6634, 9.3574],
	[6.3333, 4.1817],
	[10.4385, 5.1181],
	[3.3003, 5.6588],
	[2.0984, 6.2219],
	[5.4099, 8.8833]
  ]
]

MSE: 0.000285
=========================================================
          Learning params for data #3
=========================================================
Actual Params: [11 0.03571 0.08154 0.9309 10 0.7]
Predicted Params: [11 0.03571 0.08154 0.9309 10 0.497]
Actual M:[
  [
	[1.9091, 8.2619],
	[2.2815, 3.5221],
	[9.129, 8.2068],
	[9.6532, 3.2659],
	[9.7142, 3.1291],
	[9.1961, 9.2166],
	[9.6592, 5.5104]
  ]
]

Predicted M:[
  [
	[6.4064, 4.3003],
	[3.6528, 4.3409],
	[3.3243, 5.5816],
	[5.9792, 9.4532],
	[7.7441, 7.8742],
	[8.0441, 8.4985],
	[5.46, 9.8585]
  ]
]

MSE: 0.036634
=========================================================
          Learning params for data #4
=========================================================
Actual Params: [4 0.0334 0.05484 1.088 14 0.5]
Predicted Params: [4 0.0334 0.05484 1.088 14 0.5112]
Actual M:[
  [
	[1.3635, 7.7464],
	[9.6265, 3.7412],
	[9.228, 4.3235],
	[2.7763, 5.7233],
	[2.7564, 6.2784],
	[5.9492, 6.5055],
	[9.0981, 9.1746]
  ]
]

Predicted M:[
  [
	[6.9039, 6.4604],
	[4.2841, 9.1751],
	[5.6863, 8.5299],
	[5.98, 8.255],
	[7.9154, 3.4166],
	[2.4216, 3.7776],
	[1.1791, 3.5181]
  ]
]

MSE: 1.026888
=========================================================
          Learning params for data #5
=========================================================
Actual Params: [4 0.07021 0.06206 0.1474 12 0.7]
Predicted Params: [4 0.07021 0.06206 0.1474 12 0.5066]
Actual M:[
  [
	[5.9261, 9.1951],
	[8.0791, 6.0702],
	[8.7482, 2.1189],
	[7.1712, 9.5301],
	[9.9228, 1.7002],
	[8.46, 6.8526],
	[8.8226, 6.4315]
  ]
]

Predicted M:[
  [
	[3.5934, 2.3135],
	[4.4281, 4.4166],
	[6.1069, 8.1897],
	[10.3106, 5.7946],
	[1.0206, 5.1909],
	[6.2382, 6.5464],
	[4.248, 5.8671]
  ]
]

MSE: 0.331557
=========================================================
          Learning params for data #6
=========================================================
Actual Params: [12 0.05495 0.01709 1.006 14 0.3]
Predicted Params: [12 0.05495 0.01709 1.006 14 0.4847]
Actual M:[
  [
	[2.079, 9.5406],
	[4.5526, 2.275],
	[6.0732, 7.1172],
	[8.899, 8.0485],
	[8.0595, 8.7356],
	[4.2658, 9.3739],
	[9.0519, 5.9403]
  ]
]

Predicted M:[
  [
	[3.9118, 9.1961],
	[3.1748, 5.1418],
	[7.2876, 1.8615],
	[6.9014, 6.1283],
	[2.9847, 10.1948],
	[5.1316, 2.327],
	[1.0974, 5.2055]
  ]
]

MSE: 0.034146
=========================================================
          Learning params for data #7
=========================================================
Actual Params: [2 0.0653 0.01866 0.447 5 0.7]
Predicted Params: [2 0.0653 0.01866 0.447 5 0.5207]
Actual M:[
  [
	[5.1913, 1.8412],
	[3.2691, 4.9783],
	[9.6566, 6.7126],
	[6.7762, 9.6553],
	[7.1767, 9.0888],
	[9.7461, 9.7034],
	[6.3787, 9.7248]
  ]
]

Predicted M:[
  [
	[1.5537, 6.4931],
	[6.0369, 8.7079],
	[2.1232, 7.4521],
	[9.0078, 4.9996],
	[4.6642, 3.1194],
	[9.3943, 8.3116],
	[5.4069, 8.7844]
  ]
]

MSE: 0.054694
=========================================================
          Learning params for data #8
=========================================================
Actual Params: [14 0.09268 0.02683 0.3334 5 0.7]
Predicted Params: [14 0.09268 0.02683 0.3334 5 0.692]
Actual M:[
  [
	[7.1217, 8.8047],
	[8.3548, 6.1959],
	[8.6426, 3.6607],
	[4.6388, 9.9604],
	[8.2461, 9.6935],
	[9.3047, 6.3959],
	[9.2035, 7.8609]
  ]
]

Predicted M:[
  [
	[2.213, 6.7192],
	[4.1092, 6.4482],
	[6.202, 2.0182],
	[2.0036, 1.3533],
	[9.8552, 1.7429],
	[1.2779, 2.4456],
	[9.8239, 2.0823]
  ]
]

MSE: 0.082082
=========================================================
          Learning params for data #9
=========================================================
Actual Params: [14 0.09798 0.01531 0.8346 11 0.7]
Predicted Params: [14 0.09798 0.01531 0.8346 11 0.4999]
Actual M:[
  [
	[6.1814, 6.4384],
	[2.955, 6.5245],
	[1.5303, 9.6554],
	[7.6248, 8.4137],
	[3.5806, 8.5477],
	[6.9838, 9.4863],
	[8.0292, 4.0917]
  ]
]

Predicted M:[
  [
	[4.6826, 5.8888],
	[2.5004, 3.0418],
	[2.8936, 2.7762],
	[4.6627, 7.0153],
	[2.4195, 6.3636],
	[8.7899, 1.6618],
	[7.1368, 4.7369]
  ]
]

MSE: 0.000301
=========================================================
          Learning params for data #10
=========================================================
Actual Params: [4 0.07678 0.0106 1.06 13 0.3]
Predicted Params: [4 0.07678 0.0106 1.06 13 0.4792]
Actual M:[
  [
	[2.4332, 2.7894],
	[9.1536, 1.9348],
	[4.0583, 7.4746],
	[1.5358, 9.6189],
	[6.5635, 3.1809],
	[9.8769, 2.9326],
	[6.6484, 9.2737]
  ]
]

Predicted M:[
  [
	[1.4463, 5.3559],
	[1.9164, 7.8831],
	[3.5458, 3.9762],
	[5.3509, 7.9907],
	[7.8452, 4.9241],
	[1.9038, 6.3338],
	[9.5707, 5.2335]
  ]
]

MSE: 0.005336
=========================================================
          Learning params for data #11
=========================================================
Actual Params: [10 0.03969 0.04422 0.3435 12 0.3]
Predicted Params: [10 0.03969 0.04422 0.3435 12 0.5043]
Actual M:[
  [
	[6.6696, 9.897],
	[7.8198, 1.3153],
	[7.0757, 5.3514],
	[7.8026, 7.4118],
	[9.4006, 3.0143],
	[8.4152, 3.3298],
	[6.6864, 9.444]
  ]
]

Predicted M:[
  [
	[12.9336, 6.197],
	[9.3497, 1.1017],
	[2.9639, 1.8368],
	[5.9383, 1.8323],
	[6.3433, 4.2265],
	[5.8514, 5.8582],
	[4.6176, 7.4335]
  ]
]

MSE: 0.000002
=========================================================
          Learning params for data #12
=========================================================
Actual Params: [11 0.01028 0.04718 0.7117 11 0.7]
Predicted Params: [11 0.01028 0.04718 0.7117 11 0.4986]
Actual M:[
  [
	[9.4865, 3.4334],
	[1.4923, 4.7865],
	[9.2403, 7.9594],
	[6.4152, 8.6678],
	[9.6163, 5.7209],
	[3.3612, 9.6351],
	[9.2049, 9.6154]
  ]
]

Predicted M:[
  [
	[2.9372, 6.2249],
	[8.559, 8.6365],
	[3.8006, 10.4381],
	[9.7477, 4.9788],
	[1.8025, 4.1885],
	[4.2351, 8.0675],
	[9.9153, 8.5478]
  ]
]

MSE: 0.044175
=========================================================
          Learning params for data #13
=========================================================
Actual Params: [13 0.00558 0.08372 0.681 11 0.5]
Predicted Params: [13 0.00558 0.08372 0.681 11 0.4845]
Actual M:[
  [
	[8.1267, 7.8191],
	[5.9622, 9.9699],
	[9.708, 8.335],
	[9.3349, 9.5001],
	[7.2942, 9.9719],
	[9.7403, 1.2148],
	[9.9279, 1.6471]
  ]
]

Predicted M:[
  [
	[6.3914, 2.2177],
	[9.0202, 8.2317],
	[2.6624, 6.2611],
	[5.888, 1.7649],
	[10.2817, 5.6391],
	[2.5946, 9.5505],
	[9.201, 7.9871]
  ]
]

MSE: 0.725285
=========================================================
          Learning params for data #14
=========================================================
Actual Params: [2 0.04581 0.06838 0.5299 10 0.3]
Predicted Params: [2 0.04581 0.06838 0.5299 10 0.4903]
Actual M:[
  [
	[2.5918, 6.3864],
	[5.3409, 7.1119],
	[6.1652, 7.2743],
	[1.5967, 9.2006],
	[9.0174, 2.6677],
	[5.2081, 8.7336],
	[9.7123, 6.521]
  ]
]

Predicted M:[
  [
	[1.1776, 7.8114],
	[8.1369, 3.688],
	[5.9627, 2.8863],
	[2.7307, 7.9484],
	[8.2986, 2.6157],
	[4.7252, 10.298],
	[6.4348, 9.4803]
  ]
]

MSE: 0.098778
=========================================================
          Learning params for data #15
=========================================================
Actual Params: [11 0.0573 0.06613 0.2461 5 0.3]
Predicted Params: [11 0.0573 0.06613 0.2461 5 0.5037]
Actual M:[
  [
	[1.7615, 4.9858],
	[1.7674, 8.958],
	[9.2877, 8.4573],
	[4.1108, 9.531],
	[5.6975, 9.7825],
	[9.5627, 6.3923],
	[5.8263, 9.9938]
  ]
]

Predicted M:[
  [
	[7.0462, 1.3035],
	[4.3825, 4.4271],
	[1.0539, 6.0232],
	[7.1718, 3.3978],
	[8.292, 1.6568],
	[7.3061, 1.8736],
	[8.1904, 3.0484]
  ]
]

MSE: 0.024516
=========================================================
          Learning params for data #16
=========================================================
Actual Params: [14 0.09521 0.004684 0.733 9 0.7]
Predicted Params: [14 0.09521 0.004684 0.733 9 0.4835]
Actual M:[
  [
	[7.0758, 5.0853],
	[9.1186, 3.7098],
	[1.8914, 8.1243],
	[8.1952, 9.1879],
	[6.0446, 9.8135],
	[8.3974, 4.4322],
	[9.9929, 6.6723]
  ]
]

Predicted M:[
  [
	[6.0365, 1.3165],
	[3.1623, 8.165],
	[1.9432, 4.868],
	[4.7467, 4.2828],
	[5.7979, 4.2735],
	[5.3919, 4.8459],
	[1.9067, 10.0824]
  ]
]

MSE: 0.061673
=========================================================
          Learning params for data #17
=========================================================
Actual Params: [11 0.02276 0.001354 1.038 7 0.7]
Predicted Params: [11 0.02276 0.001354 1.038 7 0.529]
Actual M:[
  [
	[7.346, 5.4834],
	[5.9174, 6.4583],
	[9.4361, 7.2771],
	[1.8248, 8.181],
	[8.5732, 8.2754],
	[4.8171, 9.4232],
	[6.1744, 9.9265]
  ]
]

Predicted M:[
  [
	[3.5721, 3.5903],
	[21.9048, 2.6848],
	[32.6163, 1.3375],
	[4.1524, 4.0135],
	[29.6005, 4.8371],
	[2.7421, 1.3219],
	[3.5714, 5.709]
  ]
]

MSE: 0.000401
=========================================================
          Learning params for data #18
=========================================================
Actual Params: [10 0.02557 0.03272 0.552 13 0.7]
Predicted Params: [10 0.02557 0.03272 0.552 13 0.4841]
Actual M:[
  [
	[7.2779, 3.8582],
	[2.4906, 6.652],
	[5.2258, 8.3934],
	[5.4462, 4.689],
	[7.5353, 8.484],
	[9.6622, 6.1472],
	[9.7916, 9.1723]
  ]
]

Predicted M:[
  [
	[7.3936, 1.307],
	[7.237, 5.174],
	[1.4002, 7.2319],
	[7.1756, 5.5794],
	[4.575, 1.3721],
	[1.5798, 4.2101],
	[5.5546, 11.814]
  ]
]

MSE: 0.010013
=========================================================
          Learning params for data #19
=========================================================
Actual Params: [9 0.03616 0.09655 0.2179 13 0.3]
Predicted Params: [9 0.03616 0.09655 0.2179 13 0.4842]
Actual M:[
  [
	[7.2795, 1.1162],
	[9.4526, 6.1722],
	[8.3399, 7.5033],
	[9.6716, 3.8085],
	[7.4856, 9.8554],
	[9.8111, 4.2976],
	[9.1981, 7.286]
  ]
]

Predicted M:[
  [
	[9.3931, 5.5322],
	[6.8284, 8.3731],
	[3.4982, 9.6435],
	[3.5563, 5.4664],
	[7.9041, 5.8886],
	[1.3083, 5.9627],
	[10.6322, 2.0325]
  ]
]

MSE: 1.250032
=========================================================
          Learning params for data #20
=========================================================
Actual Params: [14 0.04821 0.06736 0.7606 6 0.7]
Predicted Params: [14 0.04821 0.06736 0.7606 6 0.5095]
Actual M:[
  [
	[3.3835, 2.3984],
	[9.5452, 3.9865],
	[7.5935, 9.1944],
	[1.7365, 9.7441],
	[4.3607, 9.9191],
	[9.2178, 9.6633],
	[9.659, 6.7313]
  ]
]

Predicted M:[
  [
	[5.587, 2.2276],
	[7.2437, 8.0528],
	[2.2391, 5.0966],
	[8.8954, 5.8842],
	[8.9886, 1.4428],
	[8.4194, 8.1077],
	[9.5489, 6.019]
  ]
]

MSE: 0.000904
=========================================================
          Learning params for data #21
=========================================================
Actual Params: [7 0.01756 0.05726 0.6271 12 0.7]
Predicted Params: [7 0.01756 0.05726 0.6271 12 0.5048]
Actual M:[
  [
	[5.0715, 1.9369],
	[9.93, 4.3545],
	[9.1288, 5.01],
	[2.9174, 8.6802],
	[3.1428, 7.7344],
	[9.5994, 5.3972],
	[6.1784, 6.4163]
  ]
]

Predicted M:[
  [
	[4.9948, 1.8667],
	[7.1412, 9.258],
	[10.8138, 1.3896],
	[7.3756, 1.2199],
	[5.4544, 7.2327],
	[6.8354, 4.7884],
	[2.0197, 6.4842]
  ]
]

MSE: 0.406535
=========================================================
          Learning params for data #22
=========================================================
Actual Params: [7 0.09421 0.02245 0.6881 10 0.5]
Predicted Params: [7 0.09421 0.02245 0.6881 10 0.5183]
Actual M:[
  [
	[7.7056, 3.5645],
	[8.8962, 5.1148],
	[8.274, 6.9964],
	[1.684, 8.5607],
	[2.9053, 7.8616],
	[9.7855, 6.5645],
	[8.5107, 8.4228]
  ]
]

Predicted M:[
  [
	[3.781, 7.6472],
	[6.775, 5.5618],
	[2.8433, 7.567],
	[3.5481, 3.2892],
	[5.774, 4.2227],
	[7.2683, 8.2131],
	[11.3301, 3.3136]
  ]
]

MSE: 0.000589
=========================================================
          Learning params for data #23
=========================================================
Actual Params: [15 0.09168 0.08035 0.7381 13 0.5]
Predicted Params: [15 0.09168 0.08035 0.7381 13 0.4132]
Actual M:[
  [
	[6.4394, 4.7887],
	[3.6252, 6.0406],
	[6.836, 7.8081],
	[8.9564, 2.9364],
	[8.9695, 8.6289],
	[9.466, 9.9791],
	[9.6769, 2.5487]
  ]
]

Predicted M:[
  [
	[6.5238, 7.3194],
	[6.5522, 7.0522],
	[7.7651, 1.4907],
	[5.097, 7.0943],
	[1.3397, 6.2569],
	[4.9673, 9.574],
	[7.0406, 2.8759]
  ]
]

MSE: 0.000344
=========================================================
          Learning params for data #24
=========================================================
Actual Params: [8 0.09944 0.01657 0.5519 9 0.5]
Predicted Params: [8 0.09944 0.01657 0.5519 9 0.5454]
Actual M:[
  [
	[6.8629, 5.9912],
	[8.6061, 7.9501],
	[8.8443, 8.1994],
	[1.381, 8.8954],
	[3.2482, 9.5236],
	[9.9832, 6.3665],
	[3.9924, 8.7212]
  ]
]

Predicted M:[
  [
	[1.4167, 4.0937],
	[1.4901, 5.7876],
	[4.8655, 4.5452],
	[1.0625, 4.2995],
	[1.0543, 8.3293],
	[2.3809, 8.2647],
	[2.2223, 5.3372]
  ]
]

MSE: 0.013358
=========================================================
          Learning params for data #25
=========================================================
Actual Params: [15 0.06145 0.04393 0.2636 14 0.3]
Predicted Params: [15 0.06145 0.04393 0.2636 14 0.508]
Actual M:[
  [
	[7.5079, 6.4044],
	[9.3987, 6.386],
	[3.8668, 9.7191],
	[3.5788, 9.752],
	[7.1197, 6.6698],
	[5.0057, 7.3837],
	[8.1796, 6.9793]
  ]
]

Predicted M:[
  [
	[4.2652, 6.0847],
	[6.7159, 8.1909],
	[4.2573, 4.0331],
	[8.7626, 4.7376],
	[3.5568, 8.0882],
	[5.9958, 8.5392],
	[2.931, 4.0722]
  ]
]

MSE: 0.420992
=========================================================
          Learning params for data #26
=========================================================
Actual Params: [5 0.02763 0.09735 0.6474 7 0.7]
Predicted Params: [5 0.02763 0.09735 0.6474 7 0.5075]
Actual M:[
  [
	[8.2617, 8.2137],
	[9.0082, 1.7286],
	[4.8846, 9.8796],
	[8.2116, 9.1359],
	[8.7794, 4.7894],
	[7.8923, 9.8488],
	[9.0321, 1.9294]
  ]
]

Predicted M:[
  [
	[4.697, 3.4107],
	[5.6885, 3.9591],
	[8.636, 4.0927],
	[9.5317, 1.141],
	[7.0469, 4.6995],
	[7.2605, 7.2077],
	[1.0453, 7.2651]
  ]
]

MSE: 0.008991
=========================================================
          Learning params for data #27
=========================================================
Actual Params: [9 0.05548 0.01914 0.5159 8 0.3]
Predicted Params: [9 0.05548 0.01914 0.5159 8 0.5165]
Actual M:[
  [
	[4.9516, 4.7701],
	[9.7191, 4.8854],
	[8.5333, 9.2107],
	[9.9963, 1.3132],
	[9.6917, 9.7472],
	[3.2754, 9.8253],
	[7.0832, 9.8855]
  ]
]

Predicted M:[
  [
	[5.7839, 1.5886],
	[3.8009, 3.9704],
	[7.2716, 1.3074],
	[4.6431, 7.4653],
	[11.2614, 7.0921],
	[6.4814, 1.427],
	[5.3387, 4.3713]
  ]
]

MSE: 0.086358
=========================================================
          Learning params for data #28
=========================================================
Actual Params: [14 0.008807 0.1003 0.9942 10 0.7]
Predicted Params: [14 0.008807 0.1003 0.9942 10 0.5044]
Actual M:[
  [
	[6.3624, 4.7834],
	[5.3326, 8.3826],
	[8.7533, 3.1064],
	[5.7224, 8.4334],
	[7.7911, 8.9825],
	[9.9243, 4.7561],
	[8.6309, 7.7962]
  ]
]

Predicted M:[
  [
	[9.4261, 1.6938],
	[2.3031, 9.2168],
	[4.6693, 8.6471],
	[5.179, 2.6372],
	[8.0387, 7.4105],
	[5.4019, 6.4289],
	[8.8605, 6.206]
  ]
]

MSE: 0.645823
=========================================================
          Learning params for data #29
=========================================================
Actual Params: [11 0.09525 0.01116 0.1339 12 0.5]
Predicted Params: [11 0.09525 0.01116 0.1339 12 0.4898]
Actual M:[
  [
	[4.8445, 1.6538],
	[2.2872, 5.5059],
	[8.8449, 6.566],
	[3.3074, 9.1376],
	[6.3627, 8.9299],
	[6.6026, 7.074],
	[9.9788, 5.9479]
  ]
]

Predicted M:[
  [
	[8.9473, 3.3119],
	[9.4681, 2.1278],
	[5.3337, 2.151],
	[6.179, 3.0927],
	[3.8003, 7.9818],
	[5.6521, 6.753],
	[2.9801, 5.7734]
  ]
]

MSE: 0.501699
=========================================================
          Learning params for data #30
=========================================================
Actual Params: [13 0.02844 0.08305 0.6406 10 0.5]
Predicted Params: [13 0.02844 0.08305 0.6406 10 0.4826]
Actual M:[
  [
	[4.9992, 4.2144],
	[8.4933, 4.7592],
	[6.26, 9.5704],
	[8.5111, 2.2708],
	[9.9238, 8.7405],
	[8.2785, 8.9769],
	[8.4415, 9.7328]
  ]
]

Predicted M:[
  [
	[4.091, 3.9067],
	[3.8251, 2.1777],
	[8.3811, 3.7625],
	[6.9291, 4.1596],
	[15.1436, 1.9599],
	[3.2503, 6.6051],
	[9.9582, 6.4412]
  ]
]

MSE: 0.005633
=========================================================
          Learning params for data #31
=========================================================
Actual Params: [8 0.06051 0.04321 0.9129 5 0.7]
Predicted Params: [8 0.06051 0.04321 0.9129 5 0.4919]
Actual M:[
  [
	[3.6995, 3.1453],
	[8.0848, 7.6655],
	[6.9517, 8.4247],
	[5.4674, 9.7774],
	[2.9795, 9.9862],
	[9.4587, 4.9214],
	[8.1463, 6.7622]
  ]
]

Predicted M:[
  [
	[6.8809, 5.4597],
	[5.8518, 6.4949],
	[8.3217, 2.2151],
	[8.3957, 3.0507],
	[7.226, 5.5234],
	[2.5966, 1.8032],
	[1.2569, 6.9139]
  ]
]

MSE: 0.381714
=========================================================
          Learning params for data #32
=========================================================
Actual Params: [2 0.06817 0.06424 1.088 5 0.7]
Predicted Params: [2 0.06817 0.06424 1.088 5 0.562]
Actual M:[
  [
	[1.4704, 4.7254],
	[7.4178, 2.2857],
	[9.5247, 2.1585],
	[7.2195, 6.7343],
	[9.4141, 6.7134],
	[9.5387, 9.8133],
	[9.6364, 6.4308]
  ]
]

Predicted M:[
  [
	[6.9967, 6.9403],
	[5.2667, 8.3982],
	[3.5094, 3.9622],
	[5.3843, 9.7907],
	[6.1368, 3.7958],
	[11.406, 7.0466],
	[6.7346, 10.3564]
  ]
]

MSE: 0.043646
=========================================================
          Learning params for data #33
=========================================================
Actual Params: [15 0.0565 0.07152 0.611 8 0.7]
Predicted Params: [15 0.0565 0.07152 0.611 8 0.4967]
Actual M:[
  [
	[5.8659, 9.5255],
	[8.6484, 3.9099],
	[8.5928, 4.7203],
	[7.2178, 5.5154],
	[8.1667, 9.0356],
	[4.4395, 9.532],
	[8.7217, 9.4473]
  ]
]

Predicted M:[
  [
	[7.7724, 8.034],
	[1.6932, 8.6648],
	[3.7619, 3.9986],
	[7.8893, 4.9755],
	[9.0843, 6.2376],
	[6.1563, 5.4003],
	[9.1191, 8.5581]
  ]
]

MSE: 0.001095
=========================================================
          Learning params for data #34
=========================================================
Actual Params: [9 0.04467 0.03756 0.5957 11 0.5]
Predicted Params: [9 0.04467 0.03756 0.5957 11 0.4894]
Actual M:[
  [
	[3.812, 9.3178],
	[5.1086, 7.8655],
	[6.6097, 1.2002],
	[4.9641, 9.5285],
	[8.9264, 2.0507],
	[5.7488, 8.6343],
	[8.4502, 8.0968]
  ]
]

Predicted M:[
  [
	[1.9155, 1.8508],
	[1.5532, 9.1022],
	[1.0908, 9.1524],
	[2.5612, 5.2314],
	[2.4208, 5.7077],
	[7.6172, 7.051],
	[8.7024, 7.0518]
  ]
]

MSE: 0.044560
=========================================================
          Learning params for data #35
=========================================================
Actual Params: [10 0.0778 0.07224 0.6405 8 0.7]
Predicted Params: [10 0.0778 0.07224 0.6405 8 0.528]
Actual M:[
  [
	[2.3142, 8.2104],
	[7.0627, 1.3387],
	[6.5594, 7.171],
	[7.9044, 3.5296],
	[7.9679, 4.8665],
	[7.3293, 5.7744],
	[9.8698, 5.5969]
  ]
]

Predicted M:[
  [
	[6.0181, 7.2226],
	[5.1891, 8.634],
	[2.638, 5.1797],
	[4.334, 3.8951],
	[5.3738, 8.6621],
	[6.6364, 8.4252],
	[21.0787, 5.1015]
  ]
]

MSE: 0.002973
=========================================================
          Learning params for data #36
=========================================================
Actual Params: [12 0.09929 0.001425 0.9583 10 0.3]
Predicted Params: [12 0.09929 0.001425 0.9583 10 0.4174]
Actual M:[
  [
	[7.0182, 9.742],
	[7.7006, 7.0071],
	[8.1727, 8.3026],
	[8.8499, 8.6137],
	[7.9777, 9.9899],
	[9.2396, 5.6627],
	[9.4407, 4.5438]
  ]
]

Predicted M:[
  [
	[1.641, 12.9312],
	[5.1862, 6.2713],
	[4.7955, 5.2484],
	[7.1622, 5.5582],
	[3.4421, 13.1273],
	[7.0954, 2.9347],
	[5.8223, 2.7919]
  ]
]

MSE: 0.000618
=========================================================
          Learning params for data #37
=========================================================
Actual Params: [10 0.08421 0.0314 0.3706 7 0.7]
Predicted Params: [10 0.08421 0.0314 0.3706 7 0.4924]
Actual M:[
  [
	[8.037, 6.547],
	[3.4511, 8.5496],
	[2.9552, 9.7267],
	[9.5572, 5.4546],
	[9.7481, 4.8056],
	[6.1639, 9.4673],
	[9.6701, 7.9961]
  ]
]

Predicted M:[
  [
	[6.175, 3.9432],
	[1.6623, 7.8099],
	[3.1529, 8.1185],
	[6.1791, 4.8643],
	[4.8201, 5.7503],
	[3.3259, 1.3357],
	[3.9765, 10.2926]
  ]
]

MSE: 0.041819
=========================================================
          Learning params for data #38
=========================================================
Actual Params: [9 0.02933 0.06389 1.016 12 0.3]
Predicted Params: [9 0.02933 0.06389 1.016 12 0.4989]
Actual M:[
  [
	[1.9349, 8.7854],
	[3.7998, 7.4662],
	[4.5652, 8.569],
	[6.221, 6.2819],
	[9.7838, 9.3262],
	[6.9565, 9.7606],
	[7.0925, 9.5977]
  ]
]

Predicted M:[
  [
	[7.8349, 4.8449],
	[5.1189, 7.5558],
	[5.9477, 4.4487],
	[8.5462, 4.951],
	[11.3522, 5.8996],
	[7.5355, 1.8058],
	[4.5051, 7.958]
  ]
]

MSE: 0.008435
=========================================================
          Learning params for data #39
=========================================================
Actual Params: [13 0.03246 0.0441 0.2898 8 0.7]
Predicted Params: [13 0.03246 0.0441 0.2898 8 0.4944]
Actual M:[
  [
	[1.6237, 9.2367],
	[5.0696, 2.6172],
	[7.68, 8.3474],
	[3.6224, 9.8947],
	[9.5361, 6.8175],
	[3.9296, 9.8782],
	[8.8539, 8.5802]
  ]
]

Predicted M:[
  [
	[2.8301, 4.0035],
	[4.4025, 2.4947],
	[8.732, 2.0809],
	[2.9616, 2.917],
	[8.4885, 6.8985],
	[3.2989, 4.0364],
	[4.5188, 5.3822]
  ]
]

MSE: 0.215673
=========================================================
          Learning params for data #40
=========================================================
Actual Params: [6 0.06493 0.07432 0.2991 8 0.7]
Predicted Params: [6 0.06493 0.07432 0.2991 8 0.4792]
Actual M:[
  [
	[9.1619, 7.4839],
	[2.21, 9.5028],
	[3.4919, 8.9991],
	[2.4725, 9.9379],
	[5.1616, 9.3736],
	[9.8121, 1.7282],
	[9.3923, 3.305]
  ]
]

Predicted M:[
  [
	[3.3173, 10.905],
	[7.9632, 6.6423],
	[1.277, 5.2254],
	[1.8132, 1.8556],
	[1.0301, 7.169],
	[3.0812, 3.189],
	[8.0804, 6.2562]
  ]
]

MSE: 0.302740
=========================================================
          Learning params for data #41
=========================================================
Actual Params: [9 0.07776 0.08397 0.154 11 0.5]
Predicted Params: [9 0.07776 0.08397 0.154 11 0.4993]
Actual M:[
  [
	[6.762, 5.7099],
	[6.2168, 9.9366],
	[7.4759, 3.2298],
	[8.7234, 6.7565],
	[9.7655, 1.9233],
	[8.2147, 8.1387],
	[9.0781, 2.5042]
  ]
]

Predicted M:[
  [
	[7.9905, 7.2567],
	[1.448, 4.3682],
	[3.0492, 2.465],
	[1.8081, 10.2694],
	[4.8854, 2.964],
	[8.7406, 8.1471],
	[7.8587, 8.9185]
  ]
]

MSE: 0.637069
=========================================================
          Learning params for data #42
=========================================================
Actual Params: [12 0.05991 0.01296 0.4551 14 0.3]
Predicted Params: [12 0.05991 0.01296 0.4551 14 0.5047]
Actual M:[
  [
	[1.7153, 6.2184],
	[4.635, 3.9317],
	[6.4118, 8.2925],
	[1.2303, 9.5884],
	[8.4723, 3.6514],
	[8.4121, 8.6239],
	[8.8902, 1.8172]
  ]
]

Predicted M:[
  [
	[2.3917, 8.724],
	[8.2017, 3.7777],
	[3.8709, 3.8848],
	[6.6884, 7.2017],
	[6.9066, 6.7402],
	[5.0562, 2.3022],
	[4.3207, 1.9536]
  ]
]

MSE: 0.681824
=========================================================
          Learning params for data #43
=========================================================
Actual Params: [12 0.02384 0.08461 0.7719 13 0.7]
Predicted Params: [12 0.02384 0.08461 0.7719 13 0.5402]
Actual M:[
  [
	[3.7464, 9.7592],
	[5.976, 3.2462],
	[9.4677, 5.5842],
	[9.2743, 9.5055],
	[9.8241, 4.6663],
	[9.5081, 7.4442],
	[9.9515, 4.4498]
  ]
]

Predicted M:[
  [
	[4.8775, 6.9591],
	[7.401, 5.6443],
	[3.0649, 7.6891],
	[12.6061, 1.827],
	[4.8284, 6.925],
	[1.9544, 9.9005],
	[4.7687, 7.0083]
  ]
]

MSE: 0.000835
=========================================================
          Learning params for data #44
=========================================================
Actual Params: [4 0.0931 0.08943 0.7118 9 0.7]
Predicted Params: [4 0.0931 0.08943 0.7118 9 0.4916]
Actual M:[
  [
	[7.77, 5.4646],
	[7.2231, 8.1471],
	[9.6986, 5.8738],
	[5.4694, 8.5525],
	[8.0851, 6.4214],
	[6.4549, 8.8254],
	[9.8533, 9.4871]
  ]
]

Predicted M:[
  [
	[3.6693, 5.0105],
	[5.7994, 1.4643],
	[6.6995, 6.2819],
	[3.6432, 1.5504],
	[1.9818, 6.4433],
	[3.7422, 1.1773],
	[6.2881, 9.379]
  ]
]

MSE: 0.000050
=========================================================
          Learning params for data #45
=========================================================
Actual Params: [13 0.03178 0.08184 1.069 6 0.5]
Predicted Params: [13 0.03178 0.08184 1.069 6 0.4766]
Actual M:[
  [
	[2.0646, 3.5615],
	[3.992, 4.8405],
	[3.5253, 8.1686],
	[9.3009, 1.7367],
	[1.4109, 9.9802],
	[4.0407, 4.3455],
	[4.7119, 8.1897]
  ]
]

Predicted M:[
  [
	[2.1413, 6.1662],
	[6.4417, 5.4665],
	[1.9822, 1.9411],
	[8.1519, 7.8473],
	[7.1889, 8.3858],
	[1.8805, 7.5517],
	[6.6809, 7.6961]
  ]
]

MSE: 0.001846
=========================================================
          Learning params for data #46
=========================================================
Actual Params: [15 0.06552 0.07319 0.2152 14 0.5]
Predicted Params: [15 0.06552 0.07319 0.2152 14 0.4853]
Actual M:[
  [
	[8.7656, 8.1312],
	[9.2817, 1.0305],
	[9.5698, 6.7826],
	[6.9531, 9.2279],
	[4.481, 9.8332],
	[9.844, 5.0633],
	[6.366, 9.2514]
  ]
]

Predicted M:[
  [
	[4.3736, 4.2194],
	[9.5622, 3.0517],
	[3.6969, 9.5495],
	[1.3088, 3.3633],
	[2.0434, 10.064],
	[1.0128, 5.2529],
	[8.8313, 4.7725]
  ]
]

MSE: 0.403382
=========================================================
          Learning params for data #47
=========================================================
Actual Params: [1 0.04606 0.05703 0.184 13 0.5]
Predicted Params: [1 0.04606 0.05703 0.184 13 0.4857]
Actual M:[
  [
	[7.4607, 3.9394],
	[7.9644, 6.7349],
	[8.78, 5.4182],
	[9.2775, 4.7186],
	[4.7755, 8.2747],
	[8.35, 7.8241],
	[6.9874, 9.6531]
  ]
]

Predicted M:[
  [
	[6.1496, 7.2235],
	[3.0023, 4.745],
	[8.9351, 2.9916],
	[5.2652, 9.5645],
	[5.9112, 8.0048],
	[1.3212, 11.3654],
	[4.7693, 2.405]
  ]
]

MSE: 1.096787
=========================================================
          Learning params for data #48
=========================================================
Actual Params: [7 0.09463 0.07457 1.006 14 0.7]
Predicted Params: [7 0.09463 0.07457 1.006 14 0.5012]
Actual M:[
  [
	[5.4755, 3.0316],
	[6.1536, 8.4096],
	[9.7452, 1.7649],
	[6.62, 6.3689],
	[2.3237, 9.5896],
	[8.2995, 5.9612],
	[6.2851, 9.2907]
  ]
]

Predicted M:[
  [
	[9.93, 3.5449],
	[5.0661, 2.2903],
	[6.986, 1.6185],
	[5.9378, 7.7543],
	[9.6246, 4.2304],
	[6.9578, 3.9993],
	[2.2088, 9.7856]
  ]
]

MSE: 0.541748
=========================================================
          Learning params for data #49
=========================================================
Actual Params: [14 0.0194 0.08044 0.5369 9 0.5]
Predicted Params: [14 0.0194 0.08044 0.5369 9 0.4946]
Actual M:[
  [
	[5.4184, 3.1609],
	[2.1143, 4.5906],
	[3.665, 8.2897],
	[5.4438, 8.4507],
	[7.8322, 5.1242],
	[9.7488, 3.0796],
	[8.0587, 9.5324]
  ]
]

Predicted M:[
  [
	[5.2407, 5.0792],
	[7.0657, 7.2129],
	[8.3232, 3.8967],
	[6.1501, 5.876],
	[7.0269, 6.5445],
	[3.2955, 9.084],
	[10.3614, 6.7753]
  ]
]

MSE: 0.000025
=========================================================
          Learning params for data #50
=========================================================
Actual Params: [3 0.06843 0.08593 1.035 13 0.5]
Predicted Params: [3 0.06843 0.08593 1.035 13 0.4701]
Actual M:[
  [
	[9.7138, 2.1185],
	[5.8658, 5.8989],
	[8.4842, 3.6228],
	[8.3593, 9.9277],
	[9.3835, 4.9459],
	[9.7025, 7.1702],
	[8.4297, 7.2125]
  ]
]

Predicted M:[
  [
	[3.7535, 2.4382],
	[8.3947, 4.8324],
	[8.3894, 2.2927],
	[7.8365, 19.6948],
	[1.1013, 4.7764],
	[1.483, 3.9321],
	[3.7503, 7.3803]
  ]
]

MSE: 0.009606


MSE list: [0.02185 0.0002848 0.03663 1.027 0.3316 0.03415 0.05469 0.08208 0.0003009 0.005336 2.28e-06 0.04418 0.7253 0.09878 0.02452 0.06167 0.0004014 0.01001 1.25 0.000904 0.4065 0.000589 0.0003443 0.01336 0.421 0.008991 0.08636 0.6458 0.5017 0.005633 0.3817 0.04365 0.001095 0.04456 0.002973 0.0006185 0.04182 0.008435 0.2157 0.3027 0.6371 0.6818 0.0008354 5.006e-05 0.001846 0.4034 1.097 0.5417 2.51e-05 0.009606]
MSE mean: 0.206326
MSE std: 0.319186
Time elapsed: 724.787937
