set_nopts10_ncomb10_nproblem50_no3
Ns: 5000
=========================================================
          Learning params for data #1
=========================================================
Actual Params: [4 0.08195 0.09757 0.5911 9 0.5]
Predicted Params: [4 0.08195 0.09757 0.5911 9 0.5718]
Actual M:[
  [
	[4.0963, 6.0505],
	[6.3312, 7.8014],
	[9.2459, 5.7974],
	[9.4372, 5.1602],
	[8.2396, 8.3569],
	[7.6789, 8.9839],
	[6.8965, 9.7848],
	[9.9344, 6.4258],
	[3.0187, 9.9426],
	[9.4245, 8.5727]
  ]
]

Predicted M:[
  [
	[10.0837, 9.4529],
	[3.5581, 3.9895],
	[6.0097, 4.4135],
	[4.1941, 3.6682],
	[3.848, 4.1418],
	[1.5087, 7.0663],
	[3.5009, 5.5669],
	[1.1587, 1.6828],
	[5.4925, 1.286],
	[16.9896, 1.5067]
  ]
]

MSE: 0.330195
=========================================================
          Learning params for data #2
=========================================================
Actual Params: [4 0.05478 0.08021 1.05 11 0.5]
Predicted Params: [4 0.05478 0.08021 1.05 11 0.5193]
Actual M:[
  [
	[6.7343, 7.3729],
	[2.6747, 9.921],
	[7.2796, 9.179],
	[9.7137, 1.9879],
	[8.2864, 6.7822],
	[8.9934, 3.4577],
	[9.5112, 6.1099],
	[9.1446, 9.0532],
	[9.9542, 3.9488],
	[4.6362, 9.5128]
  ]
]

Predicted M:[
  [
	[4.5265, 6.7586],
	[6.5084, 4.7679],
	[11.4596, 1.6326],
	[5.0384, 5.9692],
	[4.771, 16.311],
	[4.3344, 7.1211],
	[7.1551, 6.3995],
	[11.9605, 6.3049],
	[12.7421, 1.8201],
	[9.7213, 8.4683]
  ]
]

MSE: 0.075632
=========================================================
          Learning params for data #3
=========================================================
Actual Params: [15 0.0128 0.04945 0.2845 9 0.5]
Predicted Params: [15 0.0128 0.04945 0.2845 9 0.4674]
Actual M:[
  [
	[1.5905, 9.9711],
	[9.1674, 5.9067],
	[2.7067, 9.7858],
	[9.7023, 8.9863],
	[7.9506, 9.1919],
	[7.6784, 9.8689],
	[9.7368, 5.276],
	[9.8167, 5.7118],
	[9.7405, 9.2085],
	[9.7953, 9.8438]
  ]
]

Predicted M:[
  [
	[2.5599, 5.1024],
	[8.6698, 4.0448],
	[1.1946, 8.1458],
	[2.4674, 6.07],
	[5.5067, 7.6179],
	[8.2138, 1.5931],
	[1.0437, 3.5831],
	[7.8005, 6.5373],
	[4.6021, 1.7641],
	[2.9, 2.1399]
  ]
]

MSE: 1.428655
=========================================================
          Learning params for data #4
=========================================================
Actual Params: [4 0.08485 0.0734 0.9041 6 0.3]
Predicted Params: [4 0.08485 0.0734 0.9041 6 0.3881]
Actual M:[
  [
	[4.4171, 2.1198],
	[3.9967, 9.1763],
	[4.9413, 2.07],
	[5.054, 3.7894],
	[5.8497, 4.8439],
	[6.7614, 7.0438],
	[8.6361, 9.6086],
	[6.4161, 9.8713],
	[9.9594, 1.5728],
	[4.9195, 9.8884]
  ]
]

Predicted M:[
  [
	[1.2703, 5.7168],
	[6.5299, 7.6104],
	[6.4262, 4.9905],
	[8.348, 4.6453],
	[6.0847, 3.5446],
	[3.5422, 8.7371],
	[1.7006, 19.7716],
	[2.3912, 73.8417],
	[2.8841, 2.0852],
	[20.5923, 6.0334]
  ]
]

MSE: 0.055792
=========================================================
          Learning params for data #5
=========================================================
Actual Params: [15 0.09257 0.08147 0.9089 9 0.7]
Predicted Params: [15 0.09257 0.08147 0.9089 9 0.5373]
Actual M:[
  [
	[9.2732, 8.2313],
	[1.4689, 8.4913],
	[6.8122, 8.61],
	[8.9142, 8.3466],
	[9.6175, 9.2304],
	[9.6242, 8.2824],
	[9.9857, 7.3787],
	[7.8112, 9.3246],
	[6.6639, 9.655],
	[8.0321, 9.4591]
  ]
]

Predicted M:[
  [
	[14.7287, 6.1741],
	[5.0096, 6.2138],
	[3.155, 4.7148],
	[6.6919, 9.2833],
	[7.7134, 5.1424],
	[2.251, 1.9782],
	[8.7717, 1.2647],
	[2.7875, 4.6399],
	[3.6027, 8.7827],
	[5.1618, 2.8106]
  ]
]

MSE: 0.349358
=========================================================
          Learning params for data #6
=========================================================
Actual Params: [3 0.04228 0.06997 0.949 12 0.5]
Predicted Params: [3 0.04228 0.06997 0.949 12 0.4601]
Actual M:[
  [
	[9.135, 9.2024],
	[4.4474, 9.9568],
	[9.2727, 7.5301],
	[7.6485, 9.2977],
	[9.4641, 7.8764],
	[9.587, 3.2726],
	[9.6183, 3.1238],
	[9.7511, 8.0505],
	[9.1835, 9.211],
	[7.517, 9.7021]
  ]
]

Predicted M:[
  [
	[2.1912, 14.3733],
	[3.2948, 7.785],
	[10.4577, 2.0128],
	[4.6587, 5.6785],
	[1.605, 3.9369],
	[4.0632, 1.4003],
	[8.1389, 1.1058],
	[3.4133, 6.8419],
	[16.2259, 5.6241],
	[2.291, 1.8556]
  ]
]

MSE: 0.225135
=========================================================
          Learning params for data #7
=========================================================
Actual Params: [11 0.04548 0.06449 0.2299 9 0.3]
Predicted Params: [11 0.04548 0.06449 0.2299 9 0.5]
Actual M:[
  [
	[4.3751, 3.8939],
	[2.9486, 7.1338],
	[5.8548, 2.1148],
	[5.8871, 5.3111],
	[9.9278, 2.3446],
	[9.4817, 3.0213],
	[7.291, 4.3545],
	[4.2291, 5.7589],
	[4.0295, 9.2397],
	[7.3097, 9.5105]
  ]
]

Predicted M:[
  [
	[5.1839, 4.7097],
	[9.9466, 6.5867],
	[6.6095, 3.3749],
	[10.5033, 4.4356],
	[2.7957, 8.8549],
	[7.4751, 7.7525],
	[2.7029, 3.2759],
	[3.4265, 1.4143],
	[10.0423, 8.6424],
	[4.9876, 14.1689]
  ]
]

MSE: 0.077808
=========================================================
          Learning params for data #8
=========================================================
Actual Params: [1 0.06343 0.07812 0.5417 13 0.7]
Predicted Params: [1 0.06343 0.07812 0.5417 13 0.4407]
Actual M:[
  [
	[3.3176, 1.1029],
	[7.2687, 4.7944],
	[4.9076, 8.7273],
	[9.1444, 5.1049],
	[8.7741, 5.9251],
	[6.0114, 7.6371],
	[3.6791, 9.4685],
	[8.4845, 9.9231],
	[9.5217, 1.5707],
	[9.6966, 1.0798]
  ]
]

Predicted M:[
  [
	[4.4585, 1.435],
	[2.868, 11.4254],
	[4.2933, 7.3296],
	[7.1442, 8.6732],
	[10.5616, 7.4834],
	[1.1325, 2.3502],
	[9.4017, 2.3778],
	[4.0811, 8.0923],
	[9.1166, 6.6728],
	[2.5126, 4.0175]
  ]
]

MSE: 0.663329
=========================================================
          Learning params for data #9
=========================================================
Actual Params: [9 0.02901 0.09529 0.8832 8 0.5]
Predicted Params: [9 0.02901 0.09529 0.8832 8 0.5085]
Actual M:[
  [
	[1.5671, 5.9664],
	[6.9218, 2.9782],
	[4.148, 3.8713],
	[5.9933, 9.1074],
	[6.1957, 6.2379],
	[9.5351, 5.5835],
	[8.2916, 9.6688],
	[9.3472, 8.7486],
	[1.7624, 9.9309],
	[5.6519, 9.8808]
  ]
]

Predicted M:[
  [
	[3.4798, 1.3359],
	[2.6885, 4.0779],
	[1.8917, 4.9013],
	[12.4118, 4.3571],
	[1.8191, 1.4725],
	[6.235, 8.9079],
	[24.6204, 1.2267],
	[14.1335, 8.275],
	[10.5325, 4.6274],
	[1.3816, 7.225]
  ]
]

MSE: 0.014556
=========================================================
          Learning params for data #10
=========================================================
Actual Params: [5 0.06379 0.05126 0.1662 10 0.3]
Predicted Params: [5 0.06379 0.05126 0.1662 10 0.4967]
Actual M:[
  [
	[2.433, 2.9369],
	[3.6207, 2.3537],
	[6.4431, 3.7971],
	[9.2466, 7.9069],
	[2.1211, 8.5023],
	[8.6308, 9.4279],
	[9.655, 7.6183],
	[3.7184, 9.5209],
	[9.7846, 7.6528],
	[5.3947, 9.8145]
  ]
]

Predicted M:[
  [
	[8.7276, 8.9678],
	[6.8926, 6.4473],
	[9.8324, 3.1986],
	[5.892, 9.0629],
	[5.4989, 4.6514],
	[3.1743, 3.1749],
	[5.4483, 9.3917],
	[2.2333, 3.0157],
	[7.3607, 7.9064],
	[2.665, 3.5137]
  ]
]

MSE: 1.182155
=========================================================
          Learning params for data #11
=========================================================
Actual Params: [11 0.00889 0.05007 0.5267 12 0.3]
Predicted Params: [11 0.00889 0.05007 0.5267 12 0.4924]
Actual M:[
  [
	[5.3504, 7.56],
	[2.8981, 9.2287],
	[9.9565, 6.2901],
	[2.0585, 9.9205],
	[4.9199, 8.2468],
	[9.4596, 6.6704],
	[7.2906, 9.0198],
	[8.5428, 9.0861],
	[3.3942, 9.9731],
	[6.0585, 9.9145]
  ]
]

Predicted M:[
  [
	[5.5956, 3.9276],
	[6.4245, 4.3207],
	[3.0306, 9.9291],
	[1.5488, 3.5524],
	[2.1822, 8.4092],
	[10.2248, 3.5155],
	[9.4851, 6.8189],
	[1.2482, 1.571],
	[10.2251, 3.3263],
	[1.3083, 13.2382]
  ]
]

MSE: 0.599231
=========================================================
          Learning params for data #12
=========================================================
Actual Params: [6 0.07566 0.0489 0.7122 13 0.7]
Predicted Params: [6 0.07566 0.0489 0.7122 13 0.5024]
Actual M:[
  [
	[1.9976, 4.3537],
	[8.8751, 2.3499],
	[3.9547, 4.8242],
	[6.2151, 3.9795],
	[1.3139, 5.4021],
	[6.1636, 4.6709],
	[5.8229, 5.7324],
	[9.7859, 7.7464],
	[7.4552, 9.7029],
	[5.5413, 9.9626]
  ]
]

Predicted M:[
  [
	[5.9504, 4.5977],
	[5.9103, 6.5688],
	[6.5143, 3.9139],
	[3.3004, 2.4151],
	[6.8382, 3.5662],
	[8.0864, 3.6569],
	[5.7264, 5.8285],
	[8.1054, 8.897],
	[9.6041, 6.2106],
	[13.7997, 4.5013]
  ]
]

MSE: 0.169351
=========================================================
          Learning params for data #13
=========================================================
Actual Params: [6 0.07823 0.04219 0.5308 12 0.3]
Predicted Params: [6 0.07823 0.04219 0.5308 12 0.501]
Actual M:[
  [
	[9.7773, 3.0348],
	[8.0872, 5.683],
	[9.9936, 4.2434],
	[2.3016, 9.984],
	[9.2913, 6.6934],
	[7.1377, 8.9318],
	[9.0355, 9.9556],
	[9.2171, 8.8484],
	[9.4125, 7.2323],
	[9.2636, 9.038]
  ]
]

Predicted M:[
  [
	[1.1083, 5.7295],
	[4.8846, 2.5215],
	[7.7172, 6.5358],
	[3.2863, 6.8765],
	[2.9187, 1.3382],
	[3.5886, 1.404],
	[4.8935, 25.2372],
	[6.7156, 3.4967],
	[6.0371, 1.8857],
	[5.3385, 7.9274]
  ]
]

MSE: 0.153014
=========================================================
          Learning params for data #14
=========================================================
Actual Params: [8 0.08635 0.07883 0.5578 14 0.7]
Predicted Params: [8 0.08635 0.07883 0.5578 14 0.5125]
Actual M:[
  [
	[1.94, 2.9452],
	[4.7831, 2.2752],
	[7.8666, 8.5852],
	[4.1985, 8.9253],
	[8.5336, 4.8519],
	[8.99, 9.1218],
	[9.4735, 9.7943],
	[9.9938, 7.2746],
	[9.9149, 9.7494],
	[9.5515, 9.8822]
  ]
]

Predicted M:[
  [
	[6.8836, 5.9901],
	[1.6481, 7.3419],
	[8.7239, 4.6333],
	[2.6424, 7.6235],
	[3.365, 10.5465],
	[5.1499, 7.0369],
	[7.7542, 1.1239],
	[10.0212, 4.5393],
	[17.4346, 2.0466],
	[3.8839, 7.7506]
  ]
]

MSE: 0.623810
=========================================================
          Learning params for data #15
=========================================================
Actual Params: [9 0.03675 0.08249 0.7601 11 0.3]
Predicted Params: [9 0.03675 0.08249 0.7601 11 0.4986]
Actual M:[
  [
	[1.1569, 8.4168],
	[6.1237, 7.8803],
	[6.2765, 2.1063],
	[9.2535, 4.9022],
	[9.6339, 2.2835],
	[9.3638, 6.8707],
	[3.5657, 9.8037],
	[4.647, 9.3446],
	[7.8016, 9.1252],
	[9.6075, 8.7756]
  ]
]

Predicted M:[
  [
	[5.7552, 2.9818],
	[1.0507, 2.2264],
	[2.3669, 5.588],
	[9.7096, 9.3392],
	[9.3102, 4.5083],
	[3.1559, 5.8806],
	[1.1413, 8.1677],
	[5.1794, 5.9039],
	[4.9542, 5.208],
	[6.8358, 5.6681]
  ]
]

MSE: 0.545965
=========================================================
          Learning params for data #16
=========================================================
Actual Params: [1 0.01996 0.06604 0.2037 7 0.7]
Predicted Params: [1 0.01996 0.06604 0.2037 7 0.5181]
Actual M:[
  [
	[4.8253, 6.0379],
	[6.3306, 7.159],
	[8.6085, 9.1161],
	[9.1125, 6.519],
	[2.4263, 9.4276],
	[9.8707, 5.087],
	[2.7673, 9.2116],
	[3.1697, 9.8925],
	[4.0153, 9.783],
	[8.1859, 9.6695]
  ]
]

Predicted M:[
  [
	[4.2491, 6.5398],
	[10.2788, 2.1166],
	[9.4582, 5.9766],
	[6.3547, 1.8071],
	[2.6794, 7.8214],
	[7.2956, 8.2248],
	[6.0956, 5.7622],
	[2.4901, 2.9091],
	[8.6092, 1.4174],
	[5.3015, 9.5435]
  ]
]

MSE: 0.154704
=========================================================
          Learning params for data #17
=========================================================
Actual Params: [11 0.02069 0.05158 0.734 8 0.5]
Predicted Params: [11 0.02069 0.05158 0.734 8 0.456]
Actual M:[
  [
	[6.6601, 7.1867],
	[3.454, 9.0753],
	[4.1707, 8.8862],
	[8.731, 7.3584],
	[9.9313, 4.1016],
	[5.2284, 9.1148],
	[8.4186, 8.7029],
	[8.1368, 8.776],
	[8.4738, 8.8585],
	[9.6344, 5.6767]
  ]
]

Predicted M:[
  [
	[5.3056, 4.0857],
	[4.4484, 8.5171],
	[1.8054, 3.3304],
	[9.5212, 1.7641],
	[6.8646, 4.9257],
	[1.5531, 7.2497],
	[2.5536, 3.6784],
	[9.8785, 6.2155],
	[1.8772, 20.5549],
	[1.8489, 8.3168]
  ]
]

MSE: 0.122300
=========================================================
          Learning params for data #18
=========================================================
Actual Params: [8 0.05927 0.06886 0.1801 5 0.3]
Predicted Params: [8 0.05927 0.06886 0.1801 5 0.4772]
Actual M:[
  [
	[7.3166, 7.5407],
	[8.4856, 2.7111],
	[5.8209, 7.9664],
	[9.1702, 7.2299],
	[8.8299, 9.4288],
	[4.2006, 9.4313],
	[6.4765, 9.6412],
	[9.85, 1.0292],
	[6.6157, 9.958],
	[9.9539, 5.654]
  ]
]

Predicted M:[
  [
	[1.6269, 9.64],
	[5.9651, 4.3085],
	[2.5662, 4.0952],
	[5.1322, 2.9872],
	[7.436, 2.3965],
	[4.4501, 12.0987],
	[6.652, 11.1464],
	[3.2314, 4.526],
	[7.3553, 15.3521],
	[9.9918, 5.8664]
  ]
]

MSE: 0.389629
=========================================================
          Learning params for data #19
=========================================================
Actual Params: [8 0.02721 0.0318 0.2836 7 0.3]
Predicted Params: [8 0.02721 0.0318 0.2836 7 0.6296]
Actual M:[
  [
	[6.0767, 1.1728],
	[7.8382, 4.2939],
	[4.4303, 6.7131],
	[9.5064, 9.4377],
	[9.6244, 5.3946],
	[5.4768, 9.7654],
	[9.9797, 8.2151],
	[4.2183, 9.7674],
	[9.3417, 9.9044],
	[9.9381, 9.3301]
  ]
]

Predicted M:[
  [
	[3.2258, 1.8971],
	[3.521, 2.4964],
	[7.4904, 8.3636],
	[2.703, 4.5707],
	[2.8194, 2.9071],
	[3.62, 2.3008],
	[32.9142, 2.4914],
	[4.5328, 4.0507],
	[38.7248, 1.8178],
	[7.9694, 3.9156]
  ]
]

MSE: 0.548867
=========================================================
          Learning params for data #20
=========================================================
Actual Params: [9 0.09981 0.04111 0.3856 11 0.3]
Predicted Params: [9 0.09981 0.04111 0.3856 11 0.425]
Actual M:[
  [
	[7.8042, 8.4463],
	[4.6965, 8.9039],
	[9.7966, 2.7727],
	[8.141, 5.8051],
	[9.0206, 8.0465],
	[9.8298, 1.8382],
	[9.111, 7.0718],
	[1.8086, 9.5873],
	[1.961, 8.9583],
	[5.65, 9.7018]
  ]
]

Predicted M:[
  [
	[12.3264, 4.9496],
	[3.2214, 6.3504],
	[6.2488, 6.4093],
	[2.7169, 3.8779],
	[6.4595, 10.4591],
	[9.383, 2.3985],
	[2.5086, 15.0887],
	[3.9789, 8.6642],
	[3.3588, 4.8358],
	[8.7666, 1.5742]
  ]
]

MSE: 0.412560
=========================================================
          Learning params for data #21
=========================================================
Actual Params: [4 0.07155 0.09089 0.4767 10 0.5]
Predicted Params: [4 0.07155 0.09089 0.4767 10 0.5282]
Actual M:[
  [
	[8.3575, 5.2458],
	[2.0119, 8.3778],
	[4.6709, 9.5839],
	[7.8, 8.2432],
	[9.2228, 6.2245],
	[8.3986, 6.432],
	[9.6401, 5.6774],
	[5.8743, 9.152],
	[9.7726, 4.8813],
	[9.7478, 9.3844]
  ]
]

Predicted M:[
  [
	[2.4212, 0.40631],
	[1.8144, 1.3529],
	[3.2545, 9.1503],
	[1.5974, 2.746],
	[9.68, 9.2529],
	[4.0638, 1.1234],
	[1.3827, 30.7505],
	[10.4395, 2.8446],
	[1.5702, 15.8332],
	[11.3284, 16.7108]
  ]
]

MSE: 0.251452
=========================================================
          Learning params for data #22
=========================================================
Actual Params: [5 0.03971 0.04737 0.3478 9 0.3]
Predicted Params: [5 0.03971 0.04737 0.3478 9 0.5126]
Actual M:[
  [
	[8.0422, 3.8482],
	[9.3391, 4.3346],
	[1.8766, 6.0292],
	[9.2321, 7.4829],
	[9.8291, 2.3392],
	[3.5056, 9.5654],
	[4.6323, 8.1067],
	[5.8589, 7.7241],
	[8.7712, 8.3577],
	[6.5515, 8.7919]
  ]
]

Predicted M:[
  [
	[2.6954, 2.8459],
	[10.5762, 2.5754],
	[5.6266, 6.1397],
	[9.9874, 3.8589],
	[6.6172, 2.094],
	[4.8295, 3.1598],
	[4.4418, 1.5405],
	[3.8728, 5.401],
	[19.3201, 1.9388],
	[10.2051, 3.6087]
  ]
]

MSE: 0.142320
=========================================================
          Learning params for data #23
=========================================================
Actual Params: [2 0.01625 0.09798 0.4466 14 0.3]
Predicted Params: [2 0.01625 0.09798 0.4466 14 0.5042]
Actual M:[
  [
	[7.2107, 7.6033],
	[2.6591, 9.6341],
	[9.7709, 3.7391],
	[7.9216, 3.9315],
	[3.5333, 7.6121],
	[7.8227, 6.0147],
	[2.9361, 8.5804],
	[8.9718, 6.6327],
	[7.8423, 7.0705],
	[8.0623, 8.411]
  ]
]

Predicted M:[
  [
	[10.0312, 8.5265],
	[6.5791, 6.5837],
	[5.2715, 1.7763],
	[6.6343, 2.2656],
	[3.835, 8.0587],
	[4.8048, 5.2199],
	[2.4392, 8.72],
	[2.9997, 3.2498],
	[8.448, 4.4668],
	[2.7016, 4.7339]
  ]
]

MSE: 1.394102
=========================================================
          Learning params for data #24
=========================================================
Actual Params: [12 0.01007 0.03969 0.6562 11 0.5]
Predicted Params: [12 0.01007 0.03969 0.6562 11 0.6385]
Actual M:[
  [
	[9.9859, 5.8965],
	[2.4476, 6.1098],
	[2.2579, 8.3098],
	[5.3274, 9.0262],
	[9.9082, 8.64],
	[9.8899, 9.9335],
	[9.748, 9.9537],
	[9.9642, 8.0922],
	[7.8854, 9.9961],
	[8.8627, 9.9612]
  ]
]

Predicted M:[
  [
	[3.5125, 8.6527],
	[1.4863, 3.5491],
	[5.33, 4.988],
	[5.0273, 3.2364],
	[4.5584, 4.0415],
	[46.2463, 8.0762],
	[20.5872, 6.2325],
	[4.711, 3.7964],
	[4.9897, 1.5949],
	[9.1921, 5.1127]
  ]
]

MSE: 0.009884
=========================================================
          Learning params for data #25
=========================================================
Actual Params: [11 0.07053 0.05567 0.8945 8 0.3]
Predicted Params: [11 0.07053 0.05567 0.8945 8 0.5272]
Actual M:[
  [
	[6.0245, 9.1539],
	[6.8328, 8.9953],
	[7.0369, 3.3334],
	[9.6932, 6.0546],
	[9.8772, 6.0519],
	[7.8361, 7.9373],
	[6.4058, 9.4293],
	[8.9918, 6.4765],
	[9.5709, 7.1505],
	[9.912, 2.1567]
  ]
]

Predicted M:[
  [
	[4.7465, 2.9597],
	[11.2882, 5.6844],
	[3.8968, 5.6094],
	[3.0815, 1.6723],
	[5.7978, 8.3943],
	[4.8823, 9.1528],
	[8.8066, 4.5196],
	[6.3934, 4.3465],
	[1.079, 2.8685],
	[3.9735, 6.9314]
  ]
]

MSE: 0.248956
=========================================================
          Learning params for data #26
=========================================================
Actual Params: [12 0.03329 0.08987 0.2178 5 0.3]
Predicted Params: [12 0.03329 0.08987 0.2178 5 0.5962]
Actual M:[
  [
	[7.3958, 2.0445],
	[6.4219, 2.4466],
	[8.4909, 1.5136],
	[3.6918, 6.9593],
	[8.3532, 4.2965],
	[8.1155, 4.7522],
	[7.2618, 6.4293],
	[7.1294, 9.3714],
	[8.3117, 8.9722],
	[9.9499, 5.3569]
  ]
]

Predicted M:[
  [
	[4.1284, 4.4048],
	[6.078, 2.6135],
	[7.6441, 2.0833],
	[3.6392, 5.1205],
	[1.7435, 4.6862],
	[4.9901, 5.7783],
	[2.6847, 2.6541],
	[9.96, 7.4039],
	[11.3281, 4.2957],
	[6.9203, 5.6465]
  ]
]

MSE: 0.001056
=========================================================
          Learning params for data #27
=========================================================
Actual Params: [2 0.03638 0.0592 0.4961 6 0.5]
Predicted Params: [2 0.03638 0.0592 0.4961 6 0.4604]
Actual M:[
  [
	[3.7955, 4.874],
	[1.8386, 5.8302],
	[2.8051, 6.3737],
	[7.5036, 9.0481],
	[7.7779, 7.9897],
	[9.9263, 7.1087],
	[9.5646, 7.8251],
	[7.8274, 8.3125],
	[3.76, 9.063],
	[8.7458, 8.9689]
  ]
]

Predicted M:[
  [
	[5.4595, 3.9844],
	[1.717, 4.2582],
	[6.0788, 3.6608],
	[6.2107, 2.0723],
	[8.678, 2.3016],
	[3.0197, 11.0563],
	[1.1193, 18.3228],
	[30.7877, 6.8534],
	[6.8201, 2.552],
	[16.8859, 17.2623]
  ]
]

MSE: 0.015259
=========================================================
          Learning params for data #28
=========================================================
Actual Params: [9 0.02256 0.09485 1.021 7 0.5]
Predicted Params: [9 0.02256 0.09485 1.021 7 0.5267]
Actual M:[
  [
	[3.6724, 5.2064],
	[3.064, 6.0327],
	[8.2109, 3.1075],
	[5.6888, 9.7504],
	[9.6952, 4.6888],
	[9.3769, 9.904],
	[9.599, 7.4018],
	[9.8933, 8.848],
	[9.5352, 9.5761],
	[9.9, 1.9071]
  ]
]

Predicted M:[
  [
	[11.1785, 16.4682],
	[1.7885, 4.8341],
	[2.3575, 2.744],
	[2.3144, 4.2702],
	[2.2569, 8.7266],
	[1.4273, 44.076],
	[2.01, 6.1505],
	[9.6575, 23.52],
	[27.771, 10.7724],
	[3.5962, 2.8093]
  ]
]

MSE: 0.017865
=========================================================
          Learning params for data #29
=========================================================
Actual Params: [15 0.01829 0.008297 0.3743 12 0.3]
Predicted Params: [15 0.01829 0.008297 0.3743 12 0.4895]
Actual M:[
  [
	[3.7129, 1.776],
	[1.8483, 3.4697],
	[2.4631, 5.2377],
	[9.4005, 6.2314],
	[6.5366, 9.472],
	[9.6121, 6.0368],
	[7.6716, 7.3249],
	[8.5628, 7.7319],
	[9.4768, 8.154],
	[7.006, 8.2369]
  ]
]

Predicted M:[
  [
	[7.8712, 4.7216],
	[5.637, 6.0285],
	[5.0425, 6.2741],
	[5.9659, 2.3367],
	[12.1992, 7.238],
	[4.9156, 2.4933],
	[8.8235, 4.6999],
	[3.0938, 9.4388],
	[9.1366, 8.9921],
	[7.3696, 6.8619]
  ]
]

MSE: 0.022165
=========================================================
          Learning params for data #30
=========================================================
Actual Params: [11 0.04923 0.05968 0.405 9 0.3]
Predicted Params: [11 0.04923 0.05968 0.405 9 0.4379]
Actual M:[
  [
	[1.8666, 6.7942],
	[9.1003, 9.4607],
	[3.6451, 9.8739],
	[9.2354, 1.9252],
	[4.7077, 9.5771],
	[9.7522, 2.3921],
	[8.1492, 9.6228],
	[9.276, 2.4652],
	[9.546, 7.8364],
	[7.9867, 9.9566]
  ]
]

Predicted M:[
  [
	[3.0062, 7.6712],
	[3.0478, 2.3697],
	[3.3196, 4.0931],
	[8.4949, 2.4051],
	[4.8778, 9.0531],
	[2.7074, 3.9083],
	[2.8445, 4.6779],
	[8.6654, 3.0518],
	[1.9013, 1.8835],
	[11.1045, 1.7346]
  ]
]

MSE: 0.677589
=========================================================
          Learning params for data #31
=========================================================
Actual Params: [1 0.08087 0.02209 0.4879 10 0.5]
Predicted Params: [1 0.08087 0.02209 0.4879 10 0.4989]
Actual M:[
  [
	[8.1674, 2.9668],
	[7.6426, 7.8111],
	[8.1915, 1.6763],
	[2.6248, 7.8282],
	[9.8245, 5.3197],
	[4.1233, 8.9583],
	[4.1851, 8.203],
	[6.0661, 8.7539],
	[9.559, 5.6078],
	[8.6886, 8.0264]
  ]
]

Predicted M:[
  [
	[6.9005, 6.1813],
	[5.5401, 1.8945],
	[4.6858, 3.8986],
	[3.2753, 4.0355],
	[1.8104, 2.921],
	[3.1414, 9.0631],
	[4.6502, 8.6366],
	[7.7014, 5.8462],
	[7.0853, 7.2455],
	[3.2104, 4.7398]
  ]
]

MSE: 1.165232
=========================================================
          Learning params for data #32
=========================================================
Actual Params: [13 0.03966 0.02573 0.4502 9 0.7]
Predicted Params: [13 0.03966 0.02573 0.4502 9 0.5016]
Actual M:[
  [
	[9.4949, 4.2335],
	[4.9546, 6.8119],
	[1.4067, 8.1771],
	[7.0108, 6.1349],
	[5.0969, 9.9036],
	[9.7338, 5.5446],
	[6.1188, 9.7708],
	[9.9615, 2.2639],
	[9.1591, 8.9588],
	[6.2474, 9.1212]
  ]
]

Predicted M:[
  [
	[9.1615, 5.7712],
	[9.5051, 5.3649],
	[2.6601, 9.1079],
	[5.5073, 9.8921],
	[3.8938, 5.0168],
	[6.2683, 4.4913],
	[6.1511, 4.4482],
	[7.8684, 7.6592],
	[2.7438, 4.155],
	[10.1285, 4.7592]
  ]
]

MSE: 1.118442
=========================================================
          Learning params for data #33
=========================================================
Actual Params: [4 0.08853 0.07652 0.19 7 0.5]
Predicted Params: [4 0.08853 0.07652 0.19 7 0.6018]
Actual M:[
  [
	[1.2365, 5.6187],
	[2.3763, 5.6607],
	[3.7143, 5.9262],
	[7.0327, 2.1875],
	[9.8816, 8.3231],
	[4.6599, 8.5617],
	[4.272, 8.8033],
	[7.5273, 9.8221],
	[3.2172, 9.9438],
	[9.9376, 7.1323]
  ]
]

Predicted M:[
  [
	[4.6967, 5.7711],
	[2.8447, 6.5748],
	[3.7654, 5.5096],
	[8.1708, 10.2924],
	[15.105, 6.9081],
	[2.0122, 8.8275],
	[2.3658, 6.3289],
	[15.3621, 1.9591],
	[2.8603, 5.728],
	[9.4798, 6.121]
  ]
]

MSE: 0.278040
=========================================================
          Learning params for data #34
=========================================================
Actual Params: [5 0.06566 0.09749 1.069 9 0.7]
Predicted Params: [5 0.06566 0.09749 1.069 9 0.4847]
Actual M:[
  [
	[7.9078, 9.3818],
	[8.7457, 9.5412],
	[9.604, 7.1704],
	[9.0749, 7.9615],
	[6.2425, 9.9715],
	[8.7581, 8.4436],
	[9.785, 8.9174],
	[9.007, 9.9671],
	[9.3422, 9.1196],
	[9.9357, 2.7672]
  ]
]

Predicted M:[
  [
	[6.8361, 7.8001],
	[1.4419, 11.6619],
	[4.4898, 9.3155],
	[7.9702, 6.6456],
	[7.3453, 5.2931],
	[3.3002, 3.9495],
	[2.319, 3.1596],
	[5.1165, 10.2631],
	[1.7727, 2.4005],
	[8.93, 2.9238]
  ]
]

MSE: 0.322944
=========================================================
          Learning params for data #35
=========================================================
Actual Params: [10 0.004528 0.01061 0.3459 5 0.7]
Predicted Params: [10 0.004528 0.01061 0.3459 5 0.4255]
Actual M:[
  [
	[3.4407, 7.2595],
	[9.9072, 3.1708],
	[3.5808, 3.3319],
	[7.9947, 7.3824],
	[1.7899, 9.7757],
	[8.3081, 6.7144],
	[5.237, 7.8314],
	[9.9632, 7.7956],
	[4.2631, 8.7779],
	[8.6662, 9.4654]
  ]
]

Predicted M:[
  [
	[8.4502, 4.7173],
	[1.1649, 3.8247],
	[5.5685, 7.1415],
	[4.202, 10.1546],
	[9.6135, 2.1206],
	[3.7173, 3.2639],
	[7.8899, 5.2301],
	[2.1458, 17.2652],
	[7.618, 5.4962],
	[3.3908, 4.1409]
  ]
]

MSE: 0.960472
=========================================================
          Learning params for data #36
=========================================================
Actual Params: [3 0.04735 0.09213 1.069 5 0.5]
Predicted Params: [3 0.04735 0.09213 1.069 5 0.4601]
Actual M:[
  [
	[8.7788, 2.7523],
	[9.4485, 3.7374],
	[8.8353, 4.1348],
	[6.1779, 9.7246],
	[6.225, 9.2614],
	[7.4205, 9.2333],
	[8.6466, 8.1113],
	[8.5012, 9.327],
	[9.2646, 6.1545],
	[8.7839, 7.593]
  ]
]

Predicted M:[
  [
	[2.8043, 5.0344],
	[4.6396, 2.2071],
	[3.349, 2.2996],
	[4.6167, 7.277],
	[4.9038, 6.5854],
	[6.4559, 5.594],
	[1.484, 9.2631],
	[30.1339, 1.4552],
	[1.019, 1.7798],
	[2.3213, 8.4228]
  ]
]

MSE: 0.054634
=========================================================
          Learning params for data #37
=========================================================
Actual Params: [10 0.006159 0.04653 0.9119 10 0.7]
Predicted Params: [10 0.006159 0.04653 0.9119 10 0.5445]
Actual M:[
  [
	[3.8779, 7.1111],
	[9.5309, 1.2494],
	[1.9675, 9.5531],
	[8.2858, 1.9051],
	[6.3817, 9.8151],
	[7.3839, 4.7344],
	[7.7716, 9.0939],
	[9.1368, 8.7406],
	[9.4707, 3.1633],
	[6.4524, 9.3374]
  ]
]

Predicted M:[
  [
	[2.2432, 1.1186],
	[3.1528, 6.7601],
	[2.7863, 1.5013],
	[2.3873, 1.1493],
	[2.0587, 1.9691],
	[4.6236, 3.8088],
	[6.5451, 3.7086],
	[13.9465, 1.4326],
	[5.3885, 4.9964],
	[1.821, 1.7315]
  ]
]

MSE: 0.012651
=========================================================
          Learning params for data #38
=========================================================
Actual Params: [15 0.0695 0.04161 0.4382 12 0.7]
Predicted Params: [15 0.0695 0.04161 0.4382 12 0.4875]
Actual M:[
  [
	[8.0338, 4.972],
	[3.7933, 9.1603],
	[6.1926, 9.431],
	[8.7087, 5.1559],
	[6.9697, 6.6525],
	[9.7585, 3.3388],
	[9.069, 8.4414],
	[9.6804, 7.4217],
	[5.5627, 9.8307],
	[7.8959, 9.6561]
  ]
]

Predicted M:[
  [
	[3.0254, 1.2222],
	[1.521, 7.2565],
	[3.0004, 6.5516],
	[2.6372, 4.4027],
	[2.5048, 3.9426],
	[5.817, 5.4753],
	[12.0469, 4.5488],
	[6.2729, 20.7308],
	[6.0056, 4.8377],
	[2.373, 7.5732]
  ]
]

MSE: 0.019632
=========================================================
          Learning params for data #39
=========================================================
Actual Params: [7 0.06561 0.01189 0.2443 5 0.3]
Predicted Params: [7 0.06561 0.01189 0.2443 5 0.4891]
Actual M:[
  [
	[5.8463, 8.4801],
	[7.6385, 1.3087],
	[8.5333, 6.375],
	[9.8384, 2.6333],
	[7.628, 8.2591],
	[8.7764, 4.5621],
	[9.3144, 6.2806],
	[8.3089, 7.0485],
	[7.6187, 8.4695],
	[9.791, 6.6422]
  ]
]

Predicted M:[
  [
	[9.3913, 6.7757],
	[9.8072, 5.9225],
	[9.0104, 10.2166],
	[2.5826, 3.4651],
	[5.1161, 1.0238],
	[5.0329, 3.5231],
	[2.2174, 3.7422],
	[1.5406, 7.6519],
	[6.4236, 4.537],
	[5.5306, 10.7706]
  ]
]

MSE: 0.952026
=========================================================
          Learning params for data #40
=========================================================
Actual Params: [14 0.01717 0.04824 0.2885 8 0.5]
Predicted Params: [14 0.01717 0.04824 0.2885 8 0.517]
Actual M:[
  [
	[1.6817, 1.9645],
	[2.7776, 2.7546],
	[5.3813, 2.908],
	[6.3684, 2.0253],
	[2.238, 6.9219],
	[8.1383, 3.4385],
	[5.7113, 5.6428],
	[3.5525, 7.9796],
	[7.6222, 4.9796],
	[8.4299, 4.0669]
  ]
]

Predicted M:[
  [
	[4.4924, 4.0314],
	[3.582, 4.7085],
	[3.8782, 9.097],
	[2.6231, 2.1221],
	[3.2515, 7.4204],
	[12.8494, 3.2474],
	[1.7255, 9.0586],
	[6.5946, 2.9048],
	[21.0172, 5.266],
	[2.023, 6.8971]
  ]
]

MSE: 0.071186
=========================================================
          Learning params for data #41
=========================================================
Actual Params: [9 0.01635 0.09692 0.1904 11 0.7]
Predicted Params: [9 0.01635 0.09692 0.1904 11 0.483]
Actual M:[
  [
	[9.5138, 4.3998],
	[7.3186, 4.954],
	[3.159, 9.2832],
	[7.732, 8.4423],
	[9.743, 9.3534],
	[5.1366, 9.4688],
	[6.4681, 9.9472],
	[8.1639, 9.6586],
	[6.1723, 9.9893],
	[9.9885, 9.1937]
  ]
]

Predicted M:[
  [
	[10.9099, 5.2788],
	[6.1031, 3.7555],
	[2.0843, 2.6135],
	[6.0325, 7.3143],
	[12.3129, 10.726],
	[8.5052, 4.5625],
	[1.667, 2.5589],
	[2.7726, 4.3909],
	[3.7875, 9.1574],
	[6.6876, 12.6345]
  ]
]

MSE: 0.371128
=========================================================
          Learning params for data #42
=========================================================
Actual Params: [11 0.009645 0.008235 0.7186 13 0.3]
Predicted Params: [11 0.009645 0.008235 0.7186 13 0.5215]
Actual M:[
  [
	[7.6253, 7.0696],
	[1.102, 8.7532],
	[5.7509, 9.8743],
	[5.7559, 8.3422],
	[6.9817, 9.7235],
	[8.5913, 5.2004],
	[7.6894, 8.9498],
	[9.7372, 7.1591],
	[8.4011, 8.1911],
	[8.8694, 9.6206]
  ]
]

Predicted M:[
  [
	[6.8213, 7.265],
	[1.7023, 1.4961],
	[1.0182, 4.914],
	[8.8083, 5.597],
	[6.473, 2.4809],
	[5.1785, 10.6584],
	[21.4314, 2.183],
	[2.9095, 2.2683],
	[5.7628, 11.3044],
	[23.0109, 2.676]
  ]
]

MSE: 0.432373
=========================================================
          Learning params for data #43
=========================================================
Actual Params: [14 0.03498 0.007118 0.5074 7 0.7]
Predicted Params: [14 0.03498 0.007118 0.5074 7 0.5645]
Actual M:[
  [
	[2.3125, 2.4871],
	[1.3062, 3.5797],
	[2.7745, 1.2141],
	[6.0202, 4.4576],
	[5.5608, 8.0293],
	[9.6814, 2.6101],
	[9.3735, 4.3771],
	[7.4628, 6.6459],
	[3.442, 8.1378],
	[3.6709, 9.9354]
  ]
]

Predicted M:[
  [
	[10.6074, 2.7576],
	[1.5716, 7.5637],
	[2.5044, 6.5101],
	[12.6675, 4.5576],
	[4.4001, 17.5855],
	[51.675, 1.5793],
	[3.5131, 9.2419],
	[4.1561, 7.9345],
	[2.758, 5.7218],
	[1.3993, 1.0307]
  ]
]

MSE: 0.329028
=========================================================
          Learning params for data #44
=========================================================
Actual Params: [3 0.0131 0.09752 0.9042 5 0.7]
Predicted Params: [3 0.0131 0.09752 0.9042 5 0.5688]
Actual M:[
  [
	[6.19, 5.1944],
	[8.2763, 4.4272],
	[9.4078, 3.0393],
	[7.1871, 8.6046],
	[5.5726, 9.6534],
	[9.9887, 6.0084],
	[6.038, 9.1877],
	[6.9657, 9.4005],
	[8.6458, 8.3718],
	[7.6295, 8.9729]
  ]
]

Predicted M:[
  [
	[5.0674, 1.2045],
	[2.8639, 4.3506],
	[6.9897, 6.4801],
	[2.8583, 5.6529],
	[2.429, 4.348],
	[11.4741, 4.4917],
	[7.1891, 4.0982],
	[1.7458, 1.6133],
	[12.4327, 15.0957],
	[11.779, 1.0318]
  ]
]

MSE: 0.071434
=========================================================
          Learning params for data #45
=========================================================
Actual Params: [14 0.07235 0.0362 0.2092 12 0.7]
Predicted Params: [14 0.07235 0.0362 0.2092 12 0.4867]
Actual M:[
  [
	[9.12, 9.7823],
	[9.3134, 5.3624],
	[9.9568, 4.766],
	[1.6055, 9.9134],
	[9.7776, 9.197],
	[4.3722, 9.7986],
	[8.5023, 9.9465],
	[9.8655, 9.8818],
	[9.9221, 4.7754],
	[4.8373, 9.9759]
  ]
]

Predicted M:[
  [
	[5.7177, 3.2612],
	[3.266, 6.5416],
	[13.977, 1.2273],
	[3.1479, 1.037],
	[1.1374, 15.3698],
	[2.2189, 5.0356],
	[1.5257, 2.6186],
	[7.857, 16.4256],
	[13.1438, 2.095],
	[4.1104, 4.6849]
  ]
]

MSE: 0.359811
=========================================================
          Learning params for data #46
=========================================================
Actual Params: [10 0.003718 0.03384 0.7774 7 0.3]
Predicted Params: [10 0.003718 0.03384 0.7774 7 0.4688]
Actual M:[
  [
	[6.2826, 1.4265],
	[4.1109, 3.2157],
	[8.378, 5.7119],
	[3.879, 6.9258],
	[9.7481, 1.9402],
	[9.4586, 4.3427],
	[9.8872, 2.7592],
	[7.9862, 6.3568],
	[9.9743, 1.6402],
	[9.8288, 5.3083]
  ]
]

Predicted M:[
  [
	[8.0376, 1.4855],
	[3.5498, 5.7414],
	[7.6917, 3.1441],
	[1.2642, 1.782],
	[8.4295, 3.546],
	[5.3169, 2.1638],
	[4.3286, 5.2695],
	[2.7738, 17.2798],
	[5.0503, 4.9104],
	[11.4459, 4.4832]
  ]
]

MSE: 0.147278
=========================================================
          Learning params for data #47
=========================================================
Actual Params: [4 0.07803 0.05208 0.4648 7 0.3]
Predicted Params: [4 0.07803 0.05208 0.4648 7 0.4958]
Actual M:[
  [
	[2.0036, 7.6154],
	[8.9299, 7.5096],
	[7.5687, 8.8551],
	[9.4044, 1.943],
	[9.4789, 7.2783],
	[5.6173, 9.1018],
	[7.1892, 9.1426],
	[9.9375, 1.7575],
	[6.3695, 9.3483],
	[8.2274, 9.3718]
  ]
]

Predicted M:[
  [
	[1.1493, 1.0577],
	[2.2523, 6.5625],
	[13.4514, 1.811],
	[4.5863, 6.8293],
	[5.956, 3.8102],
	[3.1843, 5.6594],
	[4.8224, 11.9403],
	[1.2049, 1.0127],
	[12.3486, 5.9212],
	[6.6382, 1.0624]
  ]
]

MSE: 0.176356
=========================================================
          Learning params for data #48
=========================================================
Actual Params: [9 0.0478 0.05251 0.7871 8 0.3]
Predicted Params: [9 0.0478 0.05251 0.7871 8 0.7118]
Actual M:[
  [
	[3.9455, 7.4176],
	[4.3502, 9.6324],
	[5.2361, 4.797],
	[6.619, 2.5097],
	[8.7788, 7.4668],
	[5.5628, 7.6693],
	[6.6742, 8.6065],
	[5.9871, 9.1863],
	[8.9834, 8.1748],
	[5.9604, 9.3597]
  ]
]

Predicted M:[
  [
	[4.2637, 1.6426],
	[3.8475, 12.687],
	[2.5095, 3.4428],
	[4.211, 2.7011],
	[5.4422, 8.8529],
	[3.9917, 1.8423],
	[3.6832, 22.1097],
	[8.3143, 1.9326],
	[5.0523, 14.207],
	[21.0126, 4.247]
  ]
]

MSE: 0.061142
=========================================================
          Learning params for data #49
=========================================================
Actual Params: [1 0.007093 0.06237 0.6022 12 0.7]
Predicted Params: [1 0.007093 0.06237 0.6022 12 0.4939]
Actual M:[
  [
	[4.8412, 7.1304],
	[5.7561, 8.6335],
	[6.9883, 4.6518],
	[8.4978, 6.7379],
	[7.5789, 9.1331],
	[9.2967, 5.5911],
	[5.6458, 9.7795],
	[8.917, 6.3315],
	[1.1813, 9.7929],
	[3.8177, 9.9951]
  ]
]

Predicted M:[
  [
	[2.3188, 1.4365],
	[4.3439, 4.2824],
	[8.1258, 3.4225],
	[5.01, 1.5343],
	[6.4829, 6.3632],
	[2.0679, 1.2372],
	[3.2784, 10.7165],
	[5.2174, 9.5407],
	[3.0785, 8.587],
	[4.0901, 1.7429]
  ]
]

MSE: 0.462339
=========================================================
          Learning params for data #50
=========================================================
Actual Params: [12 0.06419 0.06451 0.9424 13 0.7]
Predicted Params: [12 0.06419 0.06451 0.9424 13 0.4649]
Actual M:[
  [
	[8.7487, 3.0512],
	[9.6685, 5.4553],
	[6.2246, 9.3401],
	[9.935, 7.4936],
	[1.7044, 9.6761],
	[7.6182, 7.7805],
	[8.7567, 7.9672],
	[9.504, 7.5195],
	[7.7323, 9.764],
	[9.4692, 8.8223]
  ]
]

Predicted M:[
  [
	[3.1145, 4.5472],
	[2.208, 3.8748],
	[5.926, 1.5768],
	[13.3442, 6.6705],
	[3.4139, 1.3007],
	[6.2249, 2.8985],
	[1.5627, 3.8558],
	[9.8673, 1.2549],
	[4.7651, 7.2318],
	[8.6284, 7.5046]
  ]
]

MSE: 0.007296


MSE list: [0.3302 0.07563 1.429 0.05579 0.3494 0.2251 0.07781 0.6633 0.01456 1.182 0.5992 0.1694 0.153 0.6238 0.546 0.1547 0.1223 0.3896 0.5489 0.4126 0.2515 0.1423 1.394 0.009884 0.249 0.001056 0.01526 0.01786 0.02216 0.6776 1.165 1.118 0.278 0.3229 0.9605 0.05463 0.01265 0.01963 0.952 0.07119 0.3711 0.4324 0.329 0.07143 0.3598 0.1473 0.1764 0.06114 0.4623 0.007296]
MSE mean: 0.365523
MSE std: 0.385197
Time elapsed: 3138.639834
