set_nopts10_ncomb5_nproblem50_no3
Ns: 5000
=========================================================
          Learning params for data #1
=========================================================
Actual Params: [1 0.06185 0.04461 0.5393 11 0.5]
Predicted Params: [1 0.06185 0.04461 0.5393 11 0.5159]
Actual M:[
  [
	[8.1006, 5.1878],
	[9.8452, 4.6087],
	[6.6538, 6.7299],
	[1.8013, 8.0224],
	[9.8748, 2.4735],
	[2.4893, 9.7489],
	[8.2565, 8.3979],
	[8.6768, 6.2666],
	[8.384, 6.4951],
	[5.8478, 9.9464]
  ]
]

Predicted M:[
  [
	[5.2175, 5.2931],
	[9.3569, 7.2285],
	[5.7152, 7.3558],
	[2.9085, 9.5741],
	[5.7976, 7.3376],
	[1.2929, 7.0377],
	[8.8615, 3.7915],
	[8.7487, 3.2182],
	[7.9397, 2.4283],
	[1.0367, 2.5027]
  ]
]

MSE: 0.533968
=========================================================
          Learning params for data #2
=========================================================
Actual Params: [8 0.03173 0.06484 1.078 13 0.5]
Predicted Params: [8 0.03173 0.06484 1.078 13 0.5014]
Actual M:[
  [
	[7.9384, 5.7086],
	[9.705, 3.898],
	[4.8651, 5.7654],
	[3.4145, 9.6546],
	[3.68, 6.0098],
	[6.8137, 8.6347],
	[8.5349, 7.7816],
	[6.267, 9.4669],
	[9.8031, 6.7264],
	[9.621, 8.4838]
  ]
]

Predicted M:[
  [
	[6.0296, 7.4389],
	[8.1127, 2.3958],
	[6.4071, 4.0215],
	[1.6152, 8.4805],
	[5.2385, 5.1866],
	[8.981, 6.2131],
	[3.0182, 2.4844],
	[2.4047, 2.0521],
	[7.6831, 3.3704],
	[7.3866, 2.5804]
  ]
]

MSE: 0.499018
=========================================================
          Learning params for data #3
=========================================================
Actual Params: [7 0.09182 0.1004 0.8978 9 0.5]
Predicted Params: [7 0.09182 0.1004 0.8978 9 0.4611]
Actual M:[
  [
	[4.7401, 9.0355],
	[9.2964, 6.8198],
	[5.3286, 7.4378],
	[6.6334, 8.9086],
	[9.3133, 7.1221],
	[7.6767, 7.7816],
	[9.5119, 6.1642],
	[4.2075, 9.6795],
	[4.9391, 9.782],
	[9.5522, 5.7104]
  ]
]

Predicted M:[
  [
	[6.6676, 6.3663],
	[2.2909, 2.9786],
	[7.6033, 1.895],
	[4.7587, 2.5846],
	[2.976, 2.8488],
	[5.8031, 4.0993],
	[1.5507, 7.7409],
	[3.3094, 2.4529],
	[4.7049, 3.4551],
	[11.347, 7.1056]
  ]
]

MSE: 1.001148
=========================================================
          Learning params for data #4
=========================================================
Actual Params: [6 0.007179 0.05818 0.3615 9 0.5]
Predicted Params: [6 0.007179 0.05818 0.3615 9 0.5271]
Actual M:[
  [
	[1.188, 4.3143],
	[4.004, 4.1229],
	[2.4036, 5.1684],
	[7.3367, 2.579],
	[8.3858, 6.6169],
	[6.2929, 8.5906],
	[5.1561, 8.9115],
	[2.6501, 9.9135],
	[8.6419, 6.6564],
	[6.4423, 8.5421]
  ]
]

Predicted M:[
  [
	[8.5589, 2.5855],
	[1.0071, 8.3082],
	[4.5132, 8.0628],
	[1.0729, 2.4905],
	[8.6384, 4.4792],
	[8.1282, 7.1669],
	[3.7228, 5.0394],
	[2.3304, 2.018],
	[10.8666, 4.5837],
	[13.505, 1.1877]
  ]
]

MSE: 0.411271
=========================================================
          Learning params for data #5
=========================================================
Actual Params: [4 0.06531 0.03297 0.7736 13 0.7]
Predicted Params: [4 0.06531 0.03297 0.7736 13 0.5091]
Actual M:[
  [
	[2.1797, 2.8257],
	[6.7172, 5.6432],
	[8.7563, 3.8259],
	[5.3022, 8.0365],
	[5.3326, 9.9667],
	[7.9518, 8.8195],
	[7.1943, 8.9786],
	[8.8019, 4.1123],
	[8.9836, 2.8436],
	[9.3044, 5.7478]
  ]
]

Predicted M:[
  [
	[4.0202, 7.8899],
	[3.7915, 6.6738],
	[1.4595, 2.0814],
	[8.384, 6.0889],
	[4.657, 8.8347],
	[2.3465, 3.3779],
	[2.3333, 4.5637],
	[7.6055, 7.0326],
	[10.6471, 4.1497],
	[9.5412, 9.2657]
  ]
]

MSE: 0.536286
=========================================================
          Learning params for data #6
=========================================================
Actual Params: [11 0.04457 0.001131 0.5877 9 0.3]
Predicted Params: [11 0.04457 0.001131 0.5877 9 0.4314]
Actual M:[
  [
	[9.7659, 4.1998],
	[2.8445, 8.7794],
	[9.342, 9.2597],
	[9.3885, 8.201],
	[9.8387, 8.7056],
	[7.4482, 9.2763],
	[4.398, 9.8914],
	[5.7728, 9.6424],
	[9.1103, 9.5447],
	[9.9688, 4.1896]
  ]
]

Predicted M:[
  [
	[5.211, 1.6127],
	[1.2797, 7.6472],
	[6.09, 10.1392],
	[6.4569, 5.3172],
	[9.7792, 3.5907],
	[1.6307, 3.2536],
	[5.4703, 5.0822],
	[7.5007, 4.1567],
	[3.2494, 18.5922],
	[5.4442, 5.0849]
  ]
]

MSE: 0.291140
=========================================================
          Learning params for data #7
=========================================================
Actual Params: [9 0.07797 0.0852 0.7037 13 0.5]
Predicted Params: [9 0.07797 0.0852 0.7037 13 0.4848]
Actual M:[
  [
	[5.0628, 3.7548],
	[5.7226, 6.7797],
	[7.6667, 7.2386],
	[7.5466, 7.965],
	[8.1591, 2.238],
	[8.3278, 1.1899],
	[9.4841, 2.6256],
	[5.4509, 8.0845],
	[8.513, 3.1048],
	[1.4176, 9.9257]
  ]
]

Predicted M:[
  [
	[3.8507, 4.0842],
	[8.4809, 2.1012],
	[1.0549, 1.4445],
	[2.9916, 4.2418],
	[8.772, 4.339],
	[3.3816, 6.8293],
	[2.9863, 7.2629],
	[9.7981, 3.182],
	[1.8411, 8.5975],
	[6.9775, 9.5468]
  ]
]

MSE: 0.700720
=========================================================
          Learning params for data #8
=========================================================
Actual Params: [7 0.0695 0.06622 0.7437 6 0.5]
Predicted Params: [7 0.0695 0.06622 0.7437 6 0.549]
Actual M:[
  [
	[8.4126, 3.6463],
	[6.7331, 4.0308],
	[5.1973, 4.3787],
	[9.7074, 1.6807],
	[6.8375, 8.8745],
	[8.58, 2.7164],
	[5.7457, 9.3514],
	[8.7185, 8.0847],
	[9.6666, 5.2247],
	[5.0556, 9.7094]
  ]
]

Predicted M:[
  [
	[4.2402, 2.9609],
	[2.2783, 1.6586],
	[4.873, 4.4783],
	[2.3637, 6.6942],
	[8.2501, 2.7516],
	[6.3462, 6.4158],
	[4.7006, 5.4924],
	[4.028, 10.639],
	[6.2716, 14.8552],
	[12.2792, 1.1219]
  ]
]

MSE: 0.008513
=========================================================
          Learning params for data #9
=========================================================
Actual Params: [12 0.03941 0.08086 0.9862 12 0.3]
Predicted Params: [12 0.03941 0.08086 0.9862 12 0.4314]
Actual M:[
  [
	[5.2971, 9.1336],
	[8.0701, 6.6628],
	[9.5642, 1.9893],
	[8.9283, 2.593],
	[6.9147, 7.5573],
	[7.5093, 7.836],
	[9.5212, 5.1084],
	[9.1926, 9.2914],
	[9.6172, 3.5647],
	[9.3405, 9.4157]
  ]
]

Predicted M:[
  [
	[1.48, 23.9698],
	[3.1921, 3.7387],
	[8.3084, 3.023],
	[5.0179, 6.1427],
	[2.8436, 8.078],
	[5.9496, 3.7532],
	[1.1021, 1.9487],
	[14.4083, 1.0635],
	[2.4525, 2.4573],
	[3.0369, 4.0543]
  ]
]

MSE: 0.540305
=========================================================
          Learning params for data #10
=========================================================
Actual Params: [10 0.03622 0.04912 0.3373 13 0.5]
Predicted Params: [10 0.03622 0.04912 0.3373 13 0.4911]
Actual M:[
  [
	[8.731, 4.7838],
	[2.4774, 6.3101],
	[9.8457, 3.9839],
	[6.2434, 7.538],
	[9.3137, 7.2938],
	[3.9307, 7.7888],
	[1.4126, 8.989],
	[9.4257, 9.929],
	[9.6837, 8.4602],
	[1.9352, 9.998]
  ]
]

Predicted M:[
  [
	[1.514, 5.959],
	[5.2277, 8.1148],
	[3.4922, 9.8091],
	[7.7785, 6.0694],
	[5.9882, 5.6995],
	[8.0944, 5.6712],
	[6.432, 4.0379],
	[6.4726, 4.903],
	[5.5327, 11.9176],
	[2.8401, 6.1163]
  ]
]

MSE: 0.655047
=========================================================
          Learning params for data #11
=========================================================
Actual Params: [7 0.04557 0.05182 1.083 10 0.7]
Predicted Params: [7 0.04557 0.05182 1.083 10 0.4841]
Actual M:[
  [
	[5.5501, 9.1031],
	[7.0428, 9.9645],
	[9.0699, 7.8673],
	[9.9551, 2.0351],
	[8.9822, 9.5384],
	[9.146, 9.6487],
	[9.6086, 5.2725],
	[9.8924, 2.7137],
	[9.2166, 8.761],
	[9.7112, 9.2661]
  ]
]

Predicted M:[
  [
	[2.2945, 1.812],
	[3.247, 5.4284],
	[1.8222, 5.1996],
	[3.441, 3.4252],
	[6.0213, 7.8263],
	[4.1358, 7.5313],
	[2.79, 5.6705],
	[5.9078, 5.3058],
	[1.3372, 9.0153],
	[5.4014, 7.5275]
  ]
]

MSE: 0.023781
=========================================================
          Learning params for data #12
=========================================================
Actual Params: [4 0.06365 0.05996 0.2041 6 0.3]
Predicted Params: [4 0.06365 0.05996 0.2041 6 0.4944]
Actual M:[
  [
	[4.4234, 4.2815],
	[3.2578, 4.9477],
	[9.077, 8.887],
	[3.7581, 9.421],
	[1.5147, 9.9639],
	[9.252, 4.9536],
	[7.9981, 9.8348],
	[3.2135, 9.9947],
	[9.6923, 2.4424],
	[5.1035, 9.8418]
  ]
]

Predicted M:[
  [
	[1.511, 4.327],
	[2.4181, 5.5674],
	[3.9466, 1.6473],
	[5.0476, 5.7331],
	[3.8956, 6.5769],
	[8.853, 4.0552],
	[4.7101, 4.5226],
	[4.6342, 6.0305],
	[2.6234, 3.2313],
	[6.8916, 4.0547]
  ]
]

MSE: 0.591258
=========================================================
          Learning params for data #13
=========================================================
Actual Params: [3 0.05219 0.09692 0.6608 12 0.5]
Predicted Params: [3 0.05219 0.09692 0.6608 12 0.4746]
Actual M:[
  [
	[3.4833, 8.3231],
	[5.517, 8.7277],
	[8.0237, 4.2181],
	[2.5063, 8.7405],
	[4.8112, 8.8991],
	[7.8968, 5.4516],
	[9.1323, 3.4507],
	[6.4485, 8.2747],
	[8.2531, 5.6361],
	[7.945, 8.7634]
  ]
]

Predicted M:[
  [
	[1.1976, 8.6191],
	[8.3955, 5.0754],
	[8.2494, 7.2529],
	[2.9711, 7.4943],
	[2.0249, 8.2479],
	[6.8947, 5.6236],
	[2.5141, 12.8398],
	[3.3657, 2.357],
	[3.5075, 12.0801],
	[4.2902, 2.9877]
  ]
]

MSE: 0.419478
=========================================================
          Learning params for data #14
=========================================================
Actual Params: [9 0.0648 0.06511 0.9304 10 0.3]
Predicted Params: [9 0.0648 0.06511 0.9304 10 0.6115]
Actual M:[
  [
	[7.9751, 8.2394],
	[9.6869, 9.8382],
	[9.8908, 3.9824],
	[9.7549, 6.9431],
	[4.5178, 9.8757],
	[9.8266, 5.389],
	[9.9966, 1.2586],
	[9.8696, 8.5511],
	[6.3457, 9.8706],
	[9.9829, 9.6362]
  ]
]

Predicted M:[
  [
	[1.1112, 8.0373],
	[25.7188, 7.9749],
	[4.5554, 5.7487],
	[6.2688, 7.8584],
	[1.5258, 3.5001],
	[4.104, 7.8951],
	[2.6687, 7.9253],
	[13.4926, 4.0998],
	[1.7183, 1.5357],
	[9.694, 6.3521]
  ]
]

MSE: 0.000057
=========================================================
          Learning params for data #15
=========================================================
Actual Params: [14 0.003244 0.07175 0.8941 10 0.5]
Predicted Params: [14 0.003244 0.07175 0.8941 10 0.5123]
Actual M:[
  [
	[8.6367, 5.2864],
	[7.5769, 9.4966],
	[9.8741, 5.4398],
	[9.8965, 9.2886],
	[8.0541, 9.4933],
	[8.28, 9.9475],
	[9.9283, 4.0752],
	[4.2803, 9.9848],
	[9.9108, 5.4462],
	[9.2117, 9.5131]
  ]
]

Predicted M:[
  [
	[6.129, 2.0088],
	[3.8805, 2.4851],
	[3.1329, 3.2465],
	[3.3821, 15.0187],
	[2.9896, 2.3841],
	[10.9873, 1.399],
	[5.8486, 6.8925],
	[7.7535, 4.66],
	[4.924, 4.2306],
	[2.5147, 2.2619]
  ]
]

MSE: 0.448478
=========================================================
          Learning params for data #16
=========================================================
Actual Params: [14 0.006079 0.08372 0.5588 10 0.7]
Predicted Params: [14 0.006079 0.08372 0.5588 10 0.5092]
Actual M:[
  [
	[6.7101, 4.443],
	[6.1952, 9.5553],
	[7.6949, 9.1506],
	[9.7479, 1.0425],
	[9.8742, 4.1242],
	[9.7719, 6.0622],
	[9.8746, 5.0146],
	[8.0254, 6.5411],
	[7.9239, 6.7854],
	[9.4776, 8.9068]
  ]
]

Predicted M:[
  [
	[1.6498, 6.2522],
	[2.8285, 3.9053],
	[7.4501, 7.1023],
	[11.1965, 1.0544],
	[10.6231, 4.0136],
	[3.9484, 2.1617],
	[9.0717, 4.0275],
	[5.7687, 2.0275],
	[6.1781, 6.6774],
	[3.9365, 1.0553]
  ]
]

MSE: 0.148550
=========================================================
          Learning params for data #17
=========================================================
Actual Params: [11 0.06084 0.01586 0.3481 12 0.5]
Predicted Params: [11 0.06084 0.01586 0.3481 12 0.4958]
Actual M:[
  [
	[2.3303, 1.6166],
	[6.0465, 8.7168],
	[8.9087, 9.4144],
	[2.6262, 9.6851],
	[9.957, 2.7237],
	[9.4719, 3.8596],
	[9.8474, 6.9084],
	[9.3132, 8.1175],
	[6.3809, 9.94],
	[9.1706, 8.6063]
  ]
]

Predicted M:[
  [
	[8.71, 5.2716],
	[4.0056, 7.3227],
	[7.6485, 3.2641],
	[9.0185, 7.7746],
	[2.2585, 2.5239],
	[7.5911, 6.3482],
	[3.075, 2.667],
	[7.7592, 1.4307],
	[7.0427, 9.5113],
	[5.7364, 1.493]
  ]
]

MSE: 0.970205
=========================================================
          Learning params for data #18
=========================================================
Actual Params: [7 0.02924 0.07112 0.4923 12 0.3]
Predicted Params: [7 0.02924 0.07112 0.4923 12 0.485]
Actual M:[
  [
	[6.5728, 3.3373],
	[7.5774, 2.2438],
	[2.0951, 6.9798],
	[9.6074, 6.6813],
	[8.2611, 6.9997],
	[1.1316, 8.8249],
	[5.9958, 9.1011],
	[6.0016, 7.6066],
	[6.1054, 8.5052],
	[8.4345, 6.9162]
  ]
]

Predicted M:[
  [
	[4.4617, 6.5102],
	[10.3295, 1.3585],
	[5.5792, 9.7874],
	[5.1805, 4.8695],
	[5.4961, 3.929],
	[2.5058, 6.261],
	[5.4556, 3.8909],
	[4.6293, 4.6891],
	[10.106, 6.7615],
	[7.2034, 7.5916]
  ]
]

MSE: 0.722755
=========================================================
          Learning params for data #19
=========================================================
Actual Params: [7 0.0727 0.02342 1.079 7 0.5]
Predicted Params: [7 0.0727 0.02342 1.079 7 0.6906]
Actual M:[
  [
	[3.7242, 1.8867],
	[4.4796, 1.5393],
	[4.5713, 2.0264],
	[9.8482, 2.534],
	[9.5509, 9.5004],
	[9.5962, 7.0034],
	[9.6402, 3.7114],
	[9.9543, 7.5386],
	[5.2666, 9.605],
	[9.6158, 8.0661]
  ]
]

Predicted M:[
  [
	[7.0171, 5.9467],
	[4.4317, 6.6069],
	[2.5942, 10.1993],
	[17.2281, 3.5628],
	[3.2542, 1.9832],
	[11.5404, 9.6005],
	[3.4905, 14.6087],
	[7.3842, 6.725],
	[2.6763, 3.0736],
	[10.7734, 2.8826]
  ]
]

MSE: 0.595904
=========================================================
          Learning params for data #20
=========================================================
Actual Params: [5 0.02639 0.09797 0.3164 12 0.3]
Predicted Params: [5 0.02639 0.09797 0.3164 12 0.4718]
Actual M:[
  [
	[6.1584, 2.4449],
	[9.805, 7.6421],
	[3.0618, 8.9018],
	[7.1195, 7.7453],
	[2.9058, 9.5696],
	[7.3461, 9.7027],
	[9.9762, 9.1464],
	[7.522, 9.3477],
	[8.8997, 9.99],
	[9.2396, 9.5216]
  ]
]

Predicted M:[
  [
	[8.9737, 2.9637],
	[1.342, 12.5798],
	[5.6764, 5.2978],
	[3.9195, 4.6719],
	[3.8891, 3.9394],
	[2.6037, 5.5732],
	[5.9403, 3.0475],
	[6.4098, 2.3325],
	[2.2404, 9.3304],
	[4.2054, 3.7923]
  ]
]

MSE: 0.000217
=========================================================
          Learning params for data #21
=========================================================
Actual Params: [3 0.06151 0.09836 0.1593 8 0.3]
Predicted Params: [3 0.06151 0.09836 0.1593 8 0.4334]
Actual M:[
  [
	[7.2923, 5.8601],
	[9.1706, 4.8987],
	[7.2014, 7.9987],
	[1.0818, 9.6886],
	[5.3494, 9.1019],
	[9.9594, 1.0242],
	[8.3513, 5.6313],
	[9.9306, 3.9017],
	[5.3554, 9.5914],
	[8.3627, 7.4939]
  ]
]

Predicted M:[
  [
	[6.3646, 3.4839],
	[3.602, 3.6712],
	[1.227, 8.8869],
	[1.3456, 12.6735],
	[11.1328, 7.0388],
	[6.3313, 5.8633],
	[1.4806, 4.9833],
	[5.9398, 5.798],
	[7.1864, 12.6662],
	[1.9052, 2.0824]
  ]
]

MSE: 0.038465
=========================================================
          Learning params for data #22
=========================================================
Actual Params: [8 0.05239 0.0702 0.7584 12 0.3]
Predicted Params: [8 0.05239 0.0702 0.7584 12 0.5285]
Actual M:[
  [
	[5.2638, 5.1349],
	[3.3623, 7.8061],
	[4.8613, 9.2133],
	[6.5056, 3.7568],
	[7.1067, 5.8917],
	[7.8275, 6.8643],
	[5.8663, 8.1468],
	[8.0108, 1.905],
	[6.0463, 8.1071],
	[8.7932, 6.7674]
  ]
]

Predicted M:[
  [
	[8.4061, 3.9517],
	[2.8571, 4.2774],
	[12.5608, 4.9796],
	[7.491, 2.3051],
	[1.2779, 3.7823],
	[9.4801, 1.8303],
	[5.1293, 20.1005],
	[7.3951, 4.0578],
	[9.6178, 1.4502],
	[14.4925, 9.5205]
  ]
]

MSE: 0.056842
=========================================================
          Learning params for data #23
=========================================================
Actual Params: [7 0.00297 0.01226 0.3657 5 0.5]
Predicted Params: [7 0.00297 0.01226 0.3657 5 0.5099]
Actual M:[
  [
	[7.7081, 7.0462],
	[9.9261, 7.07],
	[2.4897, 9.9897],
	[3.7592, 7.1166],
	[5.4433, 9.1188],
	[3.5383, 9.2262],
	[7.6347, 7.874],
	[8.7387, 7.3784],
	[2.6562, 9.3427],
	[5.7166, 9.561]
  ]
]

Predicted M:[
  [
	[1.9364, 8.9743],
	[2.9903, 2.618],
	[4.5843, 1.1476],
	[8.7193, 1.9875],
	[5.0335, 3.5809],
	[5.5425, 5.3643],
	[6.5962, 5.4647],
	[5.8872, 4.3595],
	[4.2065, 3.4729],
	[6.9114, 1.5707]
  ]
]

MSE: 0.829892
=========================================================
          Learning params for data #24
=========================================================
Actual Params: [3 0.03853 0.03819 0.2261 8 0.7]
Predicted Params: [3 0.03853 0.03819 0.2261 8 0.4825]
Actual M:[
  [
	[7.1798, 9.7082],
	[7.6196, 7.874],
	[5.9164, 9.805],
	[2.9448, 9.9111],
	[7.2762, 8.0011],
	[8.4652, 4.2233],
	[7.5768, 8.668],
	[9.9448, 3.8462],
	[8.0527, 4.5487],
	[7.7106, 4.763]
  ]
]

Predicted M:[
  [
	[7.9491, 7.2574],
	[1.6083, 8.4135],
	[1.1619, 3.9079],
	[4.0518, 1.8917],
	[2.3356, 5.5603],
	[5.3715, 9.9813],
	[9.0157, 7.77],
	[8.3099, 4.8217],
	[8.4666, 8.0684],
	[7.6804, 4.0293]
  ]
]

MSE: 0.400242
=========================================================
          Learning params for data #25
=========================================================
Actual Params: [6 0.09816 0.05674 1.003 11 0.5]
Predicted Params: [6 0.09816 0.05674 1.003 11 0.4195]
Actual M:[
  [
	[3.2845, 6.7738],
	[5.4533, 1.4126],
	[5.9131, 1.6338],
	[3.7666, 5.8297],
	[6.46, 8.4303],
	[3.1435, 9.8824],
	[8.4404, 8.5381],
	[3.2181, 8.5532],
	[9.7806, 3.9474],
	[9.1759, 7.5615]
  ]
]

Predicted M:[
  [
	[4.1023, 5.2482],
	[5.5831, 3.3306],
	[4.0889, 2.8935],
	[2.4872, 2.1411],
	[2.7317, 6.7654],
	[1.747, 20.4068],
	[17.2339, 6.4848],
	[1.4479, 1.0528],
	[5.4491, 3.1136],
	[4.1288, 10.185]
  ]
]

MSE: 0.002612
=========================================================
          Learning params for data #26
=========================================================
Actual Params: [2 0.004715 0.05288 0.7104 9 0.3]
Predicted Params: [2 0.004715 0.05288 0.7104 9 0.4987]
Actual M:[
  [
	[7.9463, 4.4105],
	[4.6372, 5.0783],
	[1.927, 5.1221],
	[4.3981, 9.6317],
	[7.7025, 6.6305],
	[8.5542, 9.7031],
	[2.4543, 9.7065],
	[9.9018, 3.2528],
	[9.1516, 7.316],
	[9.0153, 7.9169]
  ]
]

Predicted M:[
  [
	[8.7586, 6.6415],
	[3.2427, 6.0506],
	[8.613, 8.7474],
	[1.4312, 7.085],
	[5.1443, 4.2285],
	[6.7181, 1.5014],
	[7.0332, 8.0089],
	[4.5061, 4.8774],
	[5.5649, 9.0483],
	[2.6788, 2.1811]
  ]
]

MSE: 1.353628
=========================================================
          Learning params for data #27
=========================================================
Actual Params: [11 0.06041 0.09706 0.9205 14 0.3]
Predicted Params: [11 0.06041 0.09706 0.9205 14 0.507]
Actual M:[
  [
	[7.0706, 4.7133],
	[7.8341, 5.7404],
	[5.8203, 5.8661],
	[9.8797, 3.7127],
	[8.8291, 7.7119],
	[6.5666, 9.0643],
	[5.077, 9.5659],
	[9.4275, 9.8201],
	[1.0568, 9.9228],
	[4.0486, 9.8438]
  ]
]

Predicted M:[
  [
	[5.6035, 2.3539],
	[1.7108, 5.2866],
	[3.5294, 1.9646],
	[6.8127, 2.171],
	[7.7327, 6.2227],
	[4.5753, 1.5458],
	[3.57, 6.2912],
	[10.0562, 6.0002],
	[9.751, 1.9991],
	[5.9092, 4.8034]
  ]
]

MSE: 0.052974
=========================================================
          Learning params for data #28
=========================================================
Actual Params: [7 0.02001 0.006312 0.9339 9 0.5]
Predicted Params: [7 0.02001 0.006312 0.9339 9 0.4651]
Actual M:[
  [
	[8.4362, 7.9786],
	[1.0541, 9.9665],
	[3.5281, 9.1519],
	[9.862, 1.6831],
	[8.6176, 4.7567],
	[1.4377, 9.5263],
	[9.5846, 3.4235],
	[9.6938, 2.1902],
	[8.0034, 9.8609],
	[9.3291, 6.0879]
  ]
]

Predicted M:[
  [
	[7.0252, 9.2572],
	[2.499, 5.881],
	[10.7495, 1.2134],
	[5.8168, 6.6937],
	[3.1396, 7.1392],
	[1.6522, 1.054],
	[5.9577, 3.0047],
	[3.7885, 4.4688],
	[4.7599, 16.0531],
	[6.1245, 9.0865]
  ]
]

MSE: 0.035204
=========================================================
          Learning params for data #29
=========================================================
Actual Params: [1 0.074 0.09361 0.892 11 0.3]
Predicted Params: [1 0.074 0.09361 0.892 11 0.4832]
Actual M:[
  [
	[2.7209, 5.6593],
	[8.9167, 9.3766],
	[6.7262, 9.9187],
	[9.258, 6.7024],
	[9.2118, 7.0343],
	[9.7474, 1.5504],
	[9.6998, 3.1852],
	[9.3491, 6.0807],
	[9.4994, 7.6811],
	[2.2983, 9.9467]
  ]
]

Predicted M:[
  [
	[3.5326, 6.6774],
	[18.8033, 5.159],
	[6.7483, 10.1927],
	[5.5726, 4.9994],
	[1.265, 4.6471],
	[5.7156, 1.549],
	[7.5383, 2.0466],
	[1.6867, 7.744],
	[2.9263, 11.8297],
	[12.0857, 7.3991]
  ]
]

MSE: 0.288234
=========================================================
          Learning params for data #30
=========================================================
Actual Params: [4 0.07703 0.02863 0.4302 7 0.7]
Predicted Params: [4 0.07703 0.02863 0.4302 7 0.483]
Actual M:[
  [
	[2.7267, 7.5651],
	[4.9481, 7.2676],
	[9.4693, 3.7867],
	[3.869, 9.4833],
	[9.5947, 4.9306],
	[6.2029, 5.2838],
	[5.595, 9.8352],
	[8.868, 7.1231],
	[8.6417, 7.5817],
	[8.3613, 9.5813]
  ]
]

Predicted M:[
  [
	[5.5331, 7.6483],
	[1.7823, 7.6698],
	[1.6155, 3.6],
	[5.6625, 5.9106],
	[6.4561, 5.5542],
	[4.4762, 2.1623],
	[2.3843, 8.2773],
	[9.2134, 4.6563],
	[12.441, 4.2431],
	[4.7142, 35.5817]
  ]
]

MSE: 0.059252
=========================================================
          Learning params for data #31
=========================================================
Actual Params: [6 0.09401 0.05749 0.6127 6 0.5]
Predicted Params: [6 0.09401 0.05749 0.6127 6 0.4783]
Actual M:[
  [
	[5.2647, 1.031],
	[7.1596, 1.9066],
	[2.9367, 5.9948],
	[4.0804, 2.1014],
	[3.6699, 2.1819],
	[3.0903, 4.6863],
	[9.4787, 2.3624],
	[4.6346, 7.5019],
	[8.0154, 9.4676],
	[8.4243, 2.6193]
  ]
]

Predicted M:[
  [
	[1.4055, 1.2],
	[12.8715, 6.3991],
	[2.8851, 4.1551],
	[3.5046, 5.5557],
	[2.0662, 2.5388],
	[4.3381, 10.0241],
	[4.05, 11.0887],
	[4.5718, 1.9968],
	[10.161, 11.3566],
	[13.0577, 14.2959]
  ]
]

MSE: 0.014641
=========================================================
          Learning params for data #32
=========================================================
Actual Params: [6 0.006655 0.05484 0.9552 14 0.3]
Predicted Params: [6 0.006655 0.05484 0.9552 14 0.481]
Actual M:[
  [
	[7.8955, 1.7844],
	[2.0788, 7.2307],
	[4.6826, 8.5906],
	[8.6238, 5.8588],
	[9.2455, 6.596],
	[8.312, 6.8426],
	[9.3837, 6.3521],
	[3.8233, 9.8514],
	[3.1339, 9.8707],
	[9.6527, 9.3224]
  ]
]

Predicted M:[
  [
	[8.2324, 3.3241],
	[3.9213, 7.0778],
	[5.4608, 3.8064],
	[1.7839, 3.1485],
	[9.4664, 8.3852],
	[9.2435, 7.7749],
	[3.8739, 12.6848],
	[4.4562, 5.6316],
	[5.5326, 5.8329],
	[7.2996, 2.421]
  ]
]

MSE: 0.973794
=========================================================
          Learning params for data #33
=========================================================
Actual Params: [13 0.05413 0.01277 0.3517 6 0.5]
Predicted Params: [13 0.05413 0.01277 0.3517 6 0.5196]
Actual M:[
  [
	[8.4502, 3.0379],
	[3.8165, 7.811],
	[5.3556, 3.7231],
	[6.1679, 9.9021],
	[6.4758, 7.3276],
	[9.0918, 9.8409],
	[9.1355, 6.143],
	[9.3392, 3.912],
	[9.947, 4.0564],
	[9.9727, 9.4361]
  ]
]

Predicted M:[
  [
	[4.7741, 6.7672],
	[3.3015, 4.1239],
	[5.136, 1.3161],
	[1.5202, 3.6357],
	[7.4251, 5.7007],
	[6.4485, 4.8689],
	[3.0466, 6.301],
	[4.4721, 6.2138],
	[6.1153, 3.1644],
	[11.4584, 4.7126]
  ]
]

MSE: 0.628424
=========================================================
          Learning params for data #34
=========================================================
Actual Params: [10 0.03156 0.08955 0.1908 5 0.5]
Predicted Params: [10 0.03156 0.08955 0.1908 5 0.5025]
Actual M:[
  [
	[6.5307, 4.0998],
	[8.4516, 3.2813],
	[9.459, 8.6783],
	[2.7579, 8.8945],
	[9.9947, 6.5273],
	[1.5021, 9.2955],
	[9.7367, 7.3152],
	[2.5854, 8.9684],
	[6.1912, 9.976],
	[9.5157, 9.5574]
  ]
]

Predicted M:[
  [
	[5.1109, 8.5089],
	[9.039, 6.3356],
	[3.2131, 4.3269],
	[6.0285, 4.6064],
	[8.6961, 7.9352],
	[6.5005, 4.4373],
	[7.499, 4.5974],
	[1.4268, 6.1138],
	[12.1956, 6.8302],
	[7.9286, 9.7523]
  ]
]

MSE: 0.001548
=========================================================
          Learning params for data #35
=========================================================
Actual Params: [3 0.09908 0.02014 0.775 12 0.5]
Predicted Params: [3 0.09908 0.02014 0.775 12 0.5944]
Actual M:[
  [
	[6.1199, 9.2971],
	[1.0871, 9.8651],
	[8.6075, 4.928],
	[9.8776, 2.4578],
	[9.8939, 6.7515],
	[1.9651, 9.8505],
	[8.1542, 8.2973],
	[7.3907, 8.735],
	[9.9401, 3.8224],
	[9.0618, 8.9759]
  ]
]

Predicted M:[
  [
	[6.9792, 3.6611],
	[2.5983, 7.3278],
	[3.888, 3.5231],
	[10.3469, 2.1503],
	[27.0498, 3.567],
	[2.5848, 2.8567],
	[9.0965, 9.7499],
	[6.111, 5.8818],
	[4.3226, 3.2077],
	[20.5018, 1.368]
  ]
]

MSE: 0.052464
=========================================================
          Learning params for data #36
=========================================================
Actual Params: [14 0.05744 0.02456 0.5737 8 0.5]
Predicted Params: [14 0.05744 0.02456 0.5737 8 0.5113]
Actual M:[
  [
	[8.9481, 2.6785],
	[4.2824, 4.943],
	[4.6127, 8.4605],
	[5.2629, 4.42],
	[7.9696, 7.7627],
	[8.9328, 9.9369],
	[8.996, 7.3292],
	[9.8569, 3.6098],
	[9.4948, 4.7219],
	[9.6206, 8.753]
  ]
]

Predicted M:[
  [
	[6.4739, 8.032],
	[3.8945, 4.4297],
	[9.8937, 5.4049],
	[7.0991, 3.9338],
	[1.2304, 2.3599],
	[5.4792, 3.9587],
	[6.3634, 3.1338],
	[3.0468, 7.903],
	[2.1493, 5.886],
	[3.8566, 5.4867]
  ]
]

MSE: 0.682165
=========================================================
          Learning params for data #37
=========================================================
Actual Params: [12 0.09007 0.07395 0.3794 6 0.5]
Predicted Params: [12 0.09007 0.07395 0.3794 6 0.5621]
Actual M:[
  [
	[6.0746, 2.6767],
	[8.7125, 8.1927],
	[9.3882, 2.078],
	[7.3594, 9.2691],
	[8.9615, 9.4868],
	[9.7943, 6.0819],
	[7.5997, 9.6973],
	[9.9542, 1.7428],
	[9.9496, 8.6645],
	[8.6907, 9.5461]
  ]
]

Predicted M:[
  [
	[10.2729, 3.432],
	[14.3391, 2.9927],
	[1.5962, 2.9173],
	[3.4706, 7.1328],
	[11.4741, 2.7289],
	[13.1044, 4.845],
	[3.0042, 2.9627],
	[6.0205, 7.5392],
	[1.1054, 13.0071],
	[1.033, 1.6573]
  ]
]

MSE: 0.728701
=========================================================
          Learning params for data #38
=========================================================
Actual Params: [11 0.09939 0.03044 0.4356 8 0.3]
Predicted Params: [11 0.09939 0.03044 0.4356 8 0.7048]
Actual M:[
  [
	[2.8273, 5.4105],
	[5.0538, 8.9116],
	[9.0081, 4.2867],
	[5.3059, 7.2403],
	[6.6666, 6.9464],
	[5.1653, 8.002],
	[3.2027, 9.4934],
	[5.3558, 8.5207],
	[9.4688, 9.0349],
	[8.7115, 9.9232]
  ]
]

Predicted M:[
  [
	[3.4396, 4.4895],
	[1.6596, 1.3457],
	[2.2749, 5.1459],
	[6.8075, 12.9198],
	[36.249, 12.1444],
	[4.0575, 5.4411],
	[42.0109, 5.4355],
	[1.5582, 7.3982],
	[6.3473, 2.9567],
	[54.3791, 1.9591]
  ]
]

MSE: 0.059286
=========================================================
          Learning params for data #39
=========================================================
Actual Params: [9 0.07205 0.08609 0.8514 14 0.5]
Predicted Params: [9 0.07205 0.08609 0.8514 14 0.4997]
Actual M:[
  [
	[7.6791, 1.0597],
	[1.6075, 9.5218],
	[8.7637, 6.8732],
	[5.8653, 8.0917],
	[9.201, 5.9418],
	[8.0073, 8.5856],
	[8.6328, 8.6524],
	[7.937, 8.8485],
	[9.5409, 9.9103],
	[9.7124, 9.6443]
  ]
]

Predicted M:[
  [
	[9.1462, 8.8529],
	[2.348, 5.0031],
	[5.3019, 2.8116],
	[5.6713, 3.4312],
	[3.2835, 3.4244],
	[7.1168, 9.0037],
	[2.2839, 6.4991],
	[3.4505, 7.6493],
	[1.9885, 2.2012],
	[3.6694, 5.1117]
  ]
]

MSE: 1.693002
=========================================================
          Learning params for data #40
=========================================================
Actual Params: [7 0.05664 0.08387 0.8387 13 0.7]
Predicted Params: [7 0.05664 0.08387 0.8387 13 0.4757]
Actual M:[
  [
	[6.9889, 2.6232],
	[6.0681, 5.6429],
	[7, 6.7283],
	[7.732, 4.4412],
	[8.2375, 7.1936],
	[8.4053, 3.3121],
	[6.486, 9.524],
	[8.9811, 4.6309],
	[7.2784, 9.7396],
	[8.7379, 6.8079]
  ]
]

Predicted M:[
  [
	[8.2677, 4.5003],
	[3.5092, 10.0605],
	[4.0539, 3.1892],
	[5.0865, 4.889],
	[4.8783, 10.4914],
	[2.2886, 10.2595],
	[7.2946, 6.2395],
	[8.6556, 7.0607],
	[3.145, 4.6644],
	[1.7448, 5.0467]
  ]
]

MSE: 0.917723
=========================================================
          Learning params for data #41
=========================================================
Actual Params: [1 0.01006 0.06231 0.71 8 0.5]
Predicted Params: [1 0.01006 0.06231 0.71 8 0.4407]
Actual M:[
  [
	[1.4624, 1.3975],
	[1.8431, 4.0633],
	[2.3438, 5.146],
	[2.1844, 5.8543],
	[6.3873, 8.4087],
	[6.844, 6.8521],
	[6.8337, 9.193],
	[7.1539, 8.5304],
	[7.4152, 6.8129],
	[9.4039, 5.1664]
  ]
]

Predicted M:[
  [
	[5.1725, 2.2809],
	[6.5279, 1.429],
	[7.5971, 3.4755],
	[3.8836, 5.6246],
	[5.1861, 10.4285],
	[1.3611, 8.5972],
	[1.9628, 2.6463],
	[10.4049, 5.0668],
	[1.9645, 5.7245],
	[4.314, 4.9948]
  ]
]

MSE: 0.642544
=========================================================
          Learning params for data #42
=========================================================
Actual Params: [15 0.03213 0.07936 0.6023 5 0.7]
Predicted Params: [15 0.03213 0.07936 0.6023 5 0.4778]
Actual M:[
  [
	[3.1924, 7.1136],
	[7.1895, 9.2],
	[5.0943, 9.8677],
	[8.7361, 9.1172],
	[9.3955, 6.6689],
	[6.4319, 9.9427],
	[9.9498, 7.5836],
	[9.2712, 9.6298],
	[7.2155, 9.8297],
	[9.8042, 9.7018]
  ]
]

Predicted M:[
  [
	[2.8059, 1.8001],
	[1.7031, 8.2763],
	[3.8634, 6.9931],
	[7.6188, 2.4589],
	[4.9885, 1.1487],
	[1.6807, 1.0434],
	[2.4823, 1.5125],
	[4.2646, 10.1188],
	[7.0618, 6.2973],
	[3.9733, 5.3754]
  ]
]

MSE: 0.278941
=========================================================
          Learning params for data #43
=========================================================
Actual Params: [6 0.01745 0.04902 0.3248 11 0.7]
Predicted Params: [6 0.01745 0.04902 0.3248 11 0.5001]
Actual M:[
  [
	[5.3743, 6.4439],
	[4.6588, 7.9267],
	[7.4818, 6.9171],
	[5.5184, 9.7552],
	[9.5461, 7.233],
	[7.4309, 8.9229],
	[8.7203, 8.0385],
	[9.7674, 4.9837],
	[8.3022, 9.7986],
	[8.9246, 7.5925]
  ]
]

Predicted M:[
  [
	[7.8278, 8.1874],
	[6.1439, 11.8447],
	[9.4633, 4.5142],
	[7.2702, 11.1214],
	[6.1976, 1.5624],
	[1.646, 6.2264],
	[1.5354, 3.9698],
	[1.31, 1.7867],
	[1.5896, 6.3147],
	[5.6533, 5.1831]
  ]
]

MSE: 1.130489
=========================================================
          Learning params for data #44
=========================================================
Actual Params: [8 0.0735 0.04923 0.8975 6 0.5]
Predicted Params: [8 0.0735 0.04923 0.8975 6 0.5311]
Actual M:[
  [
	[5.1491, 5.8953],
	[3.9447, 7.3325],
	[6.8083, 3.5727],
	[1.1665, 9.1609],
	[6.7705, 5.7054],
	[9.2355, 2.3703],
	[3.7491, 7.9505],
	[4.7755, 7.1808],
	[7.6719, 5.7274],
	[9.5591, 8.4248]
  ]
]

Predicted M:[
  [
	[7.7543, 7.6864],
	[1.5764, 4.1991],
	[3.9953, 5.565],
	[2.7594, 6.0408],
	[2.9869, 9.6892],
	[2.9936, 9.494],
	[5.5442, 2.7217],
	[6.7213, 9.7292],
	[15.927, 2.0136],
	[5.6565, 3.1591]
  ]
]

MSE: 0.064725
=========================================================
          Learning params for data #45
=========================================================
Actual Params: [15 0.0337 0.08939 0.5452 13 0.7]
Predicted Params: [15 0.0337 0.08939 0.5452 13 0.5351]
Actual M:[
  [
	[4.3544, 6.2989],
	[9.7568, 5.2562],
	[4.4252, 9.8034],
	[9.9346, 4.5708],
	[8.6021, 6.5891],
	[5.0773, 9.1332],
	[7.2437, 6.7963],
	[7.8814, 8.5915],
	[1.7054, 9.9985],
	[8.8579, 7.9701]
  ]
]

Predicted M:[
  [
	[4.2195, 4.9384],
	[9.0671, 7.5129],
	[6.1631, 10.7433],
	[6.0073, 10.3197],
	[9.5432, 2.8716],
	[4.5971, 5.8196],
	[1.3007, 4.9219],
	[2.4635, 3.2789],
	[7.6572, 2.3162],
	[6.4925, 2.0421]
  ]
]

MSE: 0.033341
=========================================================
          Learning params for data #46
=========================================================
Actual Params: [12 0.02965 0.08491 0.2296 6 0.7]
Predicted Params: [12 0.02965 0.08491 0.2296 6 0.5305]
Actual M:[
  [
	[2.1697, 5.8993],
	[7.6862, 7.7853],
	[8.4642, 9.6579],
	[9.7726, 3.4611],
	[9.9612, 6.3577],
	[9.0329, 7.8212],
	[5.4972, 9.9953],
	[9.8355, 8.9448],
	[7.2949, 9.8845],
	[6.3661, 9.999]
  ]
]

Predicted M:[
  [
	[4.1803, 4.3669],
	[1.5752, 5.1533],
	[11.7297, 5.3288],
	[9.6771, 5.0377],
	[11.0823, 6.8902],
	[3.3021, 3.6435],
	[3.8053, 4.2074],
	[2.2984, 1.4351],
	[10.8618, 2.7646],
	[5.2392, 9.6126]
  ]
]

MSE: 0.300431
=========================================================
          Learning params for data #47
=========================================================
Actual Params: [10 0.08955 0.07047 0.5979 14 0.3]
Predicted Params: [10 0.08955 0.07047 0.5979 14 0.5649]
Actual M:[
  [
	[9.3226, 8.353],
	[1.7509, 9.0521],
	[6.0417, 8.4835],
	[3.3531, 9.574],
	[5.6581, 9.425],
	[9.419, 2.8907],
	[9.8615, 3.6196],
	[9.7655, 8.0401],
	[8.7866, 9.731],
	[7.3348, 9.9957]
  ]
]

Predicted M:[
  [
	[7.6143, 3.2032],
	[6.4712, 2.1507],
	[1.3736, 10.5411],
	[4.4184, 6.3212],
	[6.5271, 3.1431],
	[6.9111, 2.8094],
	[5.5635, 7.3358],
	[2.094, 2.9665],
	[10.5166, 10.2852],
	[4.7452, 1.4391]
  ]
]

MSE: 0.355110
=========================================================
          Learning params for data #48
=========================================================
Actual Params: [11 0.00956 0.04818 0.7677 5 0.3]
Predicted Params: [11 0.00956 0.04818 0.7677 5 0.6611]
Actual M:[
  [
	[1.9447, 7.1559],
	[2.5096, 5.0764],
	[3.6521, 8.1776],
	[8.5447, 5.6947],
	[5.2012, 7.5984],
	[7.9856, 8.349],
	[9.0503, 3.0858],
	[7.3252, 9.1455],
	[8.7195, 6.7496],
	[9.4678, 1.5403]
  ]
]

Predicted M:[
  [
	[3.6677, 4.0112],
	[1.3244, 10.446],
	[3.7812, 9.7075],
	[4.4981, 7.8506],
	[2.9353, 8.5144],
	[3.8443, 45.1009],
	[5.4467, 5.7979],
	[24.188, 7.6296],
	[6.6651, 7.1532],
	[1.7396, 7.3223]
  ]
]

MSE: 0.005291
=========================================================
          Learning params for data #49
=========================================================
Actual Params: [10 0.03224 0.01012 0.2097 9 0.3]
Predicted Params: [10 0.03224 0.01012 0.2097 9 0.5182]
Actual M:[
  [
	[4.8641, 2.5714],
	[6.8029, 1.2825],
	[9.0926, 4.8258],
	[3.2516, 6.9987],
	[2.8964, 8.9836],
	[8.5722, 8.9138],
	[3.612, 9.8589],
	[9.7212, 4.0825],
	[8.788, 8.1421],
	[4.3456, 9.6212]
  ]
]

Predicted M:[
  [
	[5.4086, 8.0672],
	[8.2382, 3.7571],
	[4.5369, 8.728],
	[7.6782, 5.9497],
	[7.6678, 3.2969],
	[9.8712, 6.7483],
	[2.2534, 2.056],
	[5.2487, 5.7001],
	[5.6809, 3.2755],
	[7.8968, 6.0049]
  ]
]

MSE: 0.623311
=========================================================
          Learning params for data #50
=========================================================
Actual Params: [11 0.04572 0.02253 0.4123 10 0.3]
Predicted Params: [11 0.04572 0.02253 0.4123 10 0.479]
Actual M:[
  [
	[3.8574, 1.2602],
	[7.7971, 7.8601],
	[2.1911, 8.23],
	[9.0069, 6.7984],
	[9.546, 1.6451],
	[9.1281, 7.4311],
	[5.3116, 8.1917],
	[4.111, 8.3337],
	[5.9753, 9.1803],
	[3.5566, 9.5863]
  ]
]

Predicted M:[
  [
	[2.9423, 6.9962],
	[1.1862, 2.0563],
	[4.2974, 7.1947],
	[11.8067, 2.3411],
	[7.4949, 5.6192],
	[10.0746, 6.8479],
	[6.1875, 1.6427],
	[3.2311, 4.5224],
	[5.5855, 10.9783],
	[4.1744, 9.5512]
  ]
]

MSE: 0.373991


MSE list: [0.534 0.499 1.001 0.4113 0.5363 0.2911 0.7007 0.008513 0.5403 0.655 0.02378 0.5913 0.4195 5.652e-05 0.4485 0.1485 0.9702 0.7228 0.5959 0.0002174 0.03846 0.05684 0.8299 0.4002 0.002612 1.354 0.05297 0.0352 0.2882 0.05925 0.01464 0.9738 0.6284 0.001548 0.05246 0.6822 0.7287 0.05929 1.693 0.9177 0.6425 0.2789 1.13 0.06473 0.03334 0.3004 0.3551 0.005291 0.6233 0.374]
MSE mean: 0.435507
MSE std: 0.397046
Time elapsed: 2031.631095
