set_nopts7_ncomb3_nproblem50_no3
Ns: 5000
=========================================================
          Learning params for data #1
=========================================================
Actual Params: [10 0.04173 0.03466 0.5572 5 0.5]
Predicted Params: [10 0.04173 0.03466 0.5572 5 0.5064]
Actual M:[
  [
	[3.327, 6.6774],
	[4.0886, 7.1075],
	[8.324, 5.7177],
	[4.2363, 9.2446],
	[9.3038, 2.5745],
	[9.4992, 7.1997],
	[9.095, 9.4601]
  ]
]

Predicted M:[
  [
	[4.339, 2.4766],
	[7.2063, 5.1941],
	[3.0111, 5.5002],
	[3.0011, 15.0774],
	[1.5288, 6.1055],
	[1.7246, 6.3107],
	[11.8228, 5.8198]
  ]
]

MSE: 0.152426
=========================================================
          Learning params for data #2
=========================================================
Actual Params: [14 0.06396 0.07738 0.1246 8 0.3]
Predicted Params: [14 0.06396 0.07738 0.1246 8 0.545]
Actual M:[
  [
	[2.2974, 2.9521],
	[1.474, 4.8123],
	[4.2977, 5.899],
	[3.0344, 6.4832],
	[8.5602, 6.0094],
	[8.3612, 7.468],
	[9.4391, 9.4863]
  ]
]

Predicted M:[
  [
	[3.6558, 3.5236],
	[6.0176, 1.8743],
	[4.4994, 5.8562],
	[6.9908, 3.3972],
	[5.9835, 6.8219],
	[12.2939, 6.3174],
	[4.6306, 5.0724]
  ]
]

MSE: 0.000056
=========================================================
          Learning params for data #3
=========================================================
Actual Params: [15 0.04136 0.02832 0.8968 8 0.3]
Predicted Params: [15 0.04136 0.02832 0.8968 8 0.5105]
Actual M:[
  [
	[7.6431, 1.1469],
	[6.6651, 4.4841],
	[5.208, 9.7819],
	[9.2695, 7.3456],
	[1.745, 9.9442],
	[3.2269, 9.9128],
	[9.1759, 7.6372]
  ]
]

Predicted M:[
  [
	[4.7632, 3.1813],
	[2.9712, 2.3747],
	[6.4295, 6.1106],
	[5.5556, 6.1335],
	[1.846, 7.9612],
	[3.3944, 9.2314],
	[1.2149, 8.55]
  ]
]

MSE: 0.001008
=========================================================
          Learning params for data #4
=========================================================
Actual Params: [12 0.06466 0.06487 0.3647 7 0.3]
Predicted Params: [12 0.06466 0.06487 0.3647 7 0.2451]
Actual M:[
  [
	[9.9268, 4.1831],
	[4.2173, 8.7973],
	[4.6485, 6.2715],
	[8.3487, 6.1024],
	[6.0533, 9.2011],
	[7.4545, 6.5053],
	[9.7432, 6.0184]
  ]
]

Predicted M:[
  [
	[0.90653, 0.53976],
	[1.4396, 71.334],
	[7.1909, 2.2911],
	[1.2386, 0.37177],
	[1.3231, 1043.3394],
	[5.5951, 4.5519],
	[4.6716, 12.3482]
  ]
]

MSE: 0.043826
=========================================================
          Learning params for data #5
=========================================================
Actual Params: [5 0.09737 0.06753 0.4007 13 0.7]
Predicted Params: [5 0.09737 0.06753 0.4007 13 0.4946]
Actual M:[
  [
	[4.9984, 8.1544],
	[9.41, 2.7158],
	[9.5546, 9.7634],
	[9.6854, 5.1078],
	[2.5405, 9.8447],
	[9.591, 9.8889],
	[3.1829, 9.9833]
  ]
]

Predicted M:[
  [
	[5.6922, 7.9479],
	[8.0543, 6.8504],
	[10.081, 5.9627],
	[7.5923, 8.3729],
	[1.9883, 9.9615],
	[10.3985, 5.9732],
	[2.6374, 6.1736]
  ]
]

MSE: 0.000509
=========================================================
          Learning params for data #6
=========================================================
Actual Params: [12 0.0142 0.0685 0.8973 8 0.3]
Predicted Params: [12 0.0142 0.0685 0.8973 8 0.4893]
Actual M:[
  [
	[3.3564, 7.221],
	[7.9815, 6.1756],
	[9.6194, 3.3845],
	[4.5675, 7.8075],
	[3.5872, 8.0994],
	[9.2473, 6.8654],
	[8.3528, 7.5186]
  ]
]

Predicted M:[
  [
	[1.8628, 5.6241],
	[4.3195, 3.3807],
	[3.2323, 5.0252],
	[3.3281, 5.0515],
	[7.8231, 8.7337],
	[5.3327, 11.149],
	[3.4496, 7.2747]
  ]
]

MSE: 0.027055
=========================================================
          Learning params for data #7
=========================================================
Actual Params: [14 0.02476 0.06473 0.3003 9 0.5]
Predicted Params: [14 0.02476 0.06473 0.3003 9 0.4134]
Actual M:[
  [
	[7.0741, 4.604],
	[6.349, 9.8188],
	[8.1352, 7.7365],
	[9.6996, 6.8206],
	[7.405, 8.7926],
	[8.8678, 8.2088],
	[9.008, 8.6008]
  ]
]

Predicted M:[
  [
	[3.35, 1.7632],
	[1.1415, 3.1473],
	[5.4574, 1.3108],
	[8.7147, 1.9207],
	[1.2843, 7.4407],
	[2.7213, 7.3805],
	[10.2185, 6.0996]
  ]
]

MSE: 0.015097
=========================================================
          Learning params for data #8
=========================================================
Actual Params: [3 0.00206 0.002506 0.688 11 0.5]
Predicted Params: [3 0.00206 0.002506 0.688 11 0.5095]
Actual M:[
  [
	[6.8225, 1.9709],
	[3.284, 7.9561],
	[5.6183, 3.7759],
	[8.0486, 8.6327],
	[9.6146, 3.4787],
	[9.7305, 7.6386],
	[8.6793, 9.9176]
  ]
]

Predicted M:[
  [
	[6.7911, 2.8577],
	[1.9166, 7.6594],
	[9.0534, 4.7189],
	[7.9609, 7.0705],
	[3.1385, 1.1823],
	[4.1992, 6.0944],
	[2.0381, 1.4248]
  ]
]

MSE: 0.851709
=========================================================
          Learning params for data #9
=========================================================
Actual Params: [14 0.06625 0.03704 0.6563 5 0.3]
Predicted Params: [14 0.06625 0.03704 0.6563 5 0.4872]
Actual M:[
  [
	[3.8837, 3.0405],
	[5.4982, 4.471],
	[7.3711, 8.8009],
	[8.3285, 7.9562],
	[6.5133, 9.591],
	[9.0034, 9.0064],
	[9.9171, 4.2581]
  ]
]

Predicted M:[
  [
	[4.2355, 2.7911],
	[7.3127, 5.7065],
	[7.2968, 9.4843],
	[4.1224, 6.5378],
	[8.6505, 1.9532],
	[4.8969, 6.7142],
	[3.8084, 4.1124]
  ]
]

MSE: 0.000057
=========================================================
          Learning params for data #10
=========================================================
Actual Params: [5 0.08267 0.07421 1.08 8 0.5]
Predicted Params: [5 0.08267 0.07421 1.08 8 0.488]
Actual M:[
  [
	[7.6659, 3.199],
	[6.394, 3.2064],
	[8.4579, 5.6233],
	[3.904, 9.0843],
	[5.3382, 5.978],
	[6.321, 6.9612],
	[4.6318, 7.764]
  ]
]

Predicted M:[
  [
	[2.4289, 3.7756],
	[7.9225, 4.9673],
	[1.8504, 26.956],
	[4.9575, 6.0882],
	[8.1681, 5.6292],
	[7.7147, 2.0208],
	[5.856, 4.7256]
  ]
]

MSE: 0.026177
=========================================================
          Learning params for data #11
=========================================================
Actual Params: [2 0.07543 0.01362 0.2603 7 0.5]
Predicted Params: [2 0.07543 0.01362 0.2603 7 0.5]
Actual M:[
  [
	[2.7149, 7.8611],
	[7.5578, 7.062],
	[4.3595, 7.1156],
	[8.5539, 1.86],
	[9.0947, 2.1496],
	[5.0928, 7.3231],
	[7.4843, 8.1818]
  ]
]

Predicted M:[
  [
	[7.1952, 3.9326],
	[9.89, 5.5162],
	[7.0445, 2.9161],
	[9.9152, 3.0431],
	[8.6772, 9.5942],
	[7.6505, 1.8648],
	[7.7095, 8.0609]
  ]
]

MSE: 0.117065
=========================================================
          Learning params for data #12
=========================================================
Actual Params: [6 0.05363 0.02741 0.5381 6 0.5]
Predicted Params: [6 0.05363 0.02741 0.5381 6 0.4742]
Actual M:[
  [
	[7.7621, 6.6627],
	[2.3771, 7.5314],
	[9.0064, 3.625],
	[6.7891, 8.8424],
	[9.5072, 7.3945],
	[1.9561, 9.9833],
	[2.8941, 9.0373]
  ]
]

Predicted M:[
  [
	[2.1289, 5.6602],
	[1.4204, 7.6387],
	[4.2247, 5.5129],
	[7.2227, 2.6927],
	[3.5366, 24.6284],
	[6.7223, 2.8461],
	[4.6092, 8.8378]
  ]
]

MSE: 0.044569
=========================================================
          Learning params for data #13
=========================================================
Actual Params: [15 0.08622 0.07872 0.9453 10 0.3]
Predicted Params: [15 0.08622 0.07872 0.9453 10 0.4916]
Actual M:[
  [
	[3.6343, 5.254],
	[5.0375, 6.611],
	[7.8551, 4.2397],
	[6.0613, 7.9627],
	[4.1093, 8.6098],
	[9.3496, 5.0103],
	[6.8989, 9.6835]
  ]
]

Predicted M:[
  [
	[6.5371, 6.0513],
	[6.7874, 5.3678],
	[7.7856, 1.5543],
	[5.2261, 5.1056],
	[4.8841, 5.278],
	[10.5949, 1.4349],
	[6.3714, 9.5901]
  ]
]

MSE: 0.000005
=========================================================
          Learning params for data #14
=========================================================
Actual Params: [15 0.0677 0.06941 0.6509 12 0.7]
Predicted Params: [15 0.0677 0.06941 0.6509 12 0.5043]
Actual M:[
  [
	[8.9752, 7.9693],
	[9.0227, 4.0156],
	[2.987, 8.4807],
	[1.0734, 9.6682],
	[4.3918, 9.9262],
	[4.4049, 8.7976],
	[9.0919, 2.7817]
  ]
]

Predicted M:[
  [
	[10.9784, 8.8024],
	[4.8515, 12.0555],
	[6.9954, 4.6234],
	[8.0306, 6.1103],
	[8.7731, 9.5908],
	[5.3654, 9.631],
	[3.1832, 6.5286]
  ]
]

MSE: 0.042145
=========================================================
          Learning params for data #15
=========================================================
Actual Params: [14 0.07321 0.04222 0.6657 5 0.7]
Predicted Params: [14 0.07321 0.04222 0.6657 5 0.5373]
Actual M:[
  [
	[4.9686, 8.3577],
	[8.4003, 6.3539],
	[7.9433, 7.782],
	[9.2073, 1.1233],
	[7.0697, 8.9936],
	[6.1967, 9.4941],
	[7.4922, 9.1242]
  ]
]

Predicted M:[
  [
	[10.3309, 1.0127],
	[13.5773, 1.4359],
	[1.5281, 7.1514],
	[10.8165, 5.1561],
	[3.4312, 6.2521],
	[5.7704, 4.6627],
	[5.5232, 1.2289]
  ]
]

MSE: 0.119359
=========================================================
          Learning params for data #16
=========================================================
Actual Params: [11 0.02012 0.01304 0.6664 7 0.7]
Predicted Params: [11 0.02012 0.01304 0.6664 7 0.4979]
Actual M:[
  [
	[5.7691, 7.0094],
	[6.7953, 8.5549],
	[6.853, 1.0135],
	[9.1415, 8.6122],
	[5.2595, 9.5793],
	[9.9189, 1.033],
	[9.3154, 8.3068]
  ]
]

Predicted M:[
  [
	[6.0607, 3.8511],
	[7.3495, 1.7983],
	[5.2506, 1.5224],
	[7.8212, 7.3808],
	[6.1333, 4.0367],
	[7.0923, 3.2434],
	[1.7142, 8.4802]
  ]
]

MSE: 0.000316
=========================================================
          Learning params for data #17
=========================================================
Actual Params: [1 0.07412 0.01904 0.6049 5 0.7]
Predicted Params: [1 0.07412 0.01904 0.6049 5 0.4918]
Actual M:[
  [
	[6.1528, 8.7033],
	[7.6459, 8.1704],
	[9.7327, 4.2925],
	[7.8504, 5.4713],
	[9.7686, 6.23],
	[3.1559, 9.7778],
	[3.4023, 9.5208]
  ]
]

Predicted M:[
  [
	[7.4105, 6.9351],
	[6.1128, 9.0616],
	[2.5979, 4.4975],
	[8.7507, 2.3415],
	[5.4125, 2.178],
	[2.5065, 4.6558],
	[5.6674, 9.055]
  ]
]

MSE: 0.203048
=========================================================
          Learning params for data #18
=========================================================
Actual Params: [15 0.05014 0.07274 0.58 14 0.3]
Predicted Params: [15 0.05014 0.07274 0.58 14 0.4891]
Actual M:[
  [
	[3.9882, 1.3577],
	[9.4775, 7.3976],
	[2.5902, 8.8688],
	[9.9678, 8.0574],
	[1.3232, 9.9303],
	[3.7649, 8.9732],
	[4.193, 9.2896]
  ]
]

Predicted M:[
  [
	[3.9961, 4.5776],
	[9.128, 5.8033],
	[4.9443, 3.8166],
	[4.5254, 10.7673],
	[7.8628, 2.2351],
	[7.6689, 6.6411],
	[6.8556, 8.3215]
  ]
]

MSE: 0.000140
=========================================================
          Learning params for data #19
=========================================================
Actual Params: [13 0.03067 0.08369 0.3442 14 0.7]
Predicted Params: [13 0.03067 0.08369 0.3442 14 0.4829]
Actual M:[
  [
	[7.2944, 5.0455],
	[1.4517, 7.3932],
	[3.5498, 9.63],
	[9.1495, 8.8074],
	[5.7804, 8.9861],
	[8.0183, 9.0728],
	[9.5691, 9.4742]
  ]
]

Predicted M:[
  [
	[4.0066, 4.5571],
	[1.1065, 5.5085],
	[2.7201, 1.9285],
	[12.8978, 3.8],
	[4.1602, 3.263],
	[9.678, 7.2845],
	[1.9189, 17.7225]
  ]
]

MSE: 0.000000
=========================================================
          Learning params for data #20
=========================================================
Actual Params: [6 0.03177 0.03314 1.014 14 0.7]
Predicted Params: [6 0.03177 0.03314 1.014 14 0.5006]
Actual M:[
  [
	[5.4887, 1.4135],
	[5.1482, 2.0023],
	[2.1018, 5.6099],
	[7.5743, 8.7419],
	[9.9142, 5.1385],
	[5.1646, 8.7571],
	[5.6523, 9.2198]
  ]
]

Predicted M:[
  [
	[6.6898, 7.8085],
	[5.487, 6.2308],
	[3.7155, 6.7981],
	[10.1589, 9.5897],
	[8.1038, 5.887],
	[5.5262, 5.4821],
	[3.7322, 6.5804]
  ]
]

MSE: 0.000012
=========================================================
          Learning params for data #21
=========================================================
Actual Params: [5 0.03486 0.03459 0.5414 10 0.5]
Predicted Params: [5 0.03486 0.03459 0.5414 10 0.5059]
Actual M:[
  [
	[5.1157, 9.7034],
	[5.0214, 9.7164],
	[8.48, 7.5629],
	[9.5323, 7.6679],
	[5.2228, 8.3903],
	[6.6956, 9.2859],
	[9.5495, 5.1278]
  ]
]

Predicted M:[
  [
	[2.7698, 1.1929],
	[5.489, 3.0034],
	[5.4938, 7.6863],
	[2.6143, 7.5408],
	[3.4103, 5.0682],
	[8.1603, 3.9468],
	[1.336, 9.344]
  ]
]

MSE: 0.019905
=========================================================
          Learning params for data #22
=========================================================
Actual Params: [7 0.06758 0.04739 0.1622 13 0.3]
Predicted Params: [7 0.06758 0.04739 0.1622 13 0.4701]
Actual M:[
  [
	[7.2255, 7.4346],
	[6.4266, 8.9665],
	[8.2899, 9.9352],
	[9.688, 8.804],
	[9.2315, 9.288],
	[9.8556, 5.1935],
	[9.7357, 5.7917]
  ]
]

Predicted M:[
  [
	[2.8313, 8.074],
	[4.1972, 9.5408],
	[1.7196, 9.4299],
	[3.8972, 5.3319],
	[2.4469, 8.3434],
	[3.618, 4.8556],
	[1.5653, 1.7207]
  ]
]

MSE: 0.006059
=========================================================
          Learning params for data #23
=========================================================
Actual Params: [5 0.02364 0.07574 0.8994 13 0.5]
Predicted Params: [5 0.02364 0.07574 0.8994 13 0.5505]
Actual M:[
  [
	[1.9776, 5.964],
	[4.8327, 6.4785],
	[4.3378, 7.3563],
	[1.3579, 8.1593],
	[4.9548, 4.4014],
	[7.1263, 5.7199],
	[2.5379, 9.9911]
  ]
]

Predicted M:[
  [
	[2.8853, 6.3743],
	[1.7408, 7.8497],
	[4.9672, 6.5199],
	[6.4217, 4.7741],
	[6.5602, 11.7561],
	[10.7023, 10.0824],
	[7.1817, 3.8679]
  ]
]

MSE: 0.179648
=========================================================
          Learning params for data #24
=========================================================
Actual Params: [14 0.09659 0.09652 0.584 10 0.5]
Predicted Params: [14 0.09659 0.09652 0.584 10 0.4433]
Actual M:[
  [
	[5.9212, 6.5197],
	[6.5812, 5.2127],
	[8.1826, 2.2498],
	[5.5496, 7.6334],
	[9.1699, 4.9284],
	[3.4655, 9.8281],
	[7.9428, 8.1197]
  ]
]

Predicted M:[
  [
	[5.019, 1.4411],
	[4.2332, 4.3933],
	[3.7707, 3.5612],
	[2.5713, 2.6229],
	[1.4945, 7.6854],
	[10.1835, 2.8662],
	[1.1949, 32.5531]
  ]
]

MSE: 0.055770
=========================================================
          Learning params for data #25
=========================================================
Actual Params: [10 0.04549 0.06464 0.7728 10 0.5]
Predicted Params: [10 0.04549 0.06464 0.7728 10 0.4907]
Actual M:[
  [
	[6.6858, 7.3468],
	[7.7625, 7.9538],
	[8.2591, 7.2645],
	[3.6829, 9.9118],
	[8.6357, 5.0998],
	[9.794, 8.2071],
	[4.4019, 8.2438]
  ]
]

Predicted M:[
  [
	[5.9502, 2.1713],
	[5.1769, 5.8182],
	[5.5026, 5.7047],
	[3.4976, 1.1366],
	[5.8304, 5.0032],
	[7.3565, 6.153],
	[2.0968, 6.1655]
  ]
]

MSE: 0.066604
=========================================================
          Learning params for data #26
=========================================================
Actual Params: [15 0.08835 0.007312 0.8931 9 0.3]
Predicted Params: [15 0.08835 0.007312 0.8931 9 0.5038]
Actual M:[
  [
	[6.1669, 6.5828],
	[4.3659, 7.0038],
	[9.18, 8.0972],
	[9.133, 9.8641],
	[9.7303, 4.0031],
	[9.7375, 5.3272],
	[9.3679, 8.0223]
  ]
]

Predicted M:[
  [
	[4.3533, 6.3414],
	[7.3964, 10.0094],
	[5.5478, 8.4],
	[9.028, 4.0262],
	[3.4463, 1.3897],
	[4.1961, 8.8806],
	[3.3255, 4.7778]
  ]
]

MSE: 0.294706
=========================================================
          Learning params for data #27
=========================================================
Actual Params: [5 0.06485 0.01674 0.2932 8 0.3]
Predicted Params: [5 0.06485 0.01674 0.2932 8 0.4008]
Actual M:[
  [
	[7.1308, 1.116],
	[9.806, 1.7742],
	[8.0413, 4.8606],
	[8.6069, 7.8289],
	[9.6056, 4.6065],
	[9.7815, 2.0885],
	[9.7074, 8.8897]
  ]
]

Predicted M:[
  [
	[3.2492, 19.4977],
	[2.814, 3.3677],
	[2.4666, 1.9191],
	[3.1301, 249.1016],
	[3.852, 6.8565],
	[0.48986, 6.05],
	[3.5706, 3.7613]
  ]
]

MSE: 0.000023
=========================================================
          Learning params for data #28
=========================================================
Actual Params: [8 0.02488 0.08888 0.9409 8 0.5]
Predicted Params: [8 0.02488 0.08888 0.9409 8 0.4005]
Actual M:[
  [
	[9.8468, 2.2936],
	[1.6812, 8.7437],
	[4.1996, 7.3414],
	[4.6204, 7.9623],
	[9.7142, 7.4358],
	[3.4081, 8.7815],
	[5.6816, 8.3196]
  ]
]

Predicted M:[
  [
	[4.6723, 19.45],
	[5.2216, 1.6985],
	[3.9163, 3.6661],
	[2.9299, 1.5748],
	[5.7147, 8.6241],
	[10.3267, 1.1979],
	[41.9616, 2.2892]
  ]
]

MSE: 0.011941
=========================================================
          Learning params for data #29
=========================================================
Actual Params: [1 0.08105 0.04077 0.3827 10 0.7]
Predicted Params: [1 0.08105 0.04077 0.3827 10 0.4727]
Actual M:[
  [
	[7.2791, 1.5122],
	[1.983, 8.9363],
	[9.1406, 6.0623],
	[2.9346, 6.5318],
	[8.9823, 8.8163],
	[4.3756, 8.9665],
	[9.4331, 1.0098]
  ]
]

Predicted M:[
  [
	[1.0904, 8.96],
	[5.7489, 2.8551],
	[1.3566, 10.7992],
	[1.1646, 1.5078],
	[9.8109, 9.0694],
	[6.4758, 4.1334],
	[1.4212, 5.7846]
  ]
]

MSE: 0.070865
=========================================================
          Learning params for data #30
=========================================================
Actual Params: [11 0.0596 0.05473 0.9369 11 0.3]
Predicted Params: [11 0.0596 0.05473 0.9369 11 0.5137]
Actual M:[
  [
	[5.0091, 8.123],
	[9.5193, 5.3376],
	[6.4856, 9.9725],
	[9.3325, 7.5253],
	[7.4858, 9.0879],
	[9.9934, 4.3376],
	[7.1678, 9.674]
  ]
]

Predicted M:[
  [
	[1.2479, 8.7863],
	[4.8899, 3.7781],
	[3.8749, 9.6221],
	[5.5979, 4.9406],
	[7.24, 4.7718],
	[7.8079, 1.5264],
	[6.2784, 10.0868]
  ]
]

MSE: 0.000090
=========================================================
          Learning params for data #31
=========================================================
Actual Params: [6 0.02485 0.07272 1.027 14 0.3]
Predicted Params: [6 0.02485 0.07272 1.027 14 0.5122]
Actual M:[
  [
	[1.2527, 8.1622],
	[9.7591, 3.5672],
	[7.4943, 5.8344],
	[9.4486, 8.4747],
	[3.5832, 8.5887],
	[4.943, 8.6819],
	[2.3856, 9.6749]
  ]
]

Predicted M:[
  [
	[11.6403, 10.1464],
	[4.4937, 6.1258],
	[1.8283, 4.9563],
	[9.9901, 2.8912],
	[5.8155, 6.6433],
	[11.8178, 6.4659],
	[9.122, 3.2757]
  ]
]

MSE: 0.031721
=========================================================
          Learning params for data #32
=========================================================
Actual Params: [14 0.04626 0.004661 0.5431 12 0.7]
Predicted Params: [14 0.04626 0.004661 0.5431 12 0.45]
Actual M:[
  [
	[3.8775, 4.7021],
	[5.33, 8.7948],
	[2.2327, 9.042],
	[7.8272, 3.656],
	[5.9873, 9.2125],
	[5.7056, 9.3973],
	[6.1278, 5.0096]
  ]
]

Predicted M:[
  [
	[2.9186, 8.9516],
	[8.1985, 3.6777],
	[6.5401, 3.7769],
	[3.6014, 11.3289],
	[8.4037, 7.2441],
	[8.0062, 5.0206],
	[2.3655, 4.3517]
  ]
]

MSE: 0.001022
=========================================================
          Learning params for data #33
=========================================================
Actual Params: [13 0.07621 0.07207 1.027 8 0.5]
Predicted Params: [13 0.07621 0.07207 1.027 8 0.4961]
Actual M:[
  [
	[1.4459, 9.8822],
	[4.2686, 1.7987],
	[9.8086, 4.6698],
	[7.1155, 6.2553],
	[4.6007, 6.905],
	[4.2687, 7.8221],
	[9.023, 8.7118]
  ]
]

Predicted M:[
  [
	[7.5173, 7.0024],
	[2.3681, 3.9713],
	[4.1083, 11.0124],
	[6.1406, 5.8346],
	[7.6112, 1.6059],
	[2.8293, 8.4657],
	[9.8825, 6.2696]
  ]
]

MSE: 0.000129
=========================================================
          Learning params for data #34
=========================================================
Actual Params: [15 0.08867 0.09545 0.7932 5 0.7]
Predicted Params: [15 0.08867 0.09545 0.7932 5 0.523]
Actual M:[
  [
	[4.0135, 1.0896],
	[5.7161, 7.7862],
	[6.6407, 2.1885],
	[7.5378, 5.659],
	[4.3712, 9.5197],
	[7.6912, 4.7769],
	[9.2523, 3.5698]
  ]
]

Predicted M:[
  [
	[1.5518, 1.9909],
	[7.8487, 3.8571],
	[1.0262, 7.0997],
	[4.7008, 4.5704],
	[4.8126, 6.7536],
	[7.7811, 9.5276],
	[8.9107, 10.1424]
  ]
]

MSE: 0.059422
=========================================================
          Learning params for data #35
=========================================================
Actual Params: [3 0.05119 0.03325 0.5536 10 0.3]
Predicted Params: [3 0.05119 0.03325 0.5536 10 0.946]
Actual M:[
  [
	[7.1497, 5.8758],
	[4.7908, 6.3148],
	[8.9103, 9.735],
	[8.987, 2.6316],
	[9.8512, 6.5245],
	[9.0502, 7.7813],
	[9.4283, 9.6333]
  ]
]

Predicted M:[
  [
	[0.12302, 0.00014992],
	[0.0071353, 0.0074161],
	[688501.238, 5.8545],
	[1.158, 29.8684],
	[0.052805, 542869396.449],
	[10.0626, 35.6207],
	[0.026703, 8.5858]
  ]
]

MSE: 0.241207
=========================================================
          Learning params for data #36
=========================================================
Actual Params: [1 0.09731 0.07261 0.6351 8 0.5]
Predicted Params: [1 0.09731 0.07261 0.6351 8 0.5131]
Actual M:[
  [
	[2.2197, 3.774],
	[8.0106, 9.4678],
	[9.869, 9.4018],
	[9.9788, 2.4644],
	[9.465, 9.9689],
	[9.9577, 5.7915],
	[9.9024, 8.0283]
  ]
]

Predicted M:[
  [
	[7.7021, 4.4289],
	[4.9456, 4.5957],
	[7.2068, 10.1172],
	[4.3668, 9.5164],
	[10.9812, 5.7403],
	[9.7388, 3.2364],
	[7.2884, 4.7647]
  ]
]

MSE: 0.000214
=========================================================
          Learning params for data #37
=========================================================
Actual Params: [3 0.06025 0.04262 0.3752 7 0.7]
Predicted Params: [3 0.06025 0.04262 0.3752 7 0.4946]
Actual M:[
  [
	[2.4045, 2.0203],
	[1.2491, 4.9166],
	[1.4761, 4.1171],
	[5.8071, 4.5114],
	[6.5735, 7.4424],
	[5.3623, 8.4603],
	[6.7779, 3.3937]
  ]
]

Predicted M:[
  [
	[3.686, 5.6827],
	[8.1251, 1.095],
	[2.8021, 6.39],
	[5.3083, 5.2181],
	[3.3025, 2.0979],
	[9.9192, 8.3716],
	[3.2015, 1.6422]
  ]
]

MSE: 1.045472
=========================================================
          Learning params for data #38
=========================================================
Actual Params: [1 0.01134 0.05498 0.8991 10 0.3]
Predicted Params: [1 0.01134 0.05498 0.8991 10 0.5346]
Actual M:[
  [
	[7.6863, 5.6083],
	[5.3409, 8.2067],
	[5.6849, 5.7147],
	[6.8344, 8.3358],
	[8.7807, 7.7287],
	[9.9191, 6.8577],
	[9.2993, 9.9808]
  ]
]

Predicted M:[
  [
	[8.1022, 1.8248],
	[4.3908, 8.7138],
	[4.9372, 7.1641],
	[3.7062, 13.9068],
	[10.3296, 10.3574],
	[8.4752, 8.0453],
	[9.2925, 9.2102]
  ]
]

MSE: 0.000100
=========================================================
          Learning params for data #39
=========================================================
Actual Params: [14 0.07112 0.03963 0.2967 5 0.7]
Predicted Params: [14 0.07112 0.03963 0.2967 5 0.4929]
Actual M:[
  [
	[2.6931, 5.893],
	[2.792, 3.0681],
	[5.0717, 8.6698],
	[6.9049, 3.2014],
	[8.3053, 8.5737],
	[8.8967, 2.4935],
	[2.9741, 9.8402]
  ]
]

Predicted M:[
  [
	[6.8536, 5.6829],
	[3.4266, 2.6304],
	[9.6918, 8.2651],
	[7.4191, 4.4888],
	[5.7117, 7.6646],
	[4.5881, 9.8042],
	[7.361, 6.6968]
  ]
]

MSE: 0.162911
=========================================================
          Learning params for data #40
=========================================================
Actual Params: [1 0.01135 0.03966 0.8207 7 0.7]
Predicted Params: [1 0.01135 0.03966 0.8207 7 0.4845]
Actual M:[
  [
	[9.1949, 4.8677],
	[8.2397, 9.0565],
	[5.7094, 9.1744],
	[9.7241, 1.5692],
	[8.8703, 7.158],
	[7.1942, 9.6305],
	[9.9776, 4.6546]
  ]
]

Predicted M:[
  [
	[4.2926, 1.0343],
	[8.0412, 1.742],
	[3.3758, 4.9298],
	[1.1854, 10.0016],
	[5.7791, 4.5396],
	[2.9456, 9.7665],
	[1.4965, 7.1131]
  ]
]

MSE: 0.003711
=========================================================
          Learning params for data #41
=========================================================
Actual Params: [8 0.04968 0.07724 1.055 14 0.5]
Predicted Params: [8 0.04968 0.07724 1.055 14 0.4966]
Actual M:[
  [
	[3.8712, 6.3995],
	[9.0109, 6.4456],
	[4.2482, 8.6279],
	[8.4712, 8.4912],
	[9.9773, 3.4216],
	[9.6112, 6.2656],
	[9.3909, 6.8838]
  ]
]

Predicted M:[
  [
	[6.2797, 7.5231],
	[5.4042, 8.8048],
	[5.3732, 9.3564],
	[6.4914, 5.7055],
	[7.6146, 10.0242],
	[8.6155, 9.3592],
	[10.5409, 7.417]
  ]
]

MSE: 0.046904
=========================================================
          Learning params for data #42
=========================================================
Actual Params: [1 0.02097 0.01112 0.3485 13 0.3]
Predicted Params: [1 0.02097 0.01112 0.3485 13 0.4838]
Actual M:[
  [
	[6.6162, 4.9083],
	[7.8462, 7.6689],
	[7.6423, 8.7848],
	[1.4807, 9.8504],
	[8.1223, 9.8215],
	[8.9364, 6.2788],
	[9.5945, 1.9474]
  ]
]

Predicted M:[
  [
	[9.4695, 8.7931],
	[7.9278, 5.3594],
	[7.2014, 7.5867],
	[4.2779, 4.5255],
	[12.9925, 7.5237],
	[5.4354, 7.2236],
	[5.1035, 4.6681]
  ]
]

MSE: 0.145943
=========================================================
          Learning params for data #43
=========================================================
Actual Params: [14 0.05287 0.02659 0.949 12 0.7]
Predicted Params: [14 0.05287 0.02659 0.949 12 0.4884]
Actual M:[
  [
	[9.403, 5.8903],
	[9.4999, 2.0014],
	[5.8658, 7.5297],
	[9.7228, 6.0831],
	[2.9448, 8.6846],
	[7.3754, 9.2716],
	[2.4738, 9.8987]
  ]
]

Predicted M:[
  [
	[8.6255, 7.8456],
	[1.6114, 3.3046],
	[1.3228, 3.5515],
	[5.1637, 4.6437],
	[8.6838, 6.3684],
	[6.0634, 9.218],
	[6.3053, 6.5196]
  ]
]

MSE: 0.353132
=========================================================
          Learning params for data #44
=========================================================
Actual Params: [2 0.05185 0.05062 1.012 5 0.7]
Predicted Params: [2 0.05185 0.05062 1.012 5 0.432]
Actual M:[
  [
	[8.7596, 6.2702],
	[4.1061, 6.4726],
	[9.0819, 6.6154],
	[4.9057, 7.2273],
	[5.9579, 7.6579],
	[4.8148, 9.7408],
	[9.8648, 6.0407]
  ]
]

Predicted M:[
  [
	[8.6713, 13.7918],
	[2.8839, 2.4118],
	[1.2728, 11.8407],
	[1.3373, 5.2784],
	[2.8806, 5.8715],
	[5.1449, 2.4632],
	[12.3224, 11.3052]
  ]
]

MSE: 0.011134
=========================================================
          Learning params for data #45
=========================================================
Actual Params: [15 0.09004 0.08821 0.8372 11 0.3]
Predicted Params: [15 0.09004 0.08821 0.8372 11 0.4862]
Actual M:[
  [
	[4.7248, 9.9736],
	[6.8231, 9.3949],
	[6.919, 9.986],
	[7.752, 1.5723],
	[7.6867, 2.7211],
	[8.9646, 6.7724],
	[9.9067, 5.627]
  ]
]

Predicted M:[
  [
	[7.9693, 5.2854],
	[6.0654, 10.957],
	[1.9469, 14.651],
	[2.5906, 6.207],
	[3.3874, 5.9566],
	[7.8751, 1.6842],
	[8.259, 3.5355]
  ]
]

MSE: 0.000104
=========================================================
          Learning params for data #46
=========================================================
Actual Params: [4 0.06908 0.0804 0.8337 6 0.7]
Predicted Params: [4 0.06908 0.0804 0.8337 6 0.4781]
Actual M:[
  [
	[6.1088, 2.4262],
	[8.4598, 6.4204],
	[7.2898, 9.1525],
	[8.7686, 9.3053],
	[9.918, 9.644],
	[4.9291, 9.9636],
	[8.6924, 9.791]
  ]
]

Predicted M:[
  [
	[4.9557, 2.872],
	[9.0478, 2.0259],
	[6.4055, 4.5618],
	[2.4177, 8.9839],
	[3.3113, 4.9814],
	[5.622, 1.5107],
	[7.2029, 6.5114]
  ]
]

MSE: 0.000159
=========================================================
          Learning params for data #47
=========================================================
Actual Params: [9 0.09894 0.09799 0.6267 10 0.3]
Predicted Params: [9 0.09894 0.09799 0.6267 10 0.4893]
Actual M:[
  [
	[6.9288, 2.3759],
	[4.9407, 9.6078],
	[6.7509, 7.535],
	[7.5354, 5.0587],
	[7.9645, 3.4682],
	[8.4721, 5.5728],
	[7.9217, 6.64]
  ]
]

Predicted M:[
  [
	[1.2908, 3.0524],
	[5.8134, 7.5555],
	[5.1322, 8.3376],
	[3.3575, 3.9761],
	[5.6616, 5.6668],
	[3.9223, 3.8688],
	[6.8849, 10.0478]
  ]
]

MSE: 0.000000
=========================================================
          Learning params for data #48
=========================================================
Actual Params: [3 0.08685 0.05326 1.013 9 0.7]
Predicted Params: [3 0.08685 0.05326 1.013 9 0.99]
Actual M:[
  [
	[5.4411, 8.3852],
	[6.2651, 7.9384],
	[6.8086, 6.8849],
	[8.3661, 4.7977],
	[8.3743, 2.8329],
	[7.5523, 8.916],
	[9.5791, 7.6088]
  ]
]

Predicted M:[
  [
	[1.1058, 14.2896],
	[0.36929, 348.8071],
	[2.4494, 1.6972],
	[1.3004, 5.135],
	[0.098317, 4.2906],
	[28.6472, 0.074226],
	[50897.9837, 2.0153]
  ]
]

MSE: 0.000391
=========================================================
          Learning params for data #49
=========================================================
Actual Params: [6 0.03731 0.02495 0.271 11 0.5]
Predicted Params: [6 0.03731 0.02495 0.271 11 0.99]
Actual M:[
  [
	[3.6444, 2.6634],
	[8.4657, 6.4761],
	[8.4951, 5.5219],
	[6.4651, 9.891],
	[8.8183, 1.5953],
	[7.9331, 9.8548],
	[8.6519, 7.9682]
  ]
]

Predicted M:[
  [
	[2.3739, 4.2063],
	[12.5535, 2.0261],
	[2.8262, 11.9234],
	[12.6909, 3.4786],
	[1.9919, 3.082],
	[5.5714, 12.1442],
	[132.0274, 1.1341]
  ]
]

MSE: 0.001271
=========================================================
          Learning params for data #50
=========================================================
Actual Params: [12 0.02368 0.01975 0.7032 12 0.3]
Predicted Params: [12 0.02368 0.01975 0.7032 12 0.5201]
Actual M:[
  [
	[4.0876, 6.1739],
	[3.2643, 7.5855],
	[3.961, 7.9872],
	[2.6363, 9.8607],
	[8.519, 4.5476],
	[8.5636, 3.1458],
	[5.2088, 8.4629]
  ]
]

Predicted M:[
  [
	[5.6327, 8.0893],
	[4.3988, 8.4387],
	[9.6267, 5.6511],
	[23.0021, 1.4409],
	[7.8385, 3.0305],
	[3.5595, 6.7868],
	[6.8501, 8.7527]
  ]
]

MSE: 0.010688


MSE list: [0.1524 5.643e-05 0.001008 0.04383 0.0005088 0.02706 0.0151 0.8517 5.732e-05 0.02618 0.1171 0.04457 5.38e-06 0.04215 0.1194 0.0003157 0.203 0.0001403 1.067e-07 1.249e-05 0.0199 0.006059 0.1796 0.05577 0.0666 0.2947 2.319e-05 0.01194 0.07086 8.999e-05 0.03172 0.001022 0.000129 0.05942 0.2412 0.0002145 1.045 0.0001001 0.1629 0.003711 0.0469 0.1459 0.3531 0.01113 0.0001043 0.0001587 3.267e-07 0.000391 0.001271 0.01069]
MSE mean: 0.089317
MSE std: 0.196358
Time elapsed: 1007.477800
