set_nopts7_ncomb1_nproblem50_no7
Ns: 5000
=========================================================
          Learning params for data #1
=========================================================
Actual Params: [1 0.005135 0.05128 0.9118 25 0.7]
Predicted Params: [1 0.005135 0.05128 0.9118 25 0.7]
Actual M:[
  [
	[5.5896, 6.9578],
	[6.0497, 3.7934],
	[7.1662, 3.3493],
	[9.4172, 4.325],
	[8.828, 6.9732],
	[9.6637, 7.3429],
	[4.4182, 7.4418]
  ]
]

Predicted M:[
  [
	[6.0987, 5.7515],
	[4.3613, 6.5874],
	[3.166, 8.5446],
	[2.7339, 2.3275],
	[2.9171, 7.1993],
	[10.2125, 1.0707],
	[5.3295, 6.5706]
  ]
]

MSE: 0.007887
=========================================================
          Learning params for data #2
=========================================================
Actual Params: [1 0.03436 0.03951 0.4355 25 0.7]
Predicted Params: [1 0.03436 0.03951 0.4355 25 0.7]
Actual M:[
  [
	[5.5426, 2.6108],
	[3.1776, 6.8513],
	[8.3106, 8.0483],
	[4.3908, 9.0841],
	[4.9314, 9.6346],
	[9.3328, 9.9239],
	[9.7545, 5.7829]
  ]
]

Predicted M:[
  [
	[1.387, 8.335],
	[6.6033, 2.5839],
	[5.4712, 6.9956],
	[4.5492, 2.1228],
	[6.1374, 10.7304],
	[7.6795, 9.3226],
	[3.5683, 5.0534]
  ]
]

MSE: 0.001859
=========================================================
          Learning params for data #3
=========================================================
Actual Params: [3 0.01945 0.04045 0.734 25 0.5]
Predicted Params: [3 0.01945 0.04045 0.734 25 0.5]
Actual M:[
  [
	[9.1731, 2.6836],
	[7.4864, 4.6372],
	[8.8483, 4.8532],
	[1.495, 7.2012],
	[9.2877, 3.8885],
	[3.7424, 7.3261],
	[1.6776, 9.9649]
  ]
]

Predicted M:[
  [
	[1.076, 5.0748],
	[5.3926, 10.9674],
	[7.3125, 7.1776],
	[8.9286, 2.6075],
	[7.7539, 4.3323],
	[8.8226, 7.8214],
	[6.8378, 1.1461]
  ]
]

MSE: 0.995599
=========================================================
          Learning params for data #4
=========================================================
Actual Params: [15 0.02566 0.05086 0.4763 25 0.3]
Predicted Params: [15 0.02566 0.05086 0.4763 25 0.3]
Actual M:[
  [
	[3.6233, 7.7012],
	[4.7142, 8.5814],
	[7.3549, 5.7318],
	[6.2823, 8.6027],
	[7.9622, 8.1762],
	[5.6109, 9.7872],
	[9.9539, 5.9244]
  ]
]

Predicted M:[
  [
	[2.0618, 1.4703],
	[7.7588, 5.6383],
	[7.7201, 9.3428],
	[2.5988, 7.7754],
	[8.9712, 8.8425],
	[1.4029, 8.1766],
	[8.622, 8.6384]
  ]
]

MSE: 0.963076
=========================================================
          Learning params for data #5
=========================================================
Actual Params: [6 0.0081 0.058 1.034 25 0.7]
Predicted Params: [6 0.0081 0.058 1.034 25 0.7]
Actual M:[
  [
	[2.7176, 6.2197],
	[8.4345, 8.3565],
	[9.0333, 6.3594],
	[1.0296, 8.6726],
	[9.9219, 9.0692],
	[9.8653, 9.3413],
	[2.6199, 9.6567]
  ]
]

Predicted M:[
  [
	[7.0492, 4.8279],
	[3.2829, 3.3205],
	[6.8134, 7.7139],
	[6.4612, 4.6227],
	[1.9499, 7.9186],
	[8.2251, 5.7696],
	[1.1939, 5.163]
  ]
]

MSE: 0.210503
=========================================================
          Learning params for data #6
=========================================================
Actual Params: [15 0.03366 0.0692 0.8877 25 0.7]
Predicted Params: [15 0.03366 0.0692 0.8877 25 0.7]
Actual M:[
  [
	[8.8956, 2.3916],
	[7.7859, 7.9184],
	[3.6281, 9.9325],
	[6.0811, 9.4478],
	[9.6422, 3.0118],
	[9.9074, 3.2028],
	[9.1852, 9.4823]
  ]
]

Predicted M:[
  [
	[4.3719, 3.6865],
	[4.5706, 3.8894],
	[3.1041, 3.8106],
	[5.9751, 5.1423],
	[3.3818, 8.3444],
	[4.2588, 8.0741],
	[10.6668, 2.4785]
  ]
]

MSE: 0.000019
=========================================================
          Learning params for data #7
=========================================================
Actual Params: [7 0.09314 0.03406 0.8788 25 0.7]
Predicted Params: [7 0.09314 0.03406 0.8788 25 0.7]
Actual M:[
  [
	[2.7235, 6.242],
	[9.4031, 2.8129],
	[3.9699, 2.8967],
	[5.725, 8.7688],
	[4.4253, 9.4753],
	[7.7331, 3.4889],
	[7.314, 7.365]
  ]
]

Predicted M:[
  [
	[7.4188, 3.7367],
	[9.6098, 7.257],
	[7.4025, 1.1048],
	[4.4297, 8.5624],
	[4.8032, 8.2424],
	[7.4085, 1.7721],
	[9.6113, 7.0575]
  ]
]

MSE: 0.000927
=========================================================
          Learning params for data #8
=========================================================
Actual Params: [4 0.03887 0.004182 0.4594 25 0.7]
Predicted Params: [4 0.03887 0.004182 0.4594 25 0.7]
Actual M:[
  [
	[5.2464, 2.6801],
	[2.2758, 8.1025],
	[7.8251, 3.2101],
	[4.2526, 9.2245],
	[8.0256, 5.8659],
	[4.9685, 8.325],
	[9.6748, 8.6455]
  ]
]

Predicted M:[
  [
	[1.9452, 3.4783],
	[1.11, 5.2227],
	[8.6344, 2.5505],
	[5.5332, 9.8055],
	[7.2807, 6.4272],
	[3.9858, 1.1821],
	[5.2681, 3.6708]
  ]
]

MSE: 1.333418
=========================================================
          Learning params for data #9
=========================================================
Actual Params: [4 0.08235 0.01142 0.4857 25 0.7]
Predicted Params: [4 0.08235 0.01142 0.4857 25 0.7]
Actual M:[
  [
	[1.5272, 7.4424],
	[2.0554, 8.5685],
	[7.1442, 9.6113],
	[9.9286, 7.4191],
	[9.961, 8.8367],
	[9.4217, 9.6788],
	[3.9268, 9.8223]
  ]
]

Predicted M:[
  [
	[5.6295, 4.4995],
	[9.1705, 7.3168],
	[7.9804, 5.214],
	[8.6899, 8.4424],
	[9.3311, 7.5238],
	[3.6082, 5.335],
	[5.3312, 4.8086]
  ]
]

MSE: 0.106830
=========================================================
          Learning params for data #10
=========================================================
Actual Params: [13 0.06488 0.05954 0.7671 25 0.7]
Predicted Params: [13 0.06488 0.05954 0.7671 25 0.7]
Actual M:[
  [
	[8.4119, 1.0925],
	[6.7942, 9.9425],
	[9.1691, 4.0052],
	[7.111, 5.4719],
	[9.012, 7.1317],
	[7.0822, 8.4682],
	[9.391, 1.2535]
  ]
]

Predicted M:[
  [
	[5.9239, 6.8614],
	[7.0931, 1.8149],
	[7.2696, 1.2689],
	[8.2248, 4.7004],
	[10.4835, 2.7934],
	[6.8059, 2.469],
	[9.7925, 3.2645]
  ]
]

MSE: 0.015966
=========================================================
          Learning params for data #11
=========================================================
Actual Params: [7 0.00221 0.06608 0.7378 25 0.5]
Predicted Params: [7 0.00221 0.06608 0.7378 25 0.5]
Actual M:[
  [
	[3.9256, 5.3814],
	[9.2657, 8.335],
	[2.9043, 9.5493],
	[9.3114, 6.9752],
	[9.4562, 7.5316],
	[3.9828, 8.679],
	[4.9968, 8.5943]
  ]
]

Predicted M:[
  [
	[3.0718, 2.2143],
	[7.162, 4.4493],
	[5.0684, 3.4248],
	[7.5652, 5.6346],
	[8.3845, 2.0563],
	[6.0158, 6.8267],
	[9.8773, 2.2375]
  ]
]

MSE: 1.126883
=========================================================
          Learning params for data #12
=========================================================
Actual Params: [5 0.04198 0.0805 0.4932 25 0.3]
Predicted Params: [5 0.04198 0.0805 0.4932 25 0.3]
Actual M:[
  [
	[9.7107, 9.2087],
	[3.9736, 9.6079],
	[4.9473, 9.2762],
	[6.1789, 9.2135],
	[3.0194, 9.7545],
	[8.241, 9.365],
	[8.2494, 9.375]
  ]
]

Predicted M:[
  [
	[5.6265, 8.4722],
	[5.9573, 5.9218],
	[6.4091, 3.1886],
	[3.2656, 4.6629],
	[6.7634, 7.4349],
	[5.9888, 1.3853],
	[5.9261, 5.0861]
  ]
]

MSE: 0.011929
=========================================================
          Learning params for data #13
=========================================================
Actual Params: [3 0.03123 0.01768 0.5345 25 0.3]
Predicted Params: [3 0.03123 0.01768 0.5345 25 0.3]
Actual M:[
  [
	[7.6431, 4.4083],
	[6.9069, 9.521],
	[9.1794, 2.9804],
	[9.864, 9.1184],
	[1.9273, 9.8812],
	[9.9287, 6.0829],
	[9.9612, 6.1609]
  ]
]

Predicted M:[
  [
	[9.5827, 1.4163],
	[8.7735, 4.9056],
	[9.9302, 4.2707],
	[7.0828, 3.1311],
	[5.6797, 5.8656],
	[6.3932, 4.5572],
	[6.9524, 4.9323]
  ]
]

MSE: 1.235807
=========================================================
          Learning params for data #14
=========================================================
Actual Params: [11 0.08816 0.04912 0.4998 25 0.5]
Predicted Params: [11 0.08816 0.04912 0.4998 25 0.5]
Actual M:[
  [
	[4.0368, 4.119],
	[6.0594, 7.5305],
	[6.3988, 5.6113],
	[9.472, 8.4424],
	[1.4611, 8.9231],
	[7.7604, 9.3013],
	[1.4137, 9.4287]
  ]
]

Predicted M:[
  [
	[7.2151, 2.0903],
	[10.3868, 5.1555],
	[5.9667, 3.0555],
	[8.0804, 10.0996],
	[2.7309, 6.0124],
	[2.8638, 5.4742],
	[4.0504, 3.7288]
  ]
]

MSE: 0.011764
=========================================================
          Learning params for data #15
=========================================================
Actual Params: [3 0.07007 0.07162 0.2273 25 0.5]
Predicted Params: [3 0.07007 0.07162 0.2273 25 0.5]
Actual M:[
  [
	[5.1515, 7.0813],
	[2.5451, 9.8968],
	[5.2323, 2.6888],
	[7.0744, 4.7026],
	[7.4064, 1.6998],
	[7.5923, 3.1674],
	[8.582, 3.8709]
  ]
]

Predicted M:[
  [
	[2.4894, 9.579],
	[6.6198, 9.2251],
	[3.2996, 4.6234],
	[3.9144, 7.7284],
	[4.1797, 1.1715],
	[3.0575, 3.3482],
	[8.0103, 7.7986]
  ]
]

MSE: 0.000399
=========================================================
          Learning params for data #16
=========================================================
Actual Params: [11 0.04002 0.09399 0.7987 25 0.3]
Predicted Params: [11 0.04002 0.09399 0.7987 25 0.3]
Actual M:[
  [
	[4.7232, 6.1515],
	[8.2465, 4.3347],
	[7.3372, 5.632],
	[7.3563, 9.063],
	[8.4694, 6.6848],
	[9.9439, 1.6393],
	[9.6575, 2.6008]
  ]
]

Predicted M:[
  [
	[7.4026, 3.0284],
	[6.9689, 9.728],
	[6.3942, 9.9988],
	[5.1527, 3.6628],
	[3.9125, 9.3601],
	[5.683, 5.8845],
	[1.8839, 3.9859]
  ]
]

MSE: 1.323096
=========================================================
          Learning params for data #17
=========================================================
Actual Params: [4 0.08239 0.061 0.4292 25 0.5]
Predicted Params: [4 0.08239 0.061 0.4292 25 0.5]
Actual M:[
  [
	[9.8129, 6.2069],
	[7.2143, 7.3869],
	[5.5063, 9.9807],
	[6.2668, 8.2696],
	[8.7259, 7.591],
	[6.8919, 7.8273],
	[6.8668, 9.3665]
  ]
]

Predicted M:[
  [
	[10.6051, 1.1723],
	[7.361, 5.8389],
	[2.8943, 8.164],
	[6.3413, 3.0718],
	[8.0306, 2.4186],
	[2.2512, 5.1845],
	[7.0526, 6.4107]
  ]
]

MSE: 0.073076
=========================================================
          Learning params for data #18
=========================================================
Actual Params: [9 0.003797 0.0477 0.5335 25 0.3]
Predicted Params: [9 0.003797 0.0477 0.5335 25 0.3]
Actual M:[
  [
	[4.563, 3.6525],
	[6.1859, 5.2132],
	[8.1315, 1.6599],
	[8.0909, 6.8679],
	[3.5743, 9.9021],
	[4.5176, 7.9536],
	[4.8736, 9.8022]
  ]
]

Predicted M:[
  [
	[4.1312, 8.9794],
	[5.0128, 9.0384],
	[5.705, 8.7083],
	[6.1282, 6.1605],
	[6.6143, 8.0778],
	[5.3617, 2.9225],
	[9.7658, 3.6451]
  ]
]

MSE: 0.979220
=========================================================
          Learning params for data #19
=========================================================
Actual Params: [9 0.03067 0.04887 0.2688 25 0.7]
Predicted Params: [9 0.03067 0.04887 0.2688 25 0.7]
Actual M:[
  [
	[3.2424, 5.9158],
	[9.8344, 4.2912],
	[4.7784, 6.1384],
	[5.7283, 9.5823],
	[7.9542, 9.7398],
	[8.5411, 9.3472],
	[3.2353, 9.9811]
  ]
]

Predicted M:[
  [
	[3.6803, 7.2197],
	[7.3687, 5.0401],
	[2.0708, 3.9015],
	[4.4809, 4.1506],
	[4.6172, 4.6808],
	[4.5507, 11.683],
	[4.2401, 3.2849]
  ]
]

MSE: 0.000342
=========================================================
          Learning params for data #20
=========================================================
Actual Params: [2 0.02481 0.09297 0.9578 25 0.3]
Predicted Params: [2 0.02481 0.09297 0.9578 25 0.3]
Actual M:[
  [
	[9.1863, 2.5282],
	[3.566, 8.0018],
	[7.4787, 3.1487],
	[4.5636, 8.2267],
	[6.898, 3.4603],
	[9.1785, 4.0419],
	[4.5193, 8.7711]
  ]
]

Predicted M:[
  [
	[10.0256, 3.2055],
	[6.0255, 4.3202],
	[3.9227, 5.3231],
	[5.4214, 3.2227],
	[2.1391, 3.1139],
	[1.9653, 7.5809],
	[6.7461, 6.5653]
  ]
]

MSE: 0.007946
=========================================================
          Learning params for data #21
=========================================================
Actual Params: [12 0.001133 0.07007 0.3968 25 0.5]
Predicted Params: [12 0.001133 0.07007 0.3968 25 0.5]
Actual M:[
  [
	[2.787, 1.1761],
	[8.574, 2.3219],
	[1.8444, 5.0735],
	[9.4798, 4.635],
	[5.2575, 5.189],
	[7.9923, 5.7329],
	[5.5705, 8.3455]
  ]
]

Predicted M:[
  [
	[4.2423, 1.5173],
	[4.0649, 2.8555],
	[9.2444, 5.4795],
	[7.6621, 2.5441],
	[2.834, 7.6554],
	[7.8757, 2.4176],
	[6.2155, 9.4481]
  ]
]

MSE: 0.410362
=========================================================
          Learning params for data #22
=========================================================
Actual Params: [6 0.05718 0.06327 0.6363 25 0.5]
Predicted Params: [6 0.05718 0.06327 0.6363 25 0.5]
Actual M:[
  [
	[8.0563, 4.4536],
	[9.1155, 8.5278],
	[6.4749, 9.5337],
	[9.6704, 1.5096],
	[9.2074, 7.456],
	[9.8545, 2.7679],
	[7.2504, 9.9118]
  ]
]

Predicted M:[
  [
	[9.3478, 2.9938],
	[5.0327, 2.1625],
	[9.4022, 2.9211],
	[3.4187, 5.0404],
	[6.4276, 1.0756],
	[6.6561, 5.5019],
	[3.3567, 8.8675]
  ]
]

MSE: 0.532049
=========================================================
          Learning params for data #23
=========================================================
Actual Params: [11 0.09212 0.02368 0.6496 25 0.3]
Predicted Params: [11 0.09212 0.02368 0.6496 25 0.3]
Actual M:[
  [
	[4.335, 5.3371],
	[3.8883, 7.2831],
	[8.7443, 6.8673],
	[5.5298, 9.9805],
	[9.9034, 4.0818],
	[7.806, 9.7273],
	[9.9009, 5.4594]
  ]
]

Predicted M:[
  [
	[9.5492, 4.3497],
	[4.1035, 8.2421],
	[7.9001, 6.9213],
	[6.7391, 2.4528],
	[10.4703, 5.5923],
	[2.7531, 3.7323],
	[5.808, 3.0538]
  ]
]

MSE: 1.253046
=========================================================
          Learning params for data #24
=========================================================
Actual Params: [5 0.01008 0.02937 0.5618 25 0.7]
Predicted Params: [5 0.01008 0.02937 0.5618 25 0.7]
Actual M:[
  [
	[6.7432, 5.0694],
	[9.9279, 6.6272],
	[7.8666, 8.1863],
	[6.471, 9.4775],
	[9.6362, 9.5509],
	[9.9843, 9.619],
	[7.5315, 9.8651]
  ]
]

Predicted M:[
  [
	[2.6374, 2.8202],
	[3.7637, 9.1227],
	[7.5603, 2.3106],
	[6.1906, 1.6254],
	[7.9284, 1.3384],
	[3.9647, 3.1628],
	[4.2768, 2.4736]
  ]
]

MSE: 1.124795
=========================================================
          Learning params for data #25
=========================================================
Actual Params: [3 0.08282 0.06116 0.9336 25 0.7]
Predicted Params: [3 0.08282 0.06116 0.9336 25 0.7]
Actual M:[
  [
	[9.095, 6.3003],
	[1.9929, 7.7266],
	[9.2064, 7.639],
	[9.7897, 7.103],
	[9.714, 8.1069],
	[4.1123, 9.3231],
	[9.9025, 7.9917]
  ]
]

Predicted M:[
  [
	[6.9103, 7.9453],
	[7.3479, 5.5413],
	[6.066, 9.5868],
	[2.3236, 3.6726],
	[2.0217, 6.0907],
	[1.1949, 6.0304],
	[2.9689, 7.9433]
  ]
]

MSE: 0.778294
=========================================================
          Learning params for data #26
=========================================================
Actual Params: [10 0.09937 0.06505 0.1535 25 0.3]
Predicted Params: [10 0.09937 0.06505 0.1535 25 0.3]
Actual M:[
  [
	[7.998, 6.0585],
	[6.6111, 7.6908],
	[6.7805, 7.4333],
	[3.6741, 8.4377],
	[7.9774, 6.317],
	[8.315, 9.6288],
	[9.4254, 3.8875]
  ]
]

Predicted M:[
  [
	[5.5433, 9.1036],
	[5.6516, 5.9658],
	[3.4186, 4.3614],
	[7.1771, 1.1412],
	[9.3033, 7.9935],
	[9.5889, 9.1319],
	[7.7713, 2.3385]
  ]
]

MSE: 0.000000
=========================================================
          Learning params for data #27
=========================================================
Actual Params: [8 0.0246 0.04313 0.4163 25 0.5]
Predicted Params: [8 0.0246 0.04313 0.4163 25 0.5]
Actual M:[
  [
	[8.364, 3.7533],
	[5.2429, 4.8323],
	[7.3968, 6.5925],
	[4.7073, 6.6979],
	[1.9276, 7.0088],
	[3.3931, 8.1242],
	[4.3856, 9.8432]
  ]
]

Predicted M:[
  [
	[3.2152, 9.7681],
	[9.1968, 2.8732],
	[2.4334, 3.3798],
	[6.5812, 4.3302],
	[3.14, 4.5399],
	[5.6122, 8.2372],
	[9.3585, 5.2476]
  ]
]

MSE: 0.232427
=========================================================
          Learning params for data #28
=========================================================
Actual Params: [14 0.05236 0.03159 0.2852 25 0.7]
Predicted Params: [14 0.05236 0.03159 0.2852 25 0.7]
Actual M:[
  [
	[7.7643, 4.1262],
	[1.5616, 6.2903],
	[1.774, 8.9766],
	[2.2941, 6.0487],
	[3.6511, 9.7368],
	[6.2621, 7.3255],
	[7.6853, 5.9203]
  ]
]

Predicted M:[
  [
	[6.2499, 7.3449],
	[5.886, 2.2671],
	[2.485, 9.4065],
	[6.4797, 7.8261],
	[3.3881, 7.2487],
	[2.8793, 7.5313],
	[9.4876, 7.2475]
  ]
]

MSE: 0.014214
=========================================================
          Learning params for data #29
=========================================================
Actual Params: [12 0.05033 0.09234 0.9374 25 0.3]
Predicted Params: [12 0.05033 0.09234 0.9374 25 0.3]
Actual M:[
  [
	[8.9303, 1.4739],
	[4.9219, 3.972],
	[6.7142, 1.6692],
	[9.1682, 8.9005],
	[9.6521, 3.6874],
	[4.9863, 9.0712],
	[2.1937, 9.2794]
  ]
]

Predicted M:[
  [
	[2.8958, 8.3955],
	[5.0303, 2.9467],
	[7.2737, 4.4564],
	[2.5279, 11.2475],
	[7.0304, 4.0788],
	[7.5811, 5.0857],
	[1.7362, 6.3909]
  ]
]

MSE: 0.000103
=========================================================
          Learning params for data #30
=========================================================
Actual Params: [6 0.05887 0.04995 1.057 25 0.7]
Predicted Params: [6 0.05887 0.04995 1.057 25 0.7]
Actual M:[
  [
	[1.6965, 7.696],
	[3.1222, 1.6129],
	[7.8777, 2.4959],
	[1.8836, 7.2596],
	[9.7083, 2.8905],
	[8.359, 4.812],
	[1.0442, 9.7643]
  ]
]

Predicted M:[
  [
	[1.6601, 7.9041],
	[6.839, 3.0804],
	[5.5805, 3.1952],
	[1.6067, 5.1962],
	[7.3102, 5.5922],
	[4.246, 10.4221],
	[3.1172, 7.8682]
  ]
]

MSE: 0.000180
=========================================================
          Learning params for data #31
=========================================================
Actual Params: [1 0.09219 0.05898 0.9574 25 0.5]
Predicted Params: [1 0.09219 0.05898 0.9574 25 0.5]
Actual M:[
  [
	[2.7232, 8.4657],
	[7.4842, 6.2667],
	[6.2997, 6.9556],
	[9.4879, 3.0295],
	[6.0623, 7.9327],
	[9.9251, 9.0086],
	[7.8356, 9.2315]
  ]
]

Predicted M:[
  [
	[1.6619, 2.3929],
	[3.4005, 6.8269],
	[5.0378, 7.365],
	[4.7044, 7.784],
	[4.4259, 7.8562],
	[9.203, 6.2154],
	[7.127, 1.8634]
  ]
]

MSE: 0.000063
=========================================================
          Learning params for data #32
=========================================================
Actual Params: [6 0.01868 0.02005 0.5159 25 0.5]
Predicted Params: [6 0.01868 0.02005 0.5159 25 0.5]
Actual M:[
  [
	[7.9271, 2.7919],
	[9.2185, 7.7489],
	[8.1161, 7.9155],
	[9.7655, 1.5249],
	[8.0926, 9.0816],
	[1.2264, 9.8936],
	[9.497, 7.8196]
  ]
]

Predicted M:[
  [
	[7.6668, 2.8114],
	[2.5182, 9.6956],
	[2.9522, 1.9161],
	[7.9212, 7.9965],
	[6.9707, 2.1863],
	[3.5972, 1.1212],
	[7.8349, 8.2994]
  ]
]

MSE: 0.275196
=========================================================
          Learning params for data #33
=========================================================
Actual Params: [7 0.08194 0.02405 0.7119 25 0.5]
Predicted Params: [7 0.08194 0.02405 0.7119 25 0.5]
Actual M:[
  [
	[1.5598, 4.1187],
	[6.3796, 7],
	[5.5214, 7.149],
	[8.6072, 3.921],
	[2.3718, 8.4397],
	[9.5665, 6.4494],
	[6.8954, 9.6515]
  ]
]

Predicted M:[
  [
	[5.1021, 5.9543],
	[4.3366, 7.0274],
	[1.0567, 7.1246],
	[3.2998, 7.1878],
	[2.291, 7.2253],
	[8.651, 2.9619],
	[2.4977, 10.3661]
  ]
]

MSE: 0.000180
=========================================================
          Learning params for data #34
=========================================================
Actual Params: [9 0.03245 0.06034 1.097 25 0.3]
Predicted Params: [9 0.03245 0.06034 1.097 25 0.3]
Actual M:[
  [
	[3.4142, 5.5847],
	[7.6921, 9.1025],
	[8.6576, 4.4081],
	[9.5216, 6.6821],
	[8.2921, 8.9452],
	[7.9605, 9.1925],
	[6.0653, 9.4882]
  ]
]

Predicted M:[
  [
	[2.7666, 6.4761],
	[1.1966, 7.6463],
	[4.5241, 6.6948],
	[9.0231, 3.9582],
	[2.3782, 4.3977],
	[6.3677, 6.5648],
	[10.4285, 5.0274]
  ]
]

MSE: 0.035285
=========================================================
          Learning params for data #35
=========================================================
Actual Params: [4 0.075 0.02497 0.7456 25 0.7]
Predicted Params: [4 0.075 0.02497 0.7456 25 0.7]
Actual M:[
  [
	[5.5769, 6.763],
	[7.2409, 3.7078],
	[4.4319, 7.0749],
	[6.6202, 5.6302],
	[7.052, 4.9316],
	[9.4171, 4.6571],
	[9.0088, 7.2994]
  ]
]

Predicted M:[
  [
	[8.3616, 2.1469],
	[7.2485, 6.6414],
	[4.3523, 8.6249],
	[6.446, 2.4625],
	[7.8434, 6.2953],
	[1.0589, 5.6483],
	[8.3207, 6.426]
  ]
]

MSE: 0.007299
=========================================================
          Learning params for data #36
=========================================================
Actual Params: [12 0.01982 0.06157 0.258 25 0.5]
Predicted Params: [12 0.01982 0.06157 0.258 25 0.5]
Actual M:[
  [
	[5.8349, 5.2772],
	[9.5245, 8.8947],
	[7.4164, 9.5603],
	[6.4296, 9.6907],
	[9.6079, 7.2886],
	[9.6925, 5.9708],
	[2.0781, 9.7918]
  ]
]

Predicted M:[
  [
	[8.0707, 7.2923],
	[1.6695, 4.6252],
	[4.1111, 11.279],
	[6.9459, 2.3416],
	[4.7611, 3.5966],
	[6.0801, 6.3859],
	[7.9732, 3.8067]
  ]
]

MSE: 1.500377
=========================================================
          Learning params for data #37
=========================================================
Actual Params: [10 0.09645 0.04477 0.7645 25 0.5]
Predicted Params: [10 0.09645 0.04477 0.7645 25 0.5]
Actual M:[
  [
	[6.2425, 5.5939],
	[6.7446, 4.2706],
	[3.9717, 6.4472],
	[7.109, 5.3174],
	[9.6492, 5.315],
	[3.3805, 7.0677],
	[9.5306, 7.0334]
  ]
]

Predicted M:[
  [
	[4.3777, 7.7892],
	[5.032, 5.5381],
	[1.8738, 6.0297],
	[10.1074, 2.8223],
	[6.4893, 1.9907],
	[6.0433, 6.1001],
	[12.0743, 5.9779]
  ]
]

MSE: 0.000027
=========================================================
          Learning params for data #38
=========================================================
Actual Params: [11 0.01048 0.01247 0.8118 25 0.3]
Predicted Params: [11 0.01048 0.01247 0.8118 25 0.3]
Actual M:[
  [
	[6.0647, 3.718],
	[6.0779, 1.1063],
	[4.5792, 3.7592],
	[5.4671, 8.5606],
	[6.3386, 8.1061],
	[9.6601, 7.9676],
	[9.7638, 4.5592]
  ]
]

Predicted M:[
  [
	[3.1288, 4.7834],
	[1.7682, 8.5151],
	[3.6971, 7.6406],
	[1.4689, 3.5228],
	[5.9729, 6.9246],
	[7.5758, 8.0758],
	[7.1177, 2.9008]
  ]
]

MSE: 0.000106
=========================================================
          Learning params for data #39
=========================================================
Actual Params: [11 0.00831 0.03305 0.7059 25 0.7]
Predicted Params: [11 0.00831 0.03305 0.7059 25 0.7]
Actual M:[
  [
	[2.8529, 4.5562],
	[1.7731, 6.321],
	[4.2499, 5.0287],
	[3.3021, 9.6798],
	[5.9283, 4.1346],
	[9.5806, 4.5926],
	[6.5571, 9.3187]
  ]
]

Predicted M:[
  [
	[3.3252, 5.5735],
	[5.5004, 2.5444],
	[2.6474, 3.4431],
	[2.1549, 10.1538],
	[7.6982, 5.3273],
	[1.5974, 3.5219],
	[7.4135, 6.1753]
  ]
]

MSE: 1.001690
=========================================================
          Learning params for data #40
=========================================================
Actual Params: [6 0.0468 0.06828 0.4474 25 0.5]
Predicted Params: [6 0.0468 0.06828 0.4474 25 0.5]
Actual M:[
  [
	[7.9953, 8.0517],
	[9.9697, 6.2896],
	[1.7674, 9.6387],
	[1.2118, 9.7609],
	[9.0582, 9.7326],
	[9.9766, 4.3929],
	[1.993, 9.9837]
  ]
]

Predicted M:[
  [
	[4.9075, 7.9653],
	[12.669, 1.9441],
	[1.2854, 1.731],
	[6.8168, 1.3369],
	[11.7354, 6.1616],
	[4.9355, 8.2033],
	[5.1098, 5.8673]
  ]
]

MSE: 0.000000
=========================================================
          Learning params for data #41
=========================================================
Actual Params: [6 0.03942 0.004749 0.6944 25 0.7]
Predicted Params: [6 0.03942 0.004749 0.6944 25 0.7]
Actual M:[
  [
	[9.8227, 2.956],
	[2.2901, 5.741],
	[1.2878, 6.3929],
	[3.2075, 9.814],
	[9.9425, 8.7734],
	[5.6032, 8.7738],
	[7.4405, 8.854]
  ]
]

Predicted M:[
  [
	[1.9456, 10.3606],
	[5.0247, 3.738],
	[1.6919, 4.2726],
	[2.4163, 9.6339],
	[7.4395, 7.527],
	[5.4006, 4.9079],
	[2.2023, 7.9791]
  ]
]

MSE: 0.000000
=========================================================
          Learning params for data #42
=========================================================
Actual Params: [10 0.0591 0.002407 0.7365 25 0.5]
Predicted Params: [10 0.0591 0.002407 0.7365 25 0.5]
Actual M:[
  [
	[9.716, 3.7645],
	[5.3016, 7.7929],
	[6.3412, 4.1191],
	[8.3533, 8.8247],
	[9.2966, 5.9617],
	[9.5951, 4.8251],
	[7.8043, 9.3812]
  ]
]

Predicted M:[
  [
	[7.7244, 7.8593],
	[6.6188, 8.7764],
	[9.856, 1.2203],
	[4.6805, 6.3505],
	[9.1028, 6.2073],
	[1.9473, 9.1502],
	[5.2549, 4.671]
  ]
]

MSE: 0.814096
=========================================================
          Learning params for data #43
=========================================================
Actual Params: [13 0.03828 0.05714 0.1342 25 0.7]
Predicted Params: [13 0.03828 0.05714 0.1342 25 0.7]
Actual M:[
  [
	[9.4892, 6.144],
	[1.3434, 6.5541],
	[4.8585, 9.8011],
	[8.5082, 9.3892],
	[6.7529, 9.8787],
	[9.2847, 6.3901],
	[9.5104, 3.1414]
  ]
]

Predicted M:[
  [
	[3.448, 3.014],
	[1.9846, 7.8973],
	[2.59, 6.4269],
	[6.418, 3.4813],
	[2.8168, 5.9425],
	[3.7939, 4.7827],
	[2.6788, 1.8978]
  ]
]

MSE: 0.003278
=========================================================
          Learning params for data #44
=========================================================
Actual Params: [12 0.06993 0.04875 1.026 25 0.7]
Predicted Params: [12 0.06993 0.04875 1.026 25 0.7]
Actual M:[
  [
	[3.6219, 6.9396],
	[7.1244, 1.7782],
	[4.0304, 6.2591],
	[8.6839, 9.6325],
	[9.6373, 5.1022],
	[9.6099, 8.5632],
	[3.8975, 9.7346]
  ]
]

Predicted M:[
  [
	[5.5104, 1.5509],
	[1.5857, 7.8322],
	[9.3668, 4.1653],
	[7.5643, 5.976],
	[7.4308, 9.1458],
	[7.4267, 3.0736],
	[3.6751, 6.6396]
  ]
]

MSE: 0.842447
=========================================================
          Learning params for data #45
=========================================================
Actual Params: [10 0.003657 0.03941 1.057 25 0.5]
Predicted Params: [10 0.003657 0.03941 1.057 25 0.5]
Actual M:[
  [
	[3.182, 7.3884],
	[5.4906, 6.3682],
	[6.9214, 3.3247],
	[7.5605, 5.1621],
	[3.5976, 7.2384],
	[1.7013, 7.9581],
	[7.3056, 5.5921]
  ]
]

Predicted M:[
  [
	[10.9176, 2.5089],
	[3.6497, 4.4929],
	[6.3708, 7.964],
	[3.3485, 2.3418],
	[2.362, 11.3718],
	[9.0386, 1.6491],
	[6.6284, 3.316]
  ]
]

MSE: 0.611049
=========================================================
          Learning params for data #46
=========================================================
Actual Params: [7 0.08776 0.03817 0.4342 25 0.5]
Predicted Params: [7 0.08776 0.03817 0.4342 25 0.5]
Actual M:[
  [
	[9.7552, 5.5826],
	[4.4094, 7.4204],
	[9.9594, 9.1398],
	[9.8365, 9.6169],
	[2.067, 9.6175],
	[9.9669, 2.4807],
	[9.9214, 9.1792]
  ]
]

Predicted M:[
  [
	[8.7104, 3.5895],
	[5.9624, 3.2239],
	[6.9166, 8.121],
	[9.4698, 8.6403],
	[7.3854, 9.6738],
	[7.5033, 1.7012],
	[4.2285, 5.697]
  ]
]

MSE: 0.018158
=========================================================
          Learning params for data #47
=========================================================
Actual Params: [15 0.03307 0.05538 0.6831 25 0.7]
Predicted Params: [15 0.03307 0.05538 0.6831 25 0.7]
Actual M:[
  [
	[7.8684, 8.1385],
	[4.0922, 8.499],
	[9.0567, 6.2702],
	[8.7821, 8.5029],
	[6.5569, 9.4462],
	[2.1458, 9.5418],
	[9.7201, 2.9611]
  ]
]

Predicted M:[
  [
	[1.5715, 3.4457],
	[4.1867, 8.9302],
	[7.5494, 8.3836],
	[11.9709, 3.3375],
	[6.9337, 3.0187],
	[7.065, 6.8161],
	[3.0644, 1.1877]
  ]
]

MSE: 0.003887
=========================================================
          Learning params for data #48
=========================================================
Actual Params: [10 0.01676 0.0213 0.1611 25 0.5]
Predicted Params: [10 0.01676 0.0213 0.1611 25 0.5]
Actual M:[
  [
	[5.6171, 8.8062],
	[1.7405, 9.6569],
	[8.8151, 2.0739],
	[9.1086, 9.9044],
	[9.5041, 6.4718],
	[9.4992, 8.344],
	[9.5343, 9.9072]
  ]
]

Predicted M:[
  [
	[1.9021, 4.1934],
	[6.9433, 4.8183],
	[2.3584, 5.2294],
	[4.5403, 8.8355],
	[6.2408, 2.899],
	[9.5643, 3.8297],
	[8.1233, 1.4774]
  ]
]

MSE: 1.499407
=========================================================
          Learning params for data #49
=========================================================
Actual Params: [9 0.02607 0.05665 0.5573 25 0.7]
Predicted Params: [9 0.02607 0.05665 0.5573 25 0.7]
Actual M:[
  [
	[2.8498, 4.4331],
	[6.2564, 8.0554],
	[3.1021, 8.2546],
	[7.0937, 6.3315],
	[7.8217, 8.6997],
	[8.2305, 8.7774],
	[8.8981, 3.5742]
  ]
]

Predicted M:[
  [
	[5.3761, 9.2044],
	[9.5522, 7.4347],
	[1.9611, 7.1191],
	[8.9606, 8.8267],
	[1.5465, 5.9031],
	[3.6632, 2.612],
	[4.3681, 2.4871]
  ]
]

MSE: 1.166149
=========================================================
          Learning params for data #50
=========================================================
Actual Params: [9 0.07139 0.08476 0.6307 25 0.5]
Predicted Params: [9 0.07139 0.08476 0.6307 25 0.5]
Actual M:[
  [
	[2.454, 3.1626],
	[8.3531, 2.0639],
	[2.9781, 6.3489],
	[6.1846, 5.9576],
	[1.1067, 9.2785],
	[8.6771, 2.8258],
	[4.8375, 8.8136]
  ]
]

Predicted M:[
  [
	[1.9028, 2.8287],
	[9.9541, 5.8624],
	[7.8225, 3.8424],
	[9.3911, 1.0057],
	[2.5127, 1.1751],
	[8.2623, 9.2211],
	[11.7678, 7.0243]
  ]
]

MSE: 0.000041


MSE list: [0.007887 0.001859 0.9956 0.9631 0.2105 1.862e-05 0.0009269 1.333 0.1068 0.01597 1.127 0.01193 1.236 0.01176 0.0003993 1.323 0.07308 0.9792 0.0003424 0.007946 0.4104 0.532 1.253 1.125 0.7783 0 0.2324 0.01421 0.0001029 0.0001799 6.264e-05 0.2752 0.0001805 0.03528 0.007299 1.5 2.744e-05 0.0001062 1.002 2.4e-07 0 0.8141 0.003278 0.8424 0.611 0.01816 0.003887 1.499 1.166 4.062e-05]
MSE mean: 0.410615
MSE std: 0.524256
Time elapsed: 2969.788289
