set_nopts10_ncomb1_nproblem50_no10
Ns: 5000
=========================================================
          Learning params for data #1
=========================================================
Actual Params: [2 0.07005 0.02724 0.7575 25 0.3]
Predicted Params: [2 0.07005 0.02724 0.7575 25 0.3]
Actual M:[
  [
	[1.6685, 8.2573],
	[5.4604, 7.4014],
	[5.7393, 9.0463],
	[7.1185, 7.6387],
	[8.2548, 6.5764],
	[6.2653, 8.5994],
	[7.5704, 9.662],
	[9.0056, 9.0283],
	[9.3297, 9.4615],
	[9.8702, 3.0944]
  ]
]

Predicted M:[
  [
	[1.7933, 3.2402],
	[7.5745, 6.363],
	[9.6062, 7.5019],
	[1.4256, 1.3351],
	[8.5925, 5.6],
	[7.8441, 1.9049],
	[2.2082, 10.9216],
	[7.8231, 4.0105],
	[7.3713, 7.1172],
	[6.1587, 9.3891]
  ]
]

MSE: 0.967486
=========================================================
          Learning params for data #2
=========================================================
Actual Params: [11 0.02 0.08372 0.1195 25 0.7]
Predicted Params: [11 0.02 0.08372 0.1195 25 0.7]
Actual M:[
  [
	[8.4909, 2.0894],
	[2.7724, 4.4992],
	[2.6793, 6.4241],
	[6.2513, 8.5864],
	[9.7747, 7.7984],
	[6.1286, 9.0255],
	[9.1146, 9.5581],
	[4.7945, 9.915],
	[6.9702, 9.5886],
	[9.9773, 3.0022]
  ]
]

Predicted M:[
  [
	[1.5, 4.6663],
	[7.7738, 4.3782],
	[4.1807, 6.3113],
	[4.9642, 1.3964],
	[7.2447, 5.3283],
	[3.42, 9.521],
	[9.851, 7.2203],
	[1.7706, 6.6053],
	[8.3978, 4.4486],
	[6.1401, 2.235]
  ]
]

MSE: 0.315372
=========================================================
          Learning params for data #3
=========================================================
Actual Params: [6 0.0129 0.07696 0.9918 25 0.7]
Predicted Params: [6 0.0129 0.07696 0.9918 25 0.7]
Actual M:[
  [
	[3.6944, 4.3913],
	[5.5517, 4.1908],
	[9.007, 2.9946],
	[7.9077, 4.378],
	[6.7294, 6.9548],
	[8.3362, 6.0898],
	[9.1126, 1.3285],
	[1.8309, 8.1979],
	[9.617, 5.912],
	[9.7404, 2.1924]
  ]
]

Predicted M:[
  [
	[6.3393, 6.1297],
	[4.768, 3.8828],
	[6.4691, 9.0297],
	[9.4091, 3.4218],
	[2.4999, 8.1085],
	[6.5985, 3.9036],
	[9.3102, 3.2673],
	[6.2394, 9.2441],
	[9.2676, 6.2504],
	[2.6652, 3.6516]
  ]
]

MSE: 0.000475
=========================================================
          Learning params for data #4
=========================================================
Actual Params: [5 0.06178 0.05832 0.1975 25 0.5]
Predicted Params: [5 0.06178 0.05832 0.1975 25 0.5]
Actual M:[
  [
	[9.8167, 4.4254],
	[3.5295, 8.7635],
	[9.8802, 2.8992],
	[4.5899, 5.8014],
	[5.2604, 7.3243],
	[9.7369, 9.8722],
	[9.8767, 5.6563],
	[9.9574, 9.8045],
	[1.4688, 9.9958],
	[4.1227, 9.9592]
  ]
]

Predicted M:[
  [
	[7.0605, 5.2413],
	[8.0881, 4.2519],
	[2.4777, 6.5611],
	[6.5327, 5.2923],
	[8.0446, 4.4233],
	[6.923, 1.675],
	[7.3082, 5.557],
	[3.7619, 11.1374],
	[8.0124, 2.8471],
	[4.8655, 1.8818]
  ]
]

MSE: 0.013795
=========================================================
          Learning params for data #5
=========================================================
Actual Params: [6 0.05952 0.02486 0.4546 25 0.5]
Predicted Params: [6 0.05952 0.02486 0.4546 25 0.5]
Actual M:[
  [
	[6.4521, 8.7375],
	[7.4583, 5.9005],
	[1.4508, 9.6027],
	[9.7206, 9.4731],
	[7.4119, 9.4937],
	[7.7819, 9.7175],
	[2.9124, 9.8671],
	[9.9962, 4.2694],
	[1.3775, 9.885],
	[9.8938, 5.4486]
  ]
]

Predicted M:[
  [
	[8.7871, 2.0711],
	[2.466, 4.6665],
	[5.1151, 7.5042],
	[7.7807, 13.2431],
	[7.4886, 7.5411],
	[3.9328, 4.6372],
	[7.3542, 6.088],
	[4.8764, 5.4321],
	[3.0765, 2.845],
	[3.6589, 9.1912]
  ]
]

MSE: 0.000000
=========================================================
          Learning params for data #6
=========================================================
Actual Params: [8 0.06811 0.08505 0.617 25 0.7]
Predicted Params: [8 0.06811 0.08505 0.617 25 0.7]
Actual M:[
  [
	[9.0518, 7.9557],
	[3.9774, 8.5984],
	[9.7152, 6.252],
	[6.7838, 9.5749],
	[4.4686, 9.9222],
	[7.0585, 8.7743],
	[8.9049, 8.0234],
	[9.9963, 6.9916],
	[7.1596, 9.1205],
	[8.8106, 8.5492]
  ]
]

Predicted M:[
  [
	[4.7246, 6.6874],
	[7.772, 7.9188],
	[6.2029, 4.1502],
	[2.0161, 10.2734],
	[7.6196, 1.5256],
	[7.5205, 8.3212],
	[5.9694, 1.0903],
	[9.5998, 3.0483],
	[1.8651, 7.5155],
	[6.3015, 5.6793]
  ]
]

MSE: 0.094275
=========================================================
          Learning params for data #7
=========================================================
Actual Params: [7 0.07615 0.04901 0.5123 25 0.7]
Predicted Params: [7 0.07615 0.04901 0.5123 25 0.7]
Actual M:[
  [
	[1.9079, 7.2609],
	[4.9769, 2.9057],
	[6.048, 4.5908],
	[9.5542, 5.0251],
	[3.4782, 6.3197],
	[6.7587, 6.1658],
	[4.6726, 6.1834],
	[7.0236, 5.1859],
	[5.5364, 6.6706],
	[9.9602, 5.4601]
  ]
]

Predicted M:[
  [
	[7.0718, 1.0489],
	[4.4113, 5.0966],
	[8.9713, 2.0318],
	[4.282, 11.1519],
	[7.2022, 3.2338],
	[7.7392, 4.3445],
	[1.5101, 6.0517],
	[8.5317, 1.775],
	[6.136, 3.17],
	[2.4743, 5.3136]
  ]
]

MSE: 1.329513
=========================================================
          Learning params for data #8
=========================================================
Actual Params: [10 0.03969 0.07003 0.7172 25 0.5]
Predicted Params: [10 0.03969 0.07003 0.7172 25 0.5]
Actual M:[
  [
	[3.5061, 1.7795],
	[1.5531, 4.7652],
	[9.9751, 5.3909],
	[1.5239, 9.4056],
	[6.8812, 6.7611],
	[3.9954, 7.4352],
	[9.7892, 9.5581],
	[9.9475, 8.6895],
	[1.4845, 9.6735],
	[6.6535, 9.7742]
  ]
]

Predicted M:[
  [
	[2.104, 7.8781],
	[6.345, 7.8784],
	[6.6332, 8.0336],
	[6.3941, 5.6757],
	[1.9981, 2.2366],
	[6.0522, 3.0263],
	[9.5359, 5.9408],
	[4.1467, 8.4755],
	[1.4238, 6.5497],
	[11.4178, 1.9655]
  ]
]

MSE: 0.000025
=========================================================
          Learning params for data #9
=========================================================
Actual Params: [10 0.007148 0.02359 0.7958 25 0.7]
Predicted Params: [10 0.007148 0.02359 0.7958 25 0.7]
Actual M:[
  [
	[5.6313, 9.132],
	[6.7173, 9.2874],
	[7.3457, 1.7062],
	[8.8559, 8.2977],
	[6.8414, 9.5261],
	[9.8847, 8.7136],
	[1.6184, 9.7514],
	[8.5061, 9.6843],
	[8.8022, 8.7266],
	[9.2861, 9.9113]
  ]
]

Predicted M:[
  [
	[1.6809, 9.0964],
	[8.1277, 9.4169],
	[4.5352, 8.4029],
	[4.572, 1.9016],
	[9.2715, 4.5348],
	[5.7015, 6.8845],
	[1.4418, 4.1629],
	[8.5788, 1.8666],
	[3.2859, 8.7535],
	[9.2044, 8.1219]
  ]
]

MSE: 0.173662
=========================================================
          Learning params for data #10
=========================================================
Actual Params: [3 0.083 0.0622 0.7263 25 0.7]
Predicted Params: [3 0.083 0.0622 0.7263 25 0.7]
Actual M:[
  [
	[9.5279, 7.7649],
	[9.1345, 9.2104],
	[9.5783, 3.4269],
	[9.3885, 8.4677],
	[9.8058, 2.1562],
	[1.584, 9.3354],
	[5.4236, 9.3851],
	[1.6455, 9.8054],
	[6.321, 9.5197],
	[7.9198, 9.496]
  ]
]

Predicted M:[
  [
	[6.2247, 10.1555],
	[4.895, 1.1962],
	[2.1719, 1.6059],
	[2.1481, 5.7701],
	[9.604, 5.346],
	[1.5478, 9.8009],
	[6.0015, 3.8456],
	[1.0476, 7.9719],
	[9.6905, 5.0205],
	[4.1908, 5.0621]
  ]
]

MSE: 0.265134
=========================================================
          Learning params for data #11
=========================================================
Actual Params: [5 0.01647 0.05123 0.6793 25 0.5]
Predicted Params: [5 0.01647 0.05123 0.6793 25 0.5]
Actual M:[
  [
	[1.1739, 7.4908],
	[5.4107, 9.9781],
	[9.3598, 1.3704],
	[9.6829, 6.2186],
	[9.345, 9.1412],
	[6.9325, 9.9827],
	[9.9433, 7.6059],
	[7.9419, 9.5443],
	[9.5085, 8.4792],
	[9.5402, 8.4023]
  ]
]

Predicted M:[
  [
	[2.6731, 2.4619],
	[1.4151, 6.1823],
	[3.6773, 1.9153],
	[6.0881, 8.3793],
	[3.6546, 2.7778],
	[13.28, 1.6119],
	[5.0959, 6.271],
	[4.9519, 5.408],
	[10.0124, 1.4765],
	[7.0232, 5.8548]
  ]
]

MSE: 0.831427
=========================================================
          Learning params for data #12
=========================================================
Actual Params: [12 0.06297 0.005652 0.7397 25 0.7]
Predicted Params: [12 0.06297 0.005652 0.7397 25 0.7]
Actual M:[
  [
	[5.7361, 6.1283],
	[5.0635, 6.9172],
	[5.9522, 2.6817],
	[6.2708, 5.1415],
	[6.1844, 8.1804],
	[7.0042, 1.472],
	[9.4471, 3.994],
	[1.9848, 9.0706],
	[7.8686, 5.162],
	[9.3256, 9.8703]
  ]
]

Predicted M:[
  [
	[3.4236, 3.5133],
	[3.7124, 1.3469],
	[9.125, 6.5185],
	[3.8982, 5.8576],
	[9.1379, 6.4508],
	[10.1901, 2.5023],
	[7.8092, 4.2464],
	[3.5042, 2.1835],
	[8.2665, 7.8699],
	[4.4964, 7.1879]
  ]
]

MSE: 1.248720
=========================================================
          Learning params for data #13
=========================================================
Actual Params: [9 0.0904 0.08417 1.014 25 0.3]
Predicted Params: [9 0.0904 0.08417 1.014 25 0.3]
Actual M:[
  [
	[4.4039, 7.0194],
	[2.6014, 9.2374],
	[9.2986, 7.807],
	[6.3252, 9.4507],
	[8.6733, 9.8172],
	[9.5818, 5.0624],
	[4.6505, 9.9488],
	[9.6745, 4.2164],
	[9.7635, 5.2791],
	[9.9465, 2.5678]
  ]
]

Predicted M:[
  [
	[5.8702, 5.0587],
	[3.2772, 3.2686],
	[1.9643, 9.4739],
	[3.644, 11.762],
	[73.9739, 4.2928],
	[4.3741, 5.8862],
	[1.0727, 7.2367],
	[1.6627, 5.9644],
	[7.2254, 6.6087],
	[3.8019, 4.2378]
  ]
]

MSE: 0.000804
=========================================================
          Learning params for data #14
=========================================================
Actual Params: [11 0.09143 0.04488 0.1849 25 0.5]
Predicted Params: [11 0.09143 0.04488 0.1849 25 0.5]
Actual M:[
  [
	[3.8031, 3.1986],
	[4.3248, 5.9924],
	[1.9559, 8.1976],
	[8.2957, 5.3228],
	[1.3159, 9.8588],
	[7.5675, 6.7654],
	[5.932, 7.5807],
	[8.568, 4.1874],
	[9.3202, 9.9375],
	[9.5412, 8.0998]
  ]
]

Predicted M:[
  [
	[8.884, 7.8958],
	[5.073, 9.6797],
	[9.0017, 4.5283],
	[3.7351, 3.726],
	[5.2445, 7.5886],
	[2.0487, 8.488],
	[3.4696, 1.2564],
	[2.9445, 9.224],
	[50.3753, 1.9311],
	[5.7104, 5.7753]
  ]
]

MSE: 0.000000
=========================================================
          Learning params for data #15
=========================================================
Actual Params: [13 0.0885 0.01995 0.5415 25 0.5]
Predicted Params: [13 0.0885 0.01995 0.5415 25 0.5]
Actual M:[
  [
	[2.8577, 9.9505],
	[8.5547, 8.2022],
	[5.1826, 8.8281],
	[9.4239, 3.0396],
	[9.1093, 6.0832],
	[9.3047, 5.9488],
	[8.0771, 8.308],
	[3.1827, 9.7915],
	[8.8841, 8.1002],
	[5.7307, 9.0936]
  ]
]

Predicted M:[
  [
	[10.6393, 1.5583],
	[6.6397, 2.272],
	[8.895, 7.4182],
	[4.597, 9.2899],
	[8.0008, 7.1798],
	[4.274, 7.5016],
	[6.2704, 1.8986],
	[3.7362, 7.4293],
	[11.9487, 5.2052],
	[8.0046, 8.0341]
  ]
]

MSE: 0.025510
=========================================================
          Learning params for data #16
=========================================================
Actual Params: [9 0.08173 0.02808 0.7464 25 0.5]
Predicted Params: [9 0.08173 0.02808 0.7464 25 0.5]
Actual M:[
  [
	[9.5955, 8.6153],
	[9.8575, 4.6622],
	[4.8726, 9.7595],
	[8.229, 9.5283],
	[5.9043, 9.6198],
	[1.8906, 9.9614],
	[8.9109, 9.122],
	[9.817, 8.3563],
	[9.9479, 8.6882],
	[7.2767, 9.7104]
  ]
]

Predicted M:[
  [
	[2.286, 4.9539],
	[6.7465, 7.3138],
	[7.5168, 2.0729],
	[1.3013, 2.6149],
	[9.8639, 4.9396],
	[2.8579, 8.3673],
	[7.4445, 2.5501],
	[8.5511, 6.4977],
	[10.7347, 5.0624],
	[8.5606, 4.8312]
  ]
]

MSE: 0.026433
=========================================================
          Learning params for data #17
=========================================================
Actual Params: [12 0.01358 0.04471 0.5203 25 0.5]
Predicted Params: [12 0.01358 0.04471 0.5203 25 0.5]
Actual M:[
  [
	[5.5005, 2.3789],
	[9.2894, 1.8058],
	[6.2593, 5.6316],
	[8.3516, 5.9563],
	[7.6116, 7.5064],
	[2.1479, 9.9215],
	[8.5541, 1.9816],
	[9.841, 3.1935],
	[2.8614, 7.6156],
	[8.9521, 7.3971]
  ]
]

Predicted M:[
  [
	[1.236, 6.0257],
	[6.3506, 1.7425],
	[2.5168, 9.0709],
	[7.2685, 3.1428],
	[3.8985, 7.4963],
	[4.2661, 2.1115],
	[4.4538, 5.4401],
	[2.2929, 9.2115],
	[1.7508, 9.2824],
	[8.6532, 5.7363]
  ]
]

MSE: 0.000596
=========================================================
          Learning params for data #18
=========================================================
Actual Params: [1 0.004821 0.04458 0.184 25 0.3]
Predicted Params: [1 0.004821 0.04458 0.184 25 0.3]
Actual M:[
  [
	[1.817, 9.949],
	[3.7741, 6.7926],
	[7.174, 6.5356],
	[8.031, 9.3934],
	[8.9673, 5.4937],
	[3.0242, 9.4059],
	[9.6284, 4.4759],
	[8.3264, 7.0701],
	[9.5504, 9.4638],
	[5.577, 9.6068]
  ]
]

Predicted M:[
  [
	[6.5573, 7.4083],
	[8.8569, 6.6863],
	[7.7627, 6.0412],
	[3.7649, 5.8271],
	[1.0205, 4.3279],
	[7.8835, 7.0897],
	[1.824, 9.5258],
	[2.458, 9.2111],
	[8.2866, 5.8794],
	[5.0267, 5.6608]
  ]
]

MSE: 1.193371
=========================================================
          Learning params for data #19
=========================================================
Actual Params: [14 0.04906 0.06451 1.071 25 0.7]
Predicted Params: [14 0.04906 0.06451 1.071 25 0.7]
Actual M:[
  [
	[5.6314, 4.4184],
	[7.0978, 3.306],
	[1.9255, 7.6404],
	[8.3288, 2.1229],
	[8.0269, 4.8955],
	[1.8704, 9.0682],
	[6.0313, 9.211],
	[7.8207, 8.4231],
	[8.2706, 6.2328],
	[9.8898, 6.0989]
  ]
]

Predicted M:[
  [
	[7.8304, 3.9771],
	[8.6336, 2.2353],
	[9.1745, 4.6229],
	[5.6959, 5.272],
	[2.9227, 3.3809],
	[4.5629, 2.3953],
	[6.3637, 1.4659],
	[7.6884, 8.3416],
	[1.7586, 7.2322],
	[11.9434, 3.019]
  ]
]

MSE: 0.000028
=========================================================
          Learning params for data #20
=========================================================
Actual Params: [4 0.09398 0.02501 0.4412 25 0.7]
Predicted Params: [4 0.09398 0.02501 0.4412 25 0.7]
Actual M:[
  [
	[2.0013, 9.2062],
	[2.585, 7.4065],
	[4.8147, 6.9694],
	[7.8789, 8.7119],
	[9.1845, 8.2003],
	[9.5644, 5.9437],
	[1.56, 9.2884],
	[4.4813, 9.9502],
	[4.4882, 9.3092],
	[8.1405, 8.294]
  ]
]

Predicted M:[
  [
	[8.0085, 2.4884],
	[6.3734, 3.8819],
	[5.8967, 6.1341],
	[5.5005, 3.1694],
	[1.7716, 4.8145],
	[1.2454, 3.3828],
	[4.7361, 4.0072],
	[7.133, 6.1469],
	[4.6411, 9.7938],
	[7.5715, 5.047]
  ]
]

MSE: 0.751767
=========================================================
          Learning params for data #21
=========================================================
Actual Params: [8 0.03407 0.01997 0.1008 25 0.3]
Predicted Params: [8 0.03407 0.01997 0.1008 25 0.3]
Actual M:[
  [
	[6.0023, 6.1016],
	[1.4107, 9.5914],
	[9.8514, 4.6054],
	[9.9971, 8.5821],
	[8.2208, 9.6674],
	[3.2755, 9.959],
	[9.37, 9.5749],
	[4.9979, 9.7154],
	[8.2754, 9.7052],
	[6.1901, 9.732]
  ]
]

Predicted M:[
  [
	[1.5116, 8.0549],
	[1.0829, 5.7451],
	[2.9333, 6.564],
	[4.8639, 2.4344],
	[9.847, 1.6556],
	[4.6622, 4.5525],
	[8.4577, 7.2508],
	[1.2606, 3.5887],
	[1.1483, 4.4301],
	[5.4647, 1.6018]
  ]
]

MSE: 0.000093
=========================================================
          Learning params for data #22
=========================================================
Actual Params: [8 0.05776 0.02502 0.9409 25 0.7]
Predicted Params: [8 0.05776 0.02502 0.9409 25 0.7]
Actual M:[
  [
	[2.9821, 5.2043],
	[4.1424, 3.9794],
	[9.911, 3.8408],
	[8.9114, 8.148],
	[1.6277, 9.0767],
	[3.4205, 9.999],
	[9.4209, 6.6902],
	[9.6641, 7.5324],
	[4.56, 9.7721],
	[5.2413, 8.212]
  ]
]

Predicted M:[
  [
	[4.5254, 2.591],
	[3.4791, 3.2739],
	[6.7752, 3.8432],
	[6.7094, 3.6601],
	[4.7369, 8.683],
	[6.4076, 2.7423],
	[5.6083, 7.8311],
	[5.068, 9.0794],
	[2.1445, 5.9512],
	[1.0022, 3.3318]
  ]
]

MSE: 0.000993
=========================================================
          Learning params for data #23
=========================================================
Actual Params: [7 0.01955 0.03894 0.7463 25 0.7]
Predicted Params: [7 0.01955 0.03894 0.7463 25 0.7]
Actual M:[
  [
	[9.239, 9.1892],
	[9.6212, 1.1978],
	[8.508, 9.4403],
	[9.6462, 6.4222],
	[9.908, 5.9169],
	[9.6019, 9.4483],
	[9.6142, 6.801],
	[2.6149, 9.936],
	[9.8673, 6.026],
	[6.8536, 9.5481]
  ]
]

Predicted M:[
  [
	[8.1336, 8.9106],
	[4.4025, 6.3311],
	[4.0673, 3.7763],
	[8.0324, 8.4084],
	[1.2369, 4.684],
	[12.6589, 2.3511],
	[4.9255, 7.2806],
	[6.2769, 5.699],
	[9.5429, 1.1702],
	[6.6827, 7.3162]
  ]
]

MSE: 0.000157
=========================================================
          Learning params for data #24
=========================================================
Actual Params: [6 0.02069 0.04938 1.029 25 0.5]
Predicted Params: [6 0.02069 0.04938 1.029 25 0.5]
Actual M:[
  [
	[6.2319, 2.3938],
	[6.4683, 5.8203],
	[8.0208, 5.1573],
	[6.5768, 8.5985],
	[8.7129, 2.5336],
	[7.9516, 7.5191],
	[2.1604, 9.0626],
	[9.6656, 4.7377],
	[8.7849, 9.9863],
	[8.8496, 8.7699]
  ]
]

Predicted M:[
  [
	[6.1475, 6.7911],
	[1.7682, 1.4147],
	[6.6209, 8.7001],
	[5.6131, 5.7937],
	[6.7777, 8.5691],
	[3.8209, 1.4047],
	[3.8988, 6.36],
	[1.2931, 5.7261],
	[4.9607, 11.352],
	[7.3624, 8.3855]
  ]
]

MSE: 0.000039
=========================================================
          Learning params for data #25
=========================================================
Actual Params: [5 0.08286 0.01286 0.643 25 0.5]
Predicted Params: [5 0.08286 0.01286 0.643 25 0.5]
Actual M:[
  [
	[3.8422, 6.9173],
	[6.8696, 2.2936],
	[7.1345, 3.7959],
	[8.668, 1.8682],
	[3.6429, 9.2565],
	[5.0626, 4.4924],
	[5.6038, 3.9017],
	[3.9655, 9.1652],
	[7.3689, 7.9526],
	[4.1115, 9.6228]
  ]
]

Predicted M:[
  [
	[6.0425, 1.4755],
	[4.9166, 6.9731],
	[4.2327, 4.4561],
	[4.3835, 2.5078],
	[5.2041, 4.0902],
	[7.3359, 4.9699],
	[5.3421, 1.2322],
	[1.8107, 1.6351],
	[5.6986, 4.0017],
	[9.0855, 2.9078]
  ]
]

MSE: 1.292071
=========================================================
          Learning params for data #26
=========================================================
Actual Params: [7 0.07832 0.05933 0.4869 25 0.3]
Predicted Params: [7 0.07832 0.05933 0.4869 25 0.3]
Actual M:[
  [
	[3.6416, 1.794],
	[5.34, 9.2191],
	[5.9074, 8.3342],
	[8.228, 1.1229],
	[8.8305, 2.6953],
	[6.2638, 5.7177],
	[9.2548, 7.504],
	[7.3411, 8.3083],
	[9.9782, 3.6152],
	[8.475, 8.6593]
  ]
]

Predicted M:[
  [
	[9.5682, 5.2102],
	[7.7932, 6.7339],
	[5.9156, 2.5889],
	[1.6602, 4.7482],
	[3.5827, 2.4508],
	[5.5912, 2.2756],
	[1.6346, 5.6949],
	[8.4368, 3.6409],
	[4.9491, 3.2318],
	[1.0651, 10.969]
  ]
]

MSE: 0.051023
=========================================================
          Learning params for data #27
=========================================================
Actual Params: [14 0.03344 0.09101 0.9418 25 0.3]
Predicted Params: [14 0.03344 0.09101 0.9418 25 0.3]
Actual M:[
  [
	[4.4194, 9.3562],
	[5.3085, 2.6327],
	[8.9614, 8.6606],
	[9.1446, 6.0545],
	[3.6883, 9.4101],
	[9.3497, 2.3403],
	[9.6819, 5.0332],
	[8.0402, 9.8625],
	[9.6061, 9.8015],
	[9.7627, 7.1859]
  ]
]

Predicted M:[
  [
	[3.1637, 1.4328],
	[6.7508, 4.7037],
	[2.6738, 2.9676],
	[3.3289, 4.1421],
	[3.7634, 9.2472],
	[5.0315, 7.9188],
	[4.5467, 5.0797],
	[5.3859, 8.0093],
	[2.0107, 11.3985],
	[3.5282, 8.9223]
  ]
]

MSE: 0.000032
=========================================================
          Learning params for data #28
=========================================================
Actual Params: [11 0.07636 0.07515 0.297 25 0.5]
Predicted Params: [11 0.07636 0.07515 0.297 25 0.5]
Actual M:[
  [
	[5.8072, 9.6877],
	[6.3107, 3.7265],
	[6.1617, 4.0795],
	[9.5501, 1.2104],
	[6.6099, 1.4282],
	[7.164, 7.6105],
	[7.7606, 3.5902],
	[9.34, 1.9578],
	[7.4601, 7.81],
	[7.4739, 7.8531]
  ]
]

Predicted M:[
  [
	[8.5579, 9.4225],
	[1.1613, 9.2395],
	[7.0656, 2.3858],
	[7.7895, 4.4388],
	[8.7852, 8.795],
	[1.3304, 8.6745],
	[4.7612, 8.3591],
	[7.0789, 4.4945],
	[5.3435, 5.7647],
	[4.999, 8.4122]
  ]
]

MSE: 0.007698
=========================================================
          Learning params for data #29
=========================================================
Actual Params: [7 0.09961 0.04669 0.5929 25 0.5]
Predicted Params: [7 0.09961 0.04669 0.5929 25 0.5]
Actual M:[
  [
	[4.7516, 8.5422],
	[5.1397, 4.1499],
	[5.7695, 1.0939],
	[5.7904, 1.3557],
	[6.6528, 5.4324],
	[8.7473, 3.1004],
	[8.6079, 3.2342],
	[5.9848, 6.2897],
	[4.2157, 9.0924],
	[8.0801, 7.5384]
  ]
]

Predicted M:[
  [
	[3.6902, 1.0002],
	[3.497, 1.8696],
	[4.8772, 7.0956],
	[2.2849, 6.9716],
	[1.2061, 6.6169],
	[6.9802, 3.7263],
	[7.685, 3.9599],
	[6.3251, 3.3772],
	[5.5496, 8.6036],
	[9.853, 9.5529]
  ]
]

MSE: 0.000000
=========================================================
          Learning params for data #30
=========================================================
Actual Params: [7 0.09418 0.06226 0.284 25 0.5]
Predicted Params: [7 0.09418 0.06226 0.284 25 0.5]
Actual M:[
  [
	[5.8944, 1.7673],
	[7.562, 8.4689],
	[8.8266, 5.819],
	[9.5357, 1.4818],
	[9.9287, 7.2416],
	[1.5276, 9.9297],
	[8.3751, 9.1661],
	[8.5162, 9.4764],
	[9.4297, 7.9626],
	[9.8917, 9.045]
  ]
]

Predicted M:[
  [
	[6.6822, 7.0454],
	[7.2341, 1.3981],
	[5.6788, 4.3777],
	[1.8823, 2.3332],
	[9.2017, 2.2785],
	[6.4798, 7.2245],
	[2.7578, 5.2925],
	[4.7217, 2.748],
	[1.738, 8.6111],
	[2.8899, 3.8143]
  ]
]

MSE: 1.279494
=========================================================
          Learning params for data #31
=========================================================
Actual Params: [4 0.07379 0.006798 0.7224 25 0.5]
Predicted Params: [4 0.07379 0.006798 0.7224 25 0.5]
Actual M:[
  [
	[4.6509, 5.8723],
	[2.0241, 7.6556],
	[7.3598, 6.9229],
	[7.3439, 7.8978],
	[2.167, 8.5855],
	[8.5998, 5.067],
	[7.6023, 6.6038],
	[9.6106, 6.4003],
	[1.7221, 9.2166],
	[5.5556, 8.3282]
  ]
]

Predicted M:[
  [
	[7.5513, 7.0684],
	[2.4627, 10.3991],
	[9.0208, 5.4445],
	[2.7024, 4.4241],
	[1.1479, 5.2887],
	[4.1894, 3.8765],
	[3.4197, 1.3094],
	[2.2972, 1.5517],
	[1.2429, 6.0063],
	[8.4776, 6.4125]
  ]
]

MSE: 0.972958
=========================================================
          Learning params for data #32
=========================================================
Actual Params: [11 0.07713 0.03254 0.4947 25 0.3]
Predicted Params: [11 0.07713 0.03254 0.4947 25 0.3]
Actual M:[
  [
	[4.6291, 5.3595],
	[4.3386, 9.5667],
	[5.2664, 3.3124],
	[3.373, 9.6079],
	[9.1277, 8.6413],
	[7.3577, 9.9798],
	[9.7278, 9.8611],
	[9.9841, 1.1604],
	[9.7284, 8.8377],
	[9.7659, 3.3293]
  ]
]

Predicted M:[
  [
	[9.8905, 6.4762],
	[3.185, 6.1865],
	[1.3676, 9.8755],
	[9.0833, 3.1309],
	[5.8969, 2.3652],
	[5.0699, 6.9209],
	[4.4979, 6.5519],
	[1.6992, 5.8225],
	[8.6638, 1.1933],
	[7.2573, 7.8336]
  ]
]

MSE: 1.316142
=========================================================
          Learning params for data #33
=========================================================
Actual Params: [14 0.1005 0.01435 0.8621 25 0.3]
Predicted Params: [14 0.1005 0.01435 0.8621 25 0.3]
Actual M:[
  [
	[7.1679, 7.15],
	[8.9786, 6.5412],
	[1.6663, 7.4024],
	[9.996, 9.5897],
	[8.9164, 9.6114],
	[2.3658, 9.8942],
	[7.0346, 9.919],
	[7.1015, 9.6528],
	[2.0771, 9.9791],
	[9.5361, 9.6347]
  ]
]

Predicted M:[
  [
	[8.5854, 6.0062],
	[6.006, 7.8323],
	[7.9309, 9.1583],
	[5.5394, 10.3959],
	[9.9733, 3.1916],
	[2.4702, 8.8367],
	[6.6707, 2.3861],
	[7.7973, 9.2474],
	[6.8755, 3.7097],
	[6.1909, 7.9085]
  ]
]

MSE: 0.092075
=========================================================
          Learning params for data #34
=========================================================
Actual Params: [11 0.001245 0.03963 0.1182 25 0.5]
Predicted Params: [11 0.001245 0.03963 0.1182 25 0.5]
Actual M:[
  [
	[9.3521, 3.9245],
	[9.761, 1.5468],
	[8.7356, 7.0083],
	[4.1199, 9.7823],
	[5.96, 9.5457],
	[8.0321, 9.464],
	[8.8218, 5.4736],
	[1.3504, 9.9442],
	[4.4238, 9.644],
	[9.1548, 5.978]
  ]
]

Predicted M:[
  [
	[6.7319, 1.7836],
	[10.3168, 2.1274],
	[7.6994, 2.254],
	[6.0597, 3.6152],
	[6.7299, 3.4517],
	[1.7094, 41.3916],
	[4.8854, 5.2143],
	[8.3414, 1.6595],
	[5.1804, 2.117],
	[1.446, 5.5416]
  ]
]

MSE: 0.000002
=========================================================
          Learning params for data #35
=========================================================
Actual Params: [12 0.0949 0.06805 0.367 25 0.7]
Predicted Params: [12 0.0949 0.06805 0.367 25 0.7]
Actual M:[
  [
	[1.0892, 3.3202],
	[6.7284, 1.8033],
	[4.0273, 8.6085],
	[9.9017, 9.5734],
	[3.3016, 9.9952],
	[8.7955, 9.7168],
	[5.2598, 9.8763],
	[9.9384, 6.6333],
	[9.0002, 9.7956],
	[6.0957, 9.8747]
  ]
]

Predicted M:[
  [
	[7.1516, 7.0947],
	[3.0384, 3.0056],
	[1.5255, 5.3343],
	[1.3442, 5.4972],
	[5.8662, 2.4513],
	[4.8056, 6.3986],
	[5.047, 8.4837],
	[7.2112, 6.9723],
	[6.8551, 1.2336],
	[7.3065, 3.0572]
  ]
]

MSE: 1.168241
=========================================================
          Learning params for data #36
=========================================================
Actual Params: [1 0.04167 0.02272 0.9567 25 0.5]
Predicted Params: [1 0.04167 0.02272 0.9567 25 0.5]
Actual M:[
  [
	[6.8121, 1.9148],
	[7.1756, 7.5201],
	[4.7451, 8.0706],
	[6.6444, 7.9438],
	[9.3795, 4.6485],
	[8.4256, 5.188],
	[1.7901, 9.4187],
	[6.7445, 8.2038],
	[3.7531, 8.6617],
	[8.9605, 5.3011]
  ]
]

Predicted M:[
  [
	[3.472, 1.4706],
	[3.4885, 8.2394],
	[4.9108, 7.8161],
	[5.5396, 8.7842],
	[9.3495, 4.376],
	[8.242, 5.5913],
	[7.6169, 1.0581],
	[4.5272, 1.8432],
	[6.3635, 2.0565],
	[4.0413, 9.8851]
  ]
]

MSE: 0.298686
=========================================================
          Learning params for data #37
=========================================================
Actual Params: [11 0.0894 0.02232 0.8145 25 0.5]
Predicted Params: [11 0.0894 0.02232 0.8145 25 0.5]
Actual M:[
  [
	[3.3788, 5.7743],
	[6.5623, 9.1252],
	[2.2365, 9.2955],
	[7.7558, 9.6086],
	[7.9021, 6.8151],
	[8.4525, 2.915],
	[9.4302, 9.4005],
	[3.4107, 9.9339],
	[8.4272, 9.722],
	[9.4908, 5.2913]
  ]
]

Predicted M:[
  [
	[4.5756, 1.3201],
	[8.5137, 2.7171],
	[8.5762, 1.1516],
	[3.5379, 6.1494],
	[2.2111, 2.3777],
	[2.1783, 8.3011],
	[6.4953, 6.7466],
	[7.8316, 3.1427],
	[1.7383, 3.9343],
	[1.6853, 1.0636]
  ]
]

MSE: 0.002531
=========================================================
          Learning params for data #38
=========================================================
Actual Params: [15 0.03514 0.007708 0.9975 25 0.5]
Predicted Params: [15 0.03514 0.007708 0.9975 25 0.5]
Actual M:[
  [
	[1.6496, 7.4947],
	[6.1623, 1.3548],
	[1.5025, 9.5449],
	[5.8494, 4.0578],
	[6.7317, 5.2547],
	[1.9071, 5.5108],
	[7.0175, 8.6156],
	[8.1112, 5.0121],
	[1.7959, 8.9206],
	[9.7551, 2.8256]
  ]
]

Predicted M:[
  [
	[5.1313, 6.6435],
	[4.5198, 7.5504],
	[3.4632, 6.0927],
	[4.6508, 5.7738],
	[4.9556, 5.5579],
	[6.0436, 7.9672],
	[13.9243, 4.3966],
	[5.1065, 1.0604],
	[5.6547, 8.1695],
	[3.3632, 4.8497]
  ]
]

MSE: 0.002718
=========================================================
          Learning params for data #39
=========================================================
Actual Params: [4 0.05406 0.07081 0.5536 25 0.7]
Predicted Params: [4 0.05406 0.07081 0.5536 25 0.7]
Actual M:[
  [
	[7.1777, 2.959],
	[2.9819, 3.3185],
	[9.3015, 7.9636],
	[9.3343, 2.3539],
	[9.4131, 2.7686],
	[9.4305, 3.6683],
	[5.4125, 7.9829],
	[3.3628, 9.8024],
	[8.7646, 8.9795],
	[8.4562, 9.7161]
  ]
]

Predicted M:[
  [
	[6.8292, 9.4762],
	[2.4809, 4.4943],
	[10.0022, 4.6684],
	[7.3435, 1.6609],
	[9.7891, 9.0593],
	[9.4147, 9.7126],
	[1.7125, 4.8266],
	[1.3844, 4.2444],
	[1.9807, 1.3359],
	[7.8211, 2.4721]
  ]
]

MSE: 0.157011
=========================================================
          Learning params for data #40
=========================================================
Actual Params: [6 0.02698 0.02106 0.2607 25 0.3]
Predicted Params: [6 0.02698 0.02106 0.2607 25 0.3]
Actual M:[
  [
	[3.814, 1.9579],
	[2.2653, 5.32],
	[2.9117, 6.823],
	[8.1984, 7.9193],
	[8.9946, 1.1948],
	[8.1975, 8.1487],
	[6.4087, 9.3469],
	[8.3544, 7.8303],
	[9.2573, 2.6897],
	[9.6244, 4.6412]
  ]
]

Predicted M:[
  [
	[6.8627, 8.63],
	[5.5936, 2.8029],
	[4.2301, 4.7514],
	[7.9643, 5.9549],
	[6.034, 1.6206],
	[5.4988, 6.2587],
	[9.2214, 9.9444],
	[8.8247, 2.0801],
	[5.6879, 3.3219],
	[6.1973, 8.0908]
  ]
]

MSE: 0.000220
=========================================================
          Learning params for data #41
=========================================================
Actual Params: [5 0.06166 0.09982 0.3084 25 0.5]
Predicted Params: [5 0.06166 0.09982 0.3084 25 0.5]
Actual M:[
  [
	[8.8594, 1.0405],
	[6.9749, 9.4683],
	[9.1677, 6.6384],
	[8.3385, 6.7852],
	[9.4074, 5.1056],
	[3.9927, 9.9194],
	[7.5506, 6.804],
	[9.4768, 9.6998],
	[8.7112, 9.9963],
	[9.8457, 2.2384]
  ]
]

Predicted M:[
  [
	[5.3638, 9.6085],
	[9.6532, 5.8324],
	[9.4458, 1.2012],
	[3.0159, 1.0205],
	[7.9394, 7.8056],
	[7.6763, 5.9422],
	[3.0257, 8.1384],
	[1.706, 4.7787],
	[2.9744, 1.8475],
	[8.7701, 1.6597]
  ]
]

MSE: 1.133427
=========================================================
          Learning params for data #42
=========================================================
Actual Params: [2 0.07176 0.03489 0.3053 25 0.3]
Predicted Params: [2 0.07176 0.03489 0.3053 25 0.3]
Actual M:[
  [
	[9.3274, 3.6575],
	[7.4708, 7.3343],
	[6.1051, 7.5216],
	[6.1149, 8.907],
	[7.5947, 3.8964],
	[6.8245, 9.6816],
	[9.6273, 7.445],
	[8.8673, 8.5789],
	[9.3212, 8.4515],
	[9.9744, 7.1444]
  ]
]

Predicted M:[
  [
	[2.5484, 2.7619],
	[6.6933, 2.178],
	[7.9478, 1.8567],
	[12.3605, 3.2115],
	[8.7816, 3.8786],
	[5.8534, 9.0719],
	[2.8778, 9.51],
	[7.4479, 5.6136],
	[5.0073, 5.4582],
	[5.9403, 3.5677]
  ]
]

MSE: 0.013473
=========================================================
          Learning params for data #43
=========================================================
Actual Params: [7 0.05945 0.02392 0.9187 25 0.7]
Predicted Params: [7 0.05945 0.02392 0.9187 25 0.7]
Actual M:[
  [
	[9.939, 1.9863],
	[6.6572, 4.8521],
	[8.8992, 8.8393],
	[9.4474, 8.9297],
	[9.9301, 2.1797],
	[5.4575, 9.1626],
	[9.9426, 5.0883],
	[9.9199, 8.9632],
	[9.9845, 7.1888],
	[3.5145, 9.6206]
  ]
]

Predicted M:[
  [
	[6.7768, 4.9893],
	[9.793, 1.0169],
	[6.3669, 3.5467],
	[5.9487, 5.0788],
	[3.2457, 7.048],
	[8.2992, 5.8435],
	[2.8765, 1.8471],
	[5.5227, 4.5801],
	[5.7259, 11.7759],
	[4.381, 4.6954]
  ]
]

MSE: 0.781719
=========================================================
          Learning params for data #44
=========================================================
Actual Params: [12 0.06587 0.09527 0.6339 25 0.5]
Predicted Params: [12 0.06587 0.09527 0.6339 25 0.5]
Actual M:[
  [
	[9.2281, 6.6363],
	[9.0571, 7.9407],
	[1.8152, 8.823],
	[9.2352, 9.2616],
	[4.422, 9.9702],
	[9.7885, 1.0492],
	[9.3915, 9.0594],
	[9.473, 5.426],
	[9.5747, 2.2736],
	[9.6857, 1.538]
  ]
]

Predicted M:[
  [
	[5.8215, 3.5961],
	[4.8247, 11.9544],
	[1.4885, 7.7052],
	[2.3166, 7.1577],
	[4.403, 9.4132],
	[6.8705, 8.7078],
	[9.632, 6.2887],
	[7.5354, 3.1106],
	[7.4782, 4.7184],
	[8.2196, 8.2081]
  ]
]

MSE: 0.089918
=========================================================
          Learning params for data #45
=========================================================
Actual Params: [1 0.06035 0.06041 0.795 25 0.7]
Predicted Params: [1 0.06035 0.06041 0.795 25 0.7]
Actual M:[
  [
	[4.7746, 1.2157],
	[1.2659, 7.4188],
	[6.2402, 7.3297],
	[1.0779, 9.5176],
	[8.4705, 8.5435],
	[9.8287, 1.6753],
	[8.6318, 3.8169],
	[8.6962, 6.2404],
	[8.8299, 2.379],
	[2.5381, 9.8635]
  ]
]

Predicted M:[
  [
	[4.2531, 5.9021],
	[5.2477, 7.4598],
	[7.0384, 5.6032],
	[6.8354, 5.9694],
	[9.9563, 6.1393],
	[7.7595, 7.1897],
	[1.3637, 3.1763],
	[6.8156, 10.0832],
	[8.3462, 7.4827],
	[7.3519, 9.1677]
  ]
]

MSE: 0.008626
=========================================================
          Learning params for data #46
=========================================================
Actual Params: [6 0.06798 0.09047 0.2414 25 0.5]
Predicted Params: [6 0.06798 0.09047 0.2414 25 0.5]
Actual M:[
  [
	[7.947, 3.0398],
	[1.0812, 9.1399],
	[6.3633, 7.9516],
	[8.2388, 7.1548],
	[9.4415, 3.8764],
	[8.9466, 5.2165],
	[9.9181, 5.5757],
	[4.9523, 7.9548],
	[8.9899, 9.661],
	[9.631, 6.8207]
  ]
]

Predicted M:[
  [
	[8.3389, 3.0258],
	[3.3768, 5.1568],
	[2.2157, 2.4893],
	[10.0488, 6.9278],
	[4.97, 2.9871],
	[7.1495, 7.5326],
	[4.0965, 10.1331],
	[10.3991, 6.5078],
	[3.2008, 4.4592],
	[8.0539, 3.2254]
  ]
]

MSE: 1.273269
=========================================================
          Learning params for data #47
=========================================================
Actual Params: [9 0.02268 0.05533 0.9137 25 0.5]
Predicted Params: [9 0.02268 0.05533 0.9137 25 0.5]
Actual M:[
  [
	[7.5653, 5.7537],
	[5.9558, 9.3359],
	[8.1157, 5.1355],
	[8.701, 7.4395],
	[5.9162, 9.6345],
	[2.8458, 9.7483],
	[8.7336, 4.0107],
	[9.2757, 8.6389],
	[8.999, 9.2241],
	[9.6118, 8.1436]
  ]
]

Predicted M:[
  [
	[6.9376, 5.1839],
	[9.2851, 1.2703],
	[8.1868, 2.7648],
	[8.2233, 1.7977],
	[5.2568, 1.9341],
	[7.9101, 6.9864],
	[1.3734, 10.7814],
	[6.0689, 5.1883],
	[7.767, 7.9059],
	[3.3948, 10.2942]
  ]
]

MSE: 0.048307
=========================================================
          Learning params for data #48
=========================================================
Actual Params: [8 0.02914 0.01889 0.465 25 0.5]
Predicted Params: [8 0.02914 0.01889 0.465 25 0.5]
Actual M:[
  [
	[2.0723, 1.1133],
	[3.3665, 1.2548],
	[3.8827, 8.1839],
	[6.3287, 1.6902],
	[9.3065, 9.0815],
	[5.4982, 9.8778],
	[9.3418, 4.9602],
	[5.6177, 9.1301],
	[9.514, 2.8518],
	[9.5351, 6.1011]
  ]
]

Predicted M:[
  [
	[5.7567, 2.5471],
	[7.0099, 2.4061],
	[9.9001, 8.4054],
	[9.653, 8.7718],
	[7.3016, 4.9439],
	[7.8244, 1.2512],
	[3.3533, 2.4755],
	[3.0134, 9.9822],
	[7.9609, 9.4986],
	[4.1031, 7.9245]
  ]
]

MSE: 1.333401
=========================================================
          Learning params for data #49
=========================================================
Actual Params: [14 0.01517 0.01276 0.6207 25 0.7]
Predicted Params: [14 0.01517 0.01276 0.6207 25 0.7]
Actual M:[
  [
	[4.8705, 7.5472],
	[9.7356, 5.8816],
	[6.6157, 6.2636],
	[7.0277, 9.5822],
	[9.857, 7.3276],
	[9.7094, 9.72],
	[4.7726, 9.7678],
	[9.8894, 2.0159],
	[6.6892, 9.9664],
	[9.7505, 8.8278]
  ]
]

Predicted M:[
  [
	[5.8891, 4.1479],
	[3.3479, 3.863],
	[3.4319, 6.417],
	[5.4454, 3.4588],
	[4.2321, 5.5486],
	[8.1152, 11.6068],
	[9.3418, 5.4629],
	[7.4224, 8.5986],
	[6.5389, 2.7768],
	[10.3496, 1.8991]
  ]
]

MSE: 0.001799
=========================================================
          Learning params for data #50
=========================================================
Actual Params: [12 0.00811 0.0758 0.678 25 0.5]
Predicted Params: [12 0.00811 0.0758 0.678 25 0.5]
Actual M:[
  [
	[4.3464, 6.3038],
	[5.9738, 3.2633],
	[9.1348, 6.8652],
	[2.6459, 8.382],
	[3.9573, 8.016],
	[4.5114, 8.6638],
	[4.575, 9.3494],
	[7.9437, 9.7055],
	[9.4609, 1.4263],
	[9.6895, 6.3061]
  ]
]

Predicted M:[
  [
	[2.2346, 5.1656],
	[4.9024, 7.183],
	[8.6081, 4.3984],
	[1.1611, 9.9413],
	[5.351, 3.7422],
	[3.3616, 4.971],
	[10.1175, 2.464],
	[2.9746, 1.7399],
	[2.541, 4.2209],
	[3.4731, 2.8953]
  ]
]

MSE: 1.238655


MSE list: [0.9675 0.3154 0.0004749 0.01379 0 0.09428 1.33 2.454e-05 0.1737 0.2651 0.8314 1.249 0.0008042 8e-08 0.02551 0.02643 0.0005963 1.193 2.766e-05 0.7518 9.27e-05 0.0009927 0.0001574 3.89e-05 1.292 0.05102 3.17e-05 0.007698 5e-07 1.279 0.973 1.316 0.09207 2e-06 1.168 0.2987 0.002531 0.002718 0.157 0.00022 1.133 0.01347 0.7817 0.08992 0.008626 1.273 0.04831 1.333 0.001799 1.239]
MSE mean: 0.396063
MSE std: 0.527327
Time elapsed: 6265.956452
