set_nopts7_ncomb3_nproblem50_no3
Ns: 5000
=========================================================
          Learning params for data #1
=========================================================
Actual Params: [10 0.04173 0.03466 0.5572 5 0.5]
Predicted Params: [10 0.04173 0.03466 0.5572 5 0.5]
Actual M:[
  [
	[3.327, 6.6774],
	[4.0886, 7.1075],
	[8.324, 5.7177],
	[4.2363, 9.2446],
	[9.3038, 2.5745],
	[9.4992, 7.1997],
	[9.095, 9.4601]
  ]
]

Predicted M:[
  [
	[7.3295, 6.4461],
	[3.8539, 1.8738],
	[8.9937, 4.5194],
	[4.9159, 7.3517],
	[6.9328, 6.7537],
	[3.8682, 1.1386],
	[11.6863, 11.2759]
  ]
]

MSE: 0.000260
=========================================================
          Learning params for data #2
=========================================================
Actual Params: [14 0.06396 0.07738 0.1246 8 0.3]
Predicted Params: [14 0.06396 0.07738 0.1246 8 0.3]
Actual M:[
  [
	[2.2974, 2.9521],
	[1.474, 4.8123],
	[4.2977, 5.899],
	[3.0344, 6.4832],
	[8.5602, 6.0094],
	[8.3612, 7.468],
	[9.4391, 9.4863]
  ]
]

Predicted M:[
  [
	[3.698, 2.2888],
	[9.2521, 4.2888],
	[6.8729, 2.7448],
	[2.7989, 3.2368],
	[8.5841, 8.8047],
	[6.9986, 7.3139],
	[3.6658, 1.8496]
  ]
]

MSE: 0.019448
=========================================================
          Learning params for data #3
=========================================================
Actual Params: [15 0.04136 0.02832 0.8968 8 0.3]
Predicted Params: [15 0.04136 0.02832 0.8968 8 0.3]
Actual M:[
  [
	[7.6431, 1.1469],
	[6.6651, 4.4841],
	[5.208, 9.7819],
	[9.2695, 7.3456],
	[1.745, 9.9442],
	[3.2269, 9.9128],
	[9.1759, 7.6372]
  ]
]

Predicted M:[
  [
	[1.8383, 2.4686],
	[3.2771, 1.9703],
	[6.7498, 6.4998],
	[1.5558, 5.7613],
	[1.8988, 6.927],
	[1.0591, 5.3096],
	[8.2171, 4.844]
  ]
]

MSE: 0.010575
=========================================================
          Learning params for data #4
=========================================================
Actual Params: [12 0.06466 0.06487 0.3647 7 0.3]
Predicted Params: [12 0.06466 0.06487 0.3647 7 0.3]
Actual M:[
  [
	[9.9268, 4.1831],
	[4.2173, 8.7973],
	[4.6485, 6.2715],
	[8.3487, 6.1024],
	[6.0533, 9.2011],
	[7.4545, 6.5053],
	[9.7432, 6.0184]
  ]
]

Predicted M:[
  [
	[3.3299, 7.2716],
	[12.5402, 7.6662],
	[9.7908, 4.403],
	[1.2447, 7.5613],
	[8.1083, 9.3316],
	[2.8589, 1.4706],
	[2.1047, 9.3543]
  ]
]

MSE: 0.266923
=========================================================
          Learning params for data #5
=========================================================
Actual Params: [5 0.09737 0.06753 0.4007 13 0.7]
Predicted Params: [5 0.09737 0.06753 0.4007 13 0.7]
Actual M:[
  [
	[4.9984, 8.1544],
	[9.41, 2.7158],
	[9.5546, 9.7634],
	[9.6854, 5.1078],
	[2.5405, 9.8447],
	[9.591, 9.8889],
	[3.1829, 9.9833]
  ]
]

Predicted M:[
  [
	[3.1671, 4.0497],
	[5.8725, 3.9256],
	[5.4932, 10.7154],
	[4.3804, 1.0936],
	[5.608, 6.386],
	[8.2079, 7.3455],
	[6.6227, 1.8564]
  ]
]

MSE: 0.002713
=========================================================
          Learning params for data #6
=========================================================
Actual Params: [12 0.0142 0.0685 0.8973 8 0.3]
Predicted Params: [12 0.0142 0.0685 0.8973 8 0.3]
Actual M:[
  [
	[3.3564, 7.221],
	[7.9815, 6.1756],
	[9.6194, 3.3845],
	[4.5675, 7.8075],
	[3.5872, 8.0994],
	[9.2473, 6.8654],
	[8.3528, 7.5186]
  ]
]

Predicted M:[
  [
	[3.0861, 3.087],
	[5.4201, 2.0695],
	[9.9685, 3.0995],
	[4.8045, 0.52154],
	[2.5042, 7.3375],
	[43.6959, 2.4789],
	[2.0428, 25.3119]
  ]
]

MSE: 0.026040
=========================================================
          Learning params for data #7
=========================================================
Actual Params: [14 0.02476 0.06473 0.3003 9 0.5]
Predicted Params: [14 0.02476 0.06473 0.3003 9 0.5]
Actual M:[
  [
	[7.0741, 4.604],
	[6.349, 9.8188],
	[8.1352, 7.7365],
	[9.6996, 6.8206],
	[7.405, 8.7926],
	[8.8678, 8.2088],
	[9.008, 8.6008]
  ]
]

Predicted M:[
  [
	[6.73, 4.3297],
	[9.0012, 8.884],
	[6.8078, 4.6697],
	[4.2253, 1.8048],
	[1.7418, 11.1052],
	[8.9241, 9.3393],
	[5.6861, 9.6173]
  ]
]

MSE: 0.007945
=========================================================
          Learning params for data #8
=========================================================
Actual Params: [3 0.00206 0.002506 0.688 11 0.5]
Predicted Params: [3 0.00206 0.002506 0.688 11 0.5]
Actual M:[
  [
	[6.8225, 1.9709],
	[3.284, 7.9561],
	[5.6183, 3.7759],
	[8.0486, 8.6327],
	[9.6146, 3.4787],
	[9.7305, 7.6386],
	[8.6793, 9.9176]
  ]
]

Predicted M:[
  [
	[1.9198, 3.9623],
	[1.655, 6.6796],
	[2.3153, 3.0012],
	[5.611, 4.2794],
	[6.5504, 1.5431],
	[5.219, 8.4466],
	[42.3942, 1.4972]
  ]
]

MSE: 0.000160
=========================================================
          Learning params for data #9
=========================================================
Actual Params: [14 0.06625 0.03704 0.6563 5 0.3]
Predicted Params: [14 0.06625 0.03704 0.6563 5 0.3]
Actual M:[
  [
	[3.8837, 3.0405],
	[5.4982, 4.471],
	[7.3711, 8.8009],
	[8.3285, 7.9562],
	[6.5133, 9.591],
	[9.0034, 9.0064],
	[9.9171, 4.2581]
  ]
]

Predicted M:[
  [
	[3.7572, 7.2263],
	[6.6628, 10.1436],
	[7.5701, 6.6837],
	[9.9283, 4.546],
	[7.5393, 7.7906],
	[14.9031, 3.963],
	[2.0541, 2.8756]
  ]
]

MSE: 0.035820
=========================================================
          Learning params for data #10
=========================================================
Actual Params: [5 0.08267 0.07421 1.08 8 0.5]
Predicted Params: [5 0.08267 0.07421 1.08 8 0.5]
Actual M:[
  [
	[7.6659, 3.199],
	[6.394, 3.2064],
	[8.4579, 5.6233],
	[3.904, 9.0843],
	[5.3382, 5.978],
	[6.321, 6.9612],
	[4.6318, 7.764]
  ]
]

Predicted M:[
  [
	[8.4286, 1.4692],
	[5.5608, 7.8448],
	[6.6323, 11.88],
	[1.1528, 9.8634],
	[6.4531, 10.4928],
	[1.5709, 4.4191],
	[7.0944, 6.7764]
  ]
]

MSE: 0.078171
=========================================================
          Learning params for data #11
=========================================================
Actual Params: [2 0.07543 0.01362 0.2603 7 0.5]
Predicted Params: [2 0.07543 0.01362 0.2603 7 0.5]
Actual M:[
  [
	[2.7149, 7.8611],
	[7.5578, 7.062],
	[4.3595, 7.1156],
	[8.5539, 1.86],
	[9.0947, 2.1496],
	[5.0928, 7.3231],
	[7.4843, 8.1818]
  ]
]

Predicted M:[
  [
	[1.9019, 5.3905],
	[6.0892, 2.2049],
	[2.8515, 2.1847],
	[2.1006, 3.8536],
	[6.5086, 3.7958],
	[7.3124, 2.0707],
	[7.8599, 7.4138]
  ]
]

MSE: 0.000121
=========================================================
          Learning params for data #12
=========================================================
Actual Params: [6 0.05363 0.02741 0.5381 6 0.5]
Predicted Params: [6 0.05363 0.02741 0.5381 6 0.5]
Actual M:[
  [
	[7.7621, 6.6627],
	[2.3771, 7.5314],
	[9.0064, 3.625],
	[6.7891, 8.8424],
	[9.5072, 7.3945],
	[1.9561, 9.9833],
	[2.8941, 9.0373]
  ]
]

Predicted M:[
  [
	[2.54, 8.1909],
	[4.5818, 2.7247],
	[7.8769, 6.0649],
	[8.6389, 6.2198],
	[11.9264, 2.4072],
	[8.9379, 4.0643],
	[7.3492, 5.4894]
  ]
]

MSE: 0.012461
=========================================================
          Learning params for data #13
=========================================================
Actual Params: [15 0.08622 0.07872 0.9453 10 0.3]
Predicted Params: [15 0.08622 0.07872 0.9453 10 0.3]
Actual M:[
  [
	[3.6343, 5.254],
	[5.0375, 6.611],
	[7.8551, 4.2397],
	[6.0613, 7.9627],
	[4.1093, 8.6098],
	[9.3496, 5.0103],
	[6.8989, 9.6835]
  ]
]

Predicted M:[
  [
	[6.1734, 3.9032],
	[4.4934, 6.0149],
	[5.5037, 7.6231],
	[5.2119, 5.077],
	[4.5259, 8.1646],
	[4.2009, 8.978],
	[3.6867, 11.6533]
  ]
]

MSE: 0.000004
=========================================================
          Learning params for data #14
=========================================================
Actual Params: [15 0.0677 0.06941 0.6509 12 0.7]
Predicted Params: [15 0.0677 0.06941 0.6509 12 0.7]
Actual M:[
  [
	[8.9752, 7.9693],
	[9.0227, 4.0156],
	[2.987, 8.4807],
	[1.0734, 9.6682],
	[4.3918, 9.9262],
	[4.4049, 8.7976],
	[9.0919, 2.7817]
  ]
]

Predicted M:[
  [
	[1.4414, 25.3294],
	[6.1643, 1.74],
	[5.3786, 1.6226],
	[1.3347, 7.3316],
	[6.4901, 2.5178],
	[12.0734, 3.94],
	[2.7472, 2.4573]
  ]
]

MSE: 0.061434
=========================================================
          Learning params for data #15
=========================================================
Actual Params: [14 0.07321 0.04222 0.6657 5 0.7]
Predicted Params: [14 0.07321 0.04222 0.6657 5 0.7]
Actual M:[
  [
	[4.9686, 8.3577],
	[8.4003, 6.3539],
	[7.9433, 7.782],
	[9.2073, 1.1233],
	[7.0697, 8.9936],
	[6.1967, 9.4941],
	[7.4922, 9.1242]
  ]
]

Predicted M:[
  [
	[7.5783, 7.5466],
	[1.8802, 13.5244],
	[5.0154, 6.1342],
	[7.6832, 8.4553],
	[3.0464, 8.8109],
	[2.3632, 9.3114],
	[4.342, 1.8957]
  ]
]

MSE: 0.006808
=========================================================
          Learning params for data #16
=========================================================
Actual Params: [11 0.02012 0.01304 0.6664 7 0.7]
Predicted Params: [11 0.02012 0.01304 0.6664 7 0.7]
Actual M:[
  [
	[5.7691, 7.0094],
	[6.7953, 8.5549],
	[6.853, 1.0135],
	[9.1415, 8.6122],
	[5.2595, 9.5793],
	[9.9189, 1.033],
	[9.3154, 8.3068]
  ]
]

Predicted M:[
  [
	[6.383, 8.2241],
	[3.3883, 13.8602],
	[4.1808, 1.9522],
	[2.166, 2.0245],
	[1.4176, 2.4209],
	[2.8596, 21.1209],
	[5.9734, 1.0293]
  ]
]

MSE: 0.598396
=========================================================
          Learning params for data #17
=========================================================
Actual Params: [1 0.07412 0.01904 0.6049 5 0.7]
Predicted Params: [1 0.07412 0.01904 0.6049 5 0.7]
Actual M:[
  [
	[6.1528, 8.7033],
	[7.6459, 8.1704],
	[9.7327, 4.2925],
	[7.8504, 5.4713],
	[9.7686, 6.23],
	[3.1559, 9.7778],
	[3.4023, 9.5208]
  ]
]

Predicted M:[
  [
	[8.6465, 2.6705],
	[8.0736, 6.2059],
	[10.3533, 1.2328],
	[8.2815, 5.1577],
	[2.3839, 3.6594],
	[4.703, 5.4831],
	[7.8692, 8.9823]
  ]
]

MSE: 0.000375
=========================================================
          Learning params for data #18
=========================================================
Actual Params: [15 0.05014 0.07274 0.58 14 0.3]
Predicted Params: [15 0.05014 0.07274 0.58 14 0.3]
Actual M:[
  [
	[3.9882, 1.3577],
	[9.4775, 7.3976],
	[2.5902, 8.8688],
	[9.9678, 8.0574],
	[1.3232, 9.9303],
	[3.7649, 8.9732],
	[4.193, 9.2896]
  ]
]

Predicted M:[
  [
	[8.0336, 3.9732],
	[3.5045, 5.9476],
	[9.7887, 1.193],
	[5.9574, 7.4201],
	[2.5425, 7.1127],
	[3.1176, 7.9303],
	[2.8168, 7.3401]
  ]
]

MSE: 0.108008
=========================================================
          Learning params for data #19
=========================================================
Actual Params: [13 0.03067 0.08369 0.3442 14 0.7]
Predicted Params: [13 0.03067 0.08369 0.3442 14 0.7]
Actual M:[
  [
	[7.2944, 5.0455],
	[1.4517, 7.3932],
	[3.5498, 9.63],
	[9.1495, 8.8074],
	[5.7804, 8.9861],
	[8.0183, 9.0728],
	[9.5691, 9.4742]
  ]
]

Predicted M:[
  [
	[2.2923, 3.9444],
	[2.8716, 6.883],
	[4.9184, 6.0481],
	[5.1755, 9.4107],
	[1.172, 6.4856],
	[3.2737, 10.7688],
	[14.5931, 2.8865]
  ]
]

MSE: 0.000000
=========================================================
          Learning params for data #20
=========================================================
Actual Params: [6 0.03177 0.03314 1.014 14 0.7]
Predicted Params: [6 0.03177 0.03314 1.014 14 0.7]
Actual M:[
  [
	[5.4887, 1.4135],
	[5.1482, 2.0023],
	[2.1018, 5.6099],
	[7.5743, 8.7419],
	[9.9142, 5.1385],
	[5.1646, 8.7571],
	[5.6523, 9.2198]
  ]
]

Predicted M:[
  [
	[3.3236, 3.9494],
	[6.7954, 2.0348],
	[5.2099, 3.0159],
	[7.4986, 1.8256],
	[8.1559, 4.9414],
	[3.1504, 4.888],
	[5.7226, 4.0284]
  ]
]

MSE: 0.000001
=========================================================
          Learning params for data #21
=========================================================
Actual Params: [5 0.03486 0.03459 0.5414 10 0.5]
Predicted Params: [5 0.03486 0.03459 0.5414 10 0.5]
Actual M:[
  [
	[5.1157, 9.7034],
	[5.0214, 9.7164],
	[8.48, 7.5629],
	[9.5323, 7.6679],
	[5.2228, 8.3903],
	[6.6956, 9.2859],
	[9.5495, 5.1278]
  ]
]

Predicted M:[
  [
	[2.9376, 7.3333],
	[2.9158, 1.0358],
	[4.9167, 2.1658],
	[6.1985, 3.9084],
	[4.7312, 6.2244],
	[1.1329, 14.7848],
	[6.3707, 9.6219]
  ]
]

MSE: 0.064654
=========================================================
          Learning params for data #22
=========================================================
Actual Params: [7 0.06758 0.04739 0.1622 13 0.3]
Predicted Params: [7 0.06758 0.04739 0.1622 13 0.3]
Actual M:[
  [
	[7.2255, 7.4346],
	[6.4266, 8.9665],
	[8.2899, 9.9352],
	[9.688, 8.804],
	[9.2315, 9.288],
	[9.8556, 5.1935],
	[9.7357, 5.7917]
  ]
]

Predicted M:[
  [
	[4.2559, 4.15],
	[3.7182, 4.4547],
	[2.9341, 1.6305],
	[7.0176, 7.9081],
	[5.2255, 5.0767],
	[2.3053, 4.2293],
	[6.6625, 2.0023]
  ]
]

MSE: 0.000125
=========================================================
          Learning params for data #23
=========================================================
Actual Params: [5 0.02364 0.07574 0.8994 13 0.5]
Predicted Params: [5 0.02364 0.07574 0.8994 13 0.5]
Actual M:[
  [
	[1.9776, 5.964],
	[4.8327, 6.4785],
	[4.3378, 7.3563],
	[1.3579, 8.1593],
	[4.9548, 4.4014],
	[7.1263, 5.7199],
	[2.5379, 9.9911]
  ]
]

Predicted M:[
  [
	[6.1724, 8.7648],
	[2.3233, 7.032],
	[6.3819, 4.4454],
	[10.3295, 4.5606],
	[0.77156, 3.2377],
	[10.1493, 7.713],
	[2.7706, 17.1709]
  ]
]

MSE: 0.000422
=========================================================
          Learning params for data #24
=========================================================
Actual Params: [14 0.09659 0.09652 0.584 10 0.5]
Predicted Params: [14 0.09659 0.09652 0.584 10 0.5]
Actual M:[
  [
	[5.9212, 6.5197],
	[6.5812, 5.2127],
	[8.1826, 2.2498],
	[5.5496, 7.6334],
	[9.1699, 4.9284],
	[3.4655, 9.8281],
	[7.9428, 8.1197]
  ]
]

Predicted M:[
  [
	[5.8372, 4.378],
	[2.9545, 1.4399],
	[5.404, 2.2948],
	[5.6505, 5.1354],
	[2.7688, 8.6998],
	[1.5633, 9.1897],
	[3.0944, 8.8746]
  ]
]

MSE: 0.000088
=========================================================
          Learning params for data #25
=========================================================
Actual Params: [10 0.04549 0.06464 0.7728 10 0.5]
Predicted Params: [10 0.04549 0.06464 0.7728 10 0.5]
Actual M:[
  [
	[6.6858, 7.3468],
	[7.7625, 7.9538],
	[8.2591, 7.2645],
	[3.6829, 9.9118],
	[8.6357, 5.0998],
	[9.794, 8.2071],
	[4.4019, 8.2438]
  ]
]

Predicted M:[
  [
	[5.2636, 8.6721],
	[3.2781, 6.3108],
	[6.4463, 4.5199],
	[8.2366, 2.3157],
	[5.4011, 2.5822],
	[4.4761, 16.2433],
	[3.5766, 2.6628]
  ]
]

MSE: 0.005151
=========================================================
          Learning params for data #26
=========================================================
Actual Params: [15 0.08835 0.007312 0.8931 9 0.3]
Predicted Params: [15 0.08835 0.007312 0.8931 9 0.3]
Actual M:[
  [
	[6.1669, 6.5828],
	[4.3659, 7.0038],
	[9.18, 8.0972],
	[9.133, 9.8641],
	[9.7303, 4.0031],
	[9.7375, 5.3272],
	[9.3679, 8.0223]
  ]
]

Predicted M:[
  [
	[9.1571, 3.5723],
	[6.6344, 5.7502],
	[12.2768, 2.7344],
	[3.8232, 13.5225],
	[1.3538, 1.7873],
	[5.6251, 2.3198],
	[5.5863, 5.4585]
  ]
]

MSE: 0.000185
=========================================================
          Learning params for data #27
=========================================================
Actual Params: [5 0.06485 0.01674 0.2932 8 0.3]
Predicted Params: [5 0.06485 0.01674 0.2932 8 0.3]
Actual M:[
  [
	[7.1308, 1.116],
	[9.806, 1.7742],
	[8.0413, 4.8606],
	[8.6069, 7.8289],
	[9.6056, 4.6065],
	[9.7815, 2.0885],
	[9.7074, 8.8897]
  ]
]

Predicted M:[
  [
	[6.904, 9.3927],
	[4.5065, 3.444],
	[5.5859, 2.5487],
	[14.4233, 9.8293],
	[3.6587, 9.7437],
	[5.0975, 5.0537],
	[2.7628, 1.7859]
  ]
]

MSE: 0.000023
=========================================================
          Learning params for data #28
=========================================================
Actual Params: [8 0.02488 0.08888 0.9409 8 0.5]
Predicted Params: [8 0.02488 0.08888 0.9409 8 0.5]
Actual M:[
  [
	[9.8468, 2.2936],
	[1.6812, 8.7437],
	[4.1996, 7.3414],
	[4.6204, 7.9623],
	[9.7142, 7.4358],
	[3.4081, 8.7815],
	[5.6816, 8.3196]
  ]
]

Predicted M:[
  [
	[1.1506, 60.6285],
	[28.8236, 1.0556],
	[7.551, 6.2875],
	[0.83215, 0.90965],
	[0.16728, 7.1473],
	[40.7862, 0.16598],
	[229148.6793, 2.0254]
  ]
]

MSE: 0.020037
=========================================================
          Learning params for data #29
=========================================================
Actual Params: [1 0.08105 0.04077 0.3827 10 0.7]
Predicted Params: [1 0.08105 0.04077 0.3827 10 0.7]
Actual M:[
  [
	[7.2791, 1.5122],
	[1.983, 8.9363],
	[9.1406, 6.0623],
	[2.9346, 6.5318],
	[8.9823, 8.8163],
	[4.3756, 8.9665],
	[9.4331, 1.0098]
  ]
]

Predicted M:[
  [
	[4.7848, 5.1992],
	[4.9669, 3.5035],
	[6.0332, 8.1642],
	[7.8098, 4.5628],
	[9.5959, 3.0882],
	[4.4516, 6.1562],
	[8.3702, 5.5038]
  ]
]

MSE: 0.000320
=========================================================
          Learning params for data #30
=========================================================
Actual Params: [11 0.0596 0.05473 0.9369 11 0.3]
Predicted Params: [11 0.0596 0.05473 0.9369 11 0.3]
Actual M:[
  [
	[5.0091, 8.123],
	[9.5193, 5.3376],
	[6.4856, 9.9725],
	[9.3325, 7.5253],
	[7.4858, 9.0879],
	[9.9934, 4.3376],
	[7.1678, 9.674]
  ]
]

Predicted M:[
  [
	[5.955, 1.5374],
	[3.0477, 1.3074],
	[16.1276, 5.1229],
	[5.6618, 6.0414],
	[6.693, 1.9862],
	[5.4375, 5.3864],
	[6.4635, 10.413]
  ]
]

MSE: 0.010790
=========================================================
          Learning params for data #31
=========================================================
Actual Params: [6 0.02485 0.07272 1.027 14 0.3]
Predicted Params: [6 0.02485 0.07272 1.027 14 0.3]
Actual M:[
  [
	[1.2527, 8.1622],
	[9.7591, 3.5672],
	[7.4943, 5.8344],
	[9.4486, 8.4747],
	[3.5832, 8.5887],
	[4.943, 8.6819],
	[2.3856, 9.6749]
  ]
]

Predicted M:[
  [
	[4.8094, 8.1915],
	[6.2173, 1.527],
	[4.2362, 3.495],
	[3.0932, 1.2529],
	[7.4007, 6.1918],
	[7.7235, 6.5015],
	[10.6819, 5.9244]
  ]
]

MSE: 0.428074
=========================================================
          Learning params for data #32
=========================================================
Actual Params: [14 0.04626 0.004661 0.5431 12 0.7]
Predicted Params: [14 0.04626 0.004661 0.5431 12 0.7]
Actual M:[
  [
	[3.8775, 4.7021],
	[5.33, 8.7948],
	[2.2327, 9.042],
	[7.8272, 3.656],
	[5.9873, 9.2125],
	[5.7056, 9.3973],
	[6.1278, 5.0096]
  ]
]

Predicted M:[
  [
	[2.7458, 5.6316],
	[6.0538, 2.5514],
	[2.7046, 3.2208],
	[8.0538, 8.3516],
	[8.4926, 7.3929],
	[4.9514, 7.5938],
	[1.3087, 9.3974]
  ]
]

MSE: 0.009133
=========================================================
          Learning params for data #33
=========================================================
Actual Params: [13 0.07621 0.07207 1.027 8 0.5]
Predicted Params: [13 0.07621 0.07207 1.027 8 0.5]
Actual M:[
  [
	[1.4459, 9.8822],
	[4.2686, 1.7987],
	[9.8086, 4.6698],
	[7.1155, 6.2553],
	[4.6007, 6.905],
	[4.2687, 7.8221],
	[9.023, 8.7118]
  ]
]

Predicted M:[
  [
	[2.5806, 4.1225],
	[3.8969, 4.9332],
	[1.4768, 8.5303],
	[4.2944, 3.2831],
	[1.3918, 3.7282],
	[12.4077, 8.7296],
	[3.7545, 10.8474]
  ]
]

MSE: 0.091474
=========================================================
          Learning params for data #34
=========================================================
Actual Params: [15 0.08867 0.09545 0.7932 5 0.7]
Predicted Params: [15 0.08867 0.09545 0.7932 5 0.7]
Actual M:[
  [
	[4.0135, 1.0896],
	[5.7161, 7.7862],
	[6.6407, 2.1885],
	[7.5378, 5.659],
	[4.3712, 9.5197],
	[7.6912, 4.7769],
	[9.2523, 3.5698]
  ]
]

Predicted M:[
  [
	[3.5005, 5.1292],
	[4.7278, 5.0545],
	[4.5431, 4.448],
	[3.7649, 10.2839],
	[3.4824, 7.5436],
	[6.1288, 7.7313],
	[5.575, 8.7773]
  ]
]

MSE: 0.043066
=========================================================
          Learning params for data #35
=========================================================
Actual Params: [3 0.05119 0.03325 0.5536 10 0.3]
Predicted Params: [3 0.05119 0.03325 0.5536 10 0.3]
Actual M:[
  [
	[7.1497, 5.8758],
	[4.7908, 6.3148],
	[8.9103, 9.735],
	[8.987, 2.6316],
	[9.8512, 6.5245],
	[9.0502, 7.7813],
	[9.4283, 9.6333]
  ]
]

Predicted M:[
  [
	[2.1065, 5.624],
	[3.1407, 5.9387],
	[2.102, 5.847],
	[3.8925, 9.2837],
	[11.7976, 5.8076],
	[2.3272, 3.5409],
	[7.8799, 3.1296]
  ]
]

MSE: 0.500397
=========================================================
          Learning params for data #36
=========================================================
Actual Params: [1 0.09731 0.07261 0.6351 8 0.5]
Predicted Params: [1 0.09731 0.07261 0.6351 8 0.5]
Actual M:[
  [
	[2.2197, 3.774],
	[8.0106, 9.4678],
	[9.869, 9.4018],
	[9.9788, 2.4644],
	[9.465, 9.9689],
	[9.9577, 5.7915],
	[9.9024, 8.0283]
  ]
]

Predicted M:[
  [
	[6.9115, 8.917],
	[3.2664, 4.0026],
	[9.9441, 7.6701],
	[1.3375, 10.8368],
	[6.2398, 4.3904],
	[4.5534, 7.7056],
	[5.3963, 7.0057]
  ]
]

MSE: 0.209780
=========================================================
          Learning params for data #37
=========================================================
Actual Params: [3 0.06025 0.04262 0.3752 7 0.7]
Predicted Params: [3 0.06025 0.04262 0.3752 7 0.7]
Actual M:[
  [
	[2.4045, 2.0203],
	[1.2491, 4.9166],
	[1.4761, 4.1171],
	[5.8071, 4.5114],
	[6.5735, 7.4424],
	[5.3623, 8.4603],
	[6.7779, 3.3937]
  ]
]

Predicted M:[
  [
	[2.6918, 4.1746],
	[4.3404, 3.2627],
	[3.4403, 1.6498],
	[2.2253, 5.4968],
	[6.3349, 3.5265],
	[4.641, 2.4763],
	[1.8217, 3.6408]
  ]
]

MSE: 0.034105
=========================================================
          Learning params for data #38
=========================================================
Actual Params: [1 0.01134 0.05498 0.8991 10 0.3]
Predicted Params: [1 0.01134 0.05498 0.8991 10 0.3]
Actual M:[
  [
	[7.6863, 5.6083],
	[5.3409, 8.2067],
	[5.6849, 5.7147],
	[6.8344, 8.3358],
	[8.7807, 7.7287],
	[9.9191, 6.8577],
	[9.2993, 9.9808]
  ]
]

Predicted M:[
  [
	[2.2592, 1.0189],
	[13.6874, 2.8433],
	[5.0092, 2.6276],
	[2.1052, 2.5432],
	[6.535, 1.2977],
	[2.4877, 20.1749],
	[1.5683, 3.5023]
  ]
]

MSE: 0.140920
=========================================================
          Learning params for data #39
=========================================================
Actual Params: [14 0.07112 0.03963 0.2967 5 0.7]
Predicted Params: [14 0.07112 0.03963 0.2967 5 0.7]
Actual M:[
  [
	[2.6931, 5.893],
	[2.792, 3.0681],
	[5.0717, 8.6698],
	[6.9049, 3.2014],
	[8.3053, 8.5737],
	[8.8967, 2.4935],
	[2.9741, 9.8402]
  ]
]

Predicted M:[
  [
	[8.386, 4.2621],
	[5.5802, 6.5413],
	[6.0848, 2.9193],
	[7.473, 4.3965],
	[1.2928, 4.8763],
	[8.4212, 10.5724],
	[9.144, 8.3824]
  ]
]

MSE: 0.127902
=========================================================
          Learning params for data #40
=========================================================
Actual Params: [1 0.01135 0.03966 0.8207 7 0.7]
Predicted Params: [1 0.01135 0.03966 0.8207 7 0.7]
Actual M:[
  [
	[9.1949, 4.8677],
	[8.2397, 9.0565],
	[5.7094, 9.1744],
	[9.7241, 1.5692],
	[8.8703, 7.158],
	[7.1942, 9.6305],
	[9.9776, 4.6546]
  ]
]

Predicted M:[
  [
	[4.2771, 8.8144],
	[1.4365, 6.2586],
	[6.8122, 1.818],
	[4.1477, 2.7042],
	[1.4499, 1.6571],
	[8.8658, 2.6625],
	[6.3704, 7.973]
  ]
]

MSE: 0.152496
=========================================================
          Learning params for data #41
=========================================================
Actual Params: [8 0.04968 0.07724 1.055 14 0.5]
Predicted Params: [8 0.04968 0.07724 1.055 14 0.5]
Actual M:[
  [
	[3.8712, 6.3995],
	[9.0109, 6.4456],
	[4.2482, 8.6279],
	[8.4712, 8.4912],
	[9.9773, 3.4216],
	[9.6112, 6.2656],
	[9.3909, 6.8838]
  ]
]

Predicted M:[
  [
	[4.6627, 1.6124],
	[6.1155, 5.6244],
	[2.09, 8.9533],
	[9.2527, 6.2674],
	[7.038, 7.0607],
	[12.3784, 1.7793],
	[8.0132, 9.4021]
  ]
]

MSE: 0.000096
=========================================================
          Learning params for data #42
=========================================================
Actual Params: [1 0.02097 0.01112 0.3485 13 0.3]
Predicted Params: [1 0.02097 0.01112 0.3485 13 0.3]
Actual M:[
  [
	[6.6162, 4.9083],
	[7.8462, 7.6689],
	[7.6423, 8.7848],
	[1.4807, 9.8504],
	[8.1223, 9.8215],
	[8.9364, 6.2788],
	[9.5945, 1.9474]
  ]
]

Predicted M:[
  [
	[10.5348, 1.0622],
	[4.8202, 3.03],
	[1.4063, 1.0322],
	[14.1455, 31.0084],
	[131.5781, 1.0401],
	[18.1081, 1.4962],
	[2.6396, 1.4942]
  ]
]

MSE: 0.613231
=========================================================
          Learning params for data #43
=========================================================
Actual Params: [14 0.05287 0.02659 0.949 12 0.7]
Predicted Params: [14 0.05287 0.02659 0.949 12 0.7]
Actual M:[
  [
	[9.403, 5.8903],
	[9.4999, 2.0014],
	[5.8658, 7.5297],
	[9.7228, 6.0831],
	[2.9448, 8.6846],
	[7.3754, 9.2716],
	[2.4738, 9.8987]
  ]
]

Predicted M:[
  [
	[3.9715, 10.8168],
	[11.8717, 6.7547],
	[6.4287, 2.8273],
	[1.7306, 3.7646],
	[1.9921, 2.1295],
	[1.7696, 3.2423],
	[4.6039, 4.3913]
  ]
]

MSE: 0.611582
=========================================================
          Learning params for data #44
=========================================================
Actual Params: [2 0.05185 0.05062 1.012 5 0.7]
Predicted Params: [2 0.05185 0.05062 1.012 5 0.7]
Actual M:[
  [
	[8.7596, 6.2702],
	[4.1061, 6.4726],
	[9.0819, 6.6154],
	[4.9057, 7.2273],
	[5.9579, 7.6579],
	[4.8148, 9.7408],
	[9.8648, 6.0407]
  ]
]

Predicted M:[
  [
	[8.2955, 1.9561],
	[3.0005, 5.1185],
	[5.6364, 9.0113],
	[4.5323, 8.0213],
	[5.4204, 8.4418],
	[2.3227, 12.0501],
	[2.4387, 4.1022]
  ]
]

MSE: 0.290146
=========================================================
          Learning params for data #45
=========================================================
Actual Params: [15 0.09004 0.08821 0.8372 11 0.3]
Predicted Params: [15 0.09004 0.08821 0.8372 11 0.3]
Actual M:[
  [
	[4.7248, 9.9736],
	[6.8231, 9.3949],
	[6.919, 9.986],
	[7.752, 1.5723],
	[7.6867, 2.7211],
	[8.9646, 6.7724],
	[9.9067, 5.627]
  ]
]

Predicted M:[
  [
	[5.9861, 1.9416],
	[10.3325, 8.7336],
	[4.3441, 7.9038],
	[6.3516, 2.6472],
	[7.5558, 2.1216],
	[8.1466, 3.6391],
	[3.7, 4.0687]
  ]
]

MSE: 0.458333
=========================================================
          Learning params for data #46
=========================================================
Actual Params: [4 0.06908 0.0804 0.8337 6 0.7]
Predicted Params: [4 0.06908 0.0804 0.8337 6 0.7]
Actual M:[
  [
	[6.1088, 2.4262],
	[8.4598, 6.4204],
	[7.2898, 9.1525],
	[8.7686, 9.3053],
	[9.918, 9.644],
	[4.9291, 9.9636],
	[8.6924, 9.791]
  ]
]

Predicted M:[
  [
	[2.2027, 4.6648],
	[7.3408, 9.9678],
	[3.1604, 7.9474],
	[2.8897, 14.8752],
	[3.3048, 11.2779],
	[3.5511, 2.6958],
	[6.7946, 10.0677]
  ]
]

MSE: 0.000189
=========================================================
          Learning params for data #47
=========================================================
Actual Params: [9 0.09894 0.09799 0.6267 10 0.3]
Predicted Params: [9 0.09894 0.09799 0.6267 10 0.3]
Actual M:[
  [
	[6.9288, 2.3759],
	[4.9407, 9.6078],
	[6.7509, 7.535],
	[7.5354, 5.0587],
	[7.9645, 3.4682],
	[8.4721, 5.5728],
	[7.9217, 6.64]
  ]
]

Predicted M:[
  [
	[3.0828, 2.5319],
	[8.763, 4.5802],
	[7.9074, 6.9715],
	[5.3606, 4.4457],
	[3.8089, 5.0843],
	[3.966, 6.8609],
	[14.4466, 7.5656]
  ]
]

MSE: 0.000000
=========================================================
          Learning params for data #48
=========================================================
Actual Params: [3 0.08685 0.05326 1.013 9 0.7]
Predicted Params: [3 0.08685 0.05326 1.013 9 0.7]
Actual M:[
  [
	[5.4411, 8.3852],
	[6.2651, 7.9384],
	[6.8086, 6.8849],
	[8.3661, 4.7977],
	[8.3743, 2.8329],
	[7.5523, 8.916],
	[9.5791, 7.6088]
  ]
]

Predicted M:[
  [
	[4.1458, 2.5945],
	[4.6254, 6.4289],
	[6.7963, 4.6869],
	[5.012, 4.6162],
	[4.1521, 3.4214],
	[5.4875, 5.3977],
	[9.746, 4.6834]
  ]
]

MSE: 0.000414
=========================================================
          Learning params for data #49
=========================================================
Actual Params: [6 0.03731 0.02495 0.271 11 0.5]
Predicted Params: [6 0.03731 0.02495 0.271 11 0.5]
Actual M:[
  [
	[3.6444, 2.6634],
	[8.4657, 6.4761],
	[8.4951, 5.5219],
	[6.4651, 9.891],
	[8.8183, 1.5953],
	[7.9331, 9.8548],
	[8.6519, 7.9682]
  ]
]

Predicted M:[
  [
	[7.9383, 6.458],
	[10.2077, 7.1187],
	[2.2585, 5.4716],
	[8.5083, 9.5624],
	[4.0987, 2.3044],
	[4.5323, 2.6555],
	[8.2843, 4.829]
  ]
]

MSE: 0.001361
=========================================================
          Learning params for data #50
=========================================================
Actual Params: [12 0.02368 0.01975 0.7032 12 0.3]
Predicted Params: [12 0.02368 0.01975 0.7032 12 0.3]
Actual M:[
  [
	[4.0876, 6.1739],
	[3.2643, 7.5855],
	[3.961, 7.9872],
	[2.6363, 9.8607],
	[8.519, 4.5476],
	[8.5636, 3.1458],
	[5.2088, 8.4629]
  ]
]

Predicted M:[
  [
	[6.9235, 1.6513],
	[3.5486, 1.4054],
	[3.0242, 7.7712],
	[28.3917, 77.2547],
	[4.607, 1.0679],
	[8.7508, 0.75366],
	[7.683, 8.2377]
  ]
]

MSE: 0.005901


MSE list: [0.0002599 0.01945 0.01058 0.2669 0.002713 0.02604 0.007945 0.0001599 0.03582 0.07817 0.0001209 0.01246 4.433e-06 0.06143 0.006808 0.5984 0.0003754 0.108 1.067e-07 1.493e-06 0.06465 0.000125 0.0004221 8.769e-05 0.005151 0.000185 2.319e-05 0.02004 0.0003197 0.01079 0.4281 0.009133 0.09147 0.04307 0.5004 0.2098 0.03411 0.1409 0.1279 0.1525 9.597e-05 0.6132 0.6116 0.2901 0.4583 0.000189 6.667e-09 0.000414 0.001361 0.005901]
MSE mean: 0.101121
MSE std: 0.177282
Time elapsed: 1384.420901
