set_nopts10_ncomb5_nproblem50_no3
Ns: 5000
=========================================================
          Learning params for data #1
=========================================================
Actual Params: [1 0.06185 0.04461 0.5393 11 0.5]
Predicted Params: [1 0.06185 0.04461 0.5393 11 0.5]
Actual M:[
  [
	[8.1006, 5.1878],
	[9.8452, 4.6087],
	[6.6538, 6.7299],
	[1.8013, 8.0224],
	[9.8748, 2.4735],
	[2.4893, 9.7489],
	[8.2565, 8.3979],
	[8.6768, 6.2666],
	[8.384, 6.4951],
	[5.8478, 9.9464]
  ]
]

Predicted M:[
  [
	[4.9219, 7.5595],
	[3.5414, 3.0256],
	[4.7012, 2.8221],
	[9.5862, 2.0579],
	[1.0409, 2.9196],
	[2.1373, 9.8565],
	[7.1254, 8.6669],
	[4.0829, 2.6395],
	[2.1721, 8.7719],
	[9.5938, 3.7811]
  ]
]

MSE: 0.068450
=========================================================
          Learning params for data #2
=========================================================
Actual Params: [8 0.03173 0.06484 1.078 13 0.5]
Predicted Params: [8 0.03173 0.06484 1.078 13 0.5]
Actual M:[
  [
	[7.9384, 5.7086],
	[9.705, 3.898],
	[4.8651, 5.7654],
	[3.4145, 9.6546],
	[3.68, 6.0098],
	[6.8137, 8.6347],
	[8.5349, 7.7816],
	[6.267, 9.4669],
	[9.8031, 6.7264],
	[9.621, 8.4838]
  ]
]

Predicted M:[
  [
	[3.9782, 4.8106],
	[9.6142, 2.1189],
	[6.207, 5.3952],
	[8.1575, 4.0437],
	[1.9636, 8.8787],
	[5.9948, 9.1977],
	[1.3968, 1.391],
	[6.9082, 8.133],
	[8.5763, 4.5498],
	[10.8775, 5.6084]
  ]
]

MSE: 0.500080
=========================================================
          Learning params for data #3
=========================================================
Actual Params: [7 0.09182 0.1004 0.8978 9 0.5]
Predicted Params: [7 0.09182 0.1004 0.8978 9 0.5]
Actual M:[
  [
	[4.7401, 9.0355],
	[9.2964, 6.8198],
	[5.3286, 7.4378],
	[6.6334, 8.9086],
	[9.3133, 7.1221],
	[7.6767, 7.7816],
	[9.5119, 6.1642],
	[4.2075, 9.6795],
	[4.9391, 9.782],
	[9.5522, 5.7104]
  ]
]

Predicted M:[
  [
	[3.9522, 7.1015],
	[9.952, 6.3477],
	[9.3675, 4.4521],
	[5.5334, 8.3622],
	[7.4391, 7.857],
	[4.2473, 2.5407],
	[8.1011, 3.5636],
	[8.5503, 2.6574],
	[8.0587, 1.3952],
	[8.769, 6.7638]
  ]
]

MSE: 0.099978
=========================================================
          Learning params for data #4
=========================================================
Actual Params: [6 0.007179 0.05818 0.3615 9 0.5]
Predicted Params: [6 0.007179 0.05818 0.3615 9 0.5]
Actual M:[
  [
	[1.188, 4.3143],
	[4.004, 4.1229],
	[2.4036, 5.1684],
	[7.3367, 2.579],
	[8.3858, 6.6169],
	[6.2929, 8.5906],
	[5.1561, 8.9115],
	[2.6501, 9.9135],
	[8.6419, 6.6564],
	[6.4423, 8.5421]
  ]
]

Predicted M:[
  [
	[3.0934, 6.317],
	[3.917, 2.4218],
	[3.2027, 6.5624],
	[6.1469, 4.5796],
	[13.1775, 6.9066],
	[8.8938, 1.0707],
	[7.0378, 7.7121],
	[5.1756, 9.5645],
	[4.652, 7.5788],
	[1.184, 2.3251]
  ]
]

MSE: 0.113819
=========================================================
          Learning params for data #5
=========================================================
Actual Params: [4 0.06531 0.03297 0.7736 13 0.7]
Predicted Params: [4 0.06531 0.03297 0.7736 13 0.7]
Actual M:[
  [
	[2.1797, 2.8257],
	[6.7172, 5.6432],
	[8.7563, 3.8259],
	[5.3022, 8.0365],
	[5.3326, 9.9667],
	[7.9518, 8.8195],
	[7.1943, 8.9786],
	[8.8019, 4.1123],
	[8.9836, 2.8436],
	[9.3044, 5.7478]
  ]
]

Predicted M:[
  [
	[6.8861, 4.0895],
	[3.307, 6.2408],
	[1.9956, 15.3558],
	[4.4595, 2.506],
	[6.673, 8.8601],
	[11.9, 7.7006],
	[9.4056, 4.8141],
	[3.625, 3.3017],
	[7.333, 1.1601],
	[4.9084, 3.0039]
  ]
]

MSE: 0.412267
=========================================================
          Learning params for data #6
=========================================================
Actual Params: [11 0.04457 0.001131 0.5877 9 0.3]
Predicted Params: [11 0.04457 0.001131 0.5877 9 0.3]
Actual M:[
  [
	[9.7659, 4.1998],
	[2.8445, 8.7794],
	[9.342, 9.2597],
	[9.3885, 8.201],
	[9.8387, 8.7056],
	[7.4482, 9.2763],
	[4.398, 9.8914],
	[5.7728, 9.6424],
	[9.1103, 9.5447],
	[9.9688, 4.1896]
  ]
]

Predicted M:[
  [
	[2.807, 6.9294],
	[8.6972, 4.6232],
	[4.5855, 2.658],
	[4.2802, 8.8204],
	[8.8693, 6.3302],
	[7.9608, 7.6725],
	[7.3092, 4.1759],
	[8.2576, 5.7273],
	[12.4022, 5.337],
	[6.8094, 7.7466]
  ]
]

MSE: 0.221851
=========================================================
          Learning params for data #7
=========================================================
Actual Params: [9 0.07797 0.0852 0.7037 13 0.5]
Predicted Params: [9 0.07797 0.0852 0.7037 13 0.5]
Actual M:[
  [
	[5.0628, 3.7548],
	[5.7226, 6.7797],
	[7.6667, 7.2386],
	[7.5466, 7.965],
	[8.1591, 2.238],
	[8.3278, 1.1899],
	[9.4841, 2.6256],
	[5.4509, 8.0845],
	[8.513, 3.1048],
	[1.4176, 9.9257]
  ]
]

Predicted M:[
  [
	[5.4238, 5.3624],
	[5.396, 5.7323],
	[7.6776, 7.1468],
	[12.0106, 3.9465],
	[6.6232, 4.4885],
	[5.1309, 5.711],
	[7.4878, 3.0108],
	[2.8546, 8.09],
	[3.0517, 5.9547],
	[4.0687, 9.0816]
  ]
]

MSE: 0.027235
=========================================================
          Learning params for data #8
=========================================================
Actual Params: [7 0.0695 0.06622 0.7437 6 0.5]
Predicted Params: [7 0.0695 0.06622 0.7437 6 0.5]
Actual M:[
  [
	[8.4126, 3.6463],
	[6.7331, 4.0308],
	[5.1973, 4.3787],
	[9.7074, 1.6807],
	[6.8375, 8.8745],
	[8.58, 2.7164],
	[5.7457, 9.3514],
	[8.7185, 8.0847],
	[9.6666, 5.2247],
	[5.0556, 9.7094]
  ]
]

Predicted M:[
  [
	[4.3754, 2.4303],
	[6.5336, 6.6232],
	[2.6438, 6.3725],
	[5.6929, 8.0776],
	[11.3018, 4.3209],
	[2.2255, 10.4991],
	[5.8388, 8.2574],
	[5.8114, 9.9562],
	[5.6987, 4.4328],
	[2.2623, 10.8904]
  ]
]

MSE: 0.016452
=========================================================
          Learning params for data #9
=========================================================
Actual Params: [12 0.03941 0.08086 0.9862 12 0.3]
Predicted Params: [12 0.03941 0.08086 0.9862 12 0.3]
Actual M:[
  [
	[5.2971, 9.1336],
	[8.0701, 6.6628],
	[9.5642, 1.9893],
	[8.9283, 2.593],
	[6.9147, 7.5573],
	[7.5093, 7.836],
	[9.5212, 5.1084],
	[9.1926, 9.2914],
	[9.6172, 3.5647],
	[9.3405, 9.4157]
  ]
]

Predicted M:[
  [
	[5.5532, 7.2649],
	[4.278, 7.8947],
	[9.9144, 2.1763],
	[6.1615, 9.7124],
	[1.7781, 6.6078],
	[8.4465, 3.0656],
	[3.1225, 5.1051],
	[9.0776, 8.3566],
	[5.5147, 5.5115],
	[9.3629, 8.6348]
  ]
]

MSE: 0.000865
=========================================================
          Learning params for data #10
=========================================================
Actual Params: [10 0.03622 0.04912 0.3373 13 0.5]
Predicted Params: [10 0.03622 0.04912 0.3373 13 0.5]
Actual M:[
  [
	[8.731, 4.7838],
	[2.4774, 6.3101],
	[9.8457, 3.9839],
	[6.2434, 7.538],
	[9.3137, 7.2938],
	[3.9307, 7.7888],
	[1.4126, 8.989],
	[9.4257, 9.929],
	[9.6837, 8.4602],
	[1.9352, 9.998]
  ]
]

Predicted M:[
  [
	[8.4964, 7.1377],
	[5.5267, 4.0579],
	[6.2517, 5.2192],
	[4.0007, 10.4155],
	[4.2504, 16.7823],
	[1.7894, 8.7243],
	[6.5426, 7.4188],
	[10.5182, 2.5921],
	[4.7547, 16.6145],
	[3.1943, 9.9647]
  ]
]

MSE: 0.000641
=========================================================
          Learning params for data #11
=========================================================
Actual Params: [7 0.04557 0.05182 1.083 10 0.7]
Predicted Params: [7 0.04557 0.05182 1.083 10 0.7]
Actual M:[
  [
	[5.5501, 9.1031],
	[7.0428, 9.9645],
	[9.0699, 7.8673],
	[9.9551, 2.0351],
	[8.9822, 9.5384],
	[9.146, 9.6487],
	[9.6086, 5.2725],
	[9.8924, 2.7137],
	[9.2166, 8.761],
	[9.7112, 9.2661]
  ]
]

Predicted M:[
  [
	[3.4007, 4.8902],
	[7.6392, 1.7303],
	[4.0066, 13.7568],
	[6.036, 4.9614],
	[22.1748, 5.9318],
	[7.9196, 9.6815],
	[4.4728, 3.4831],
	[7.7921, 4.6244],
	[11.7258, 8.8948],
	[6.1117, 17.8341]
  ]
]

MSE: 0.036596
=========================================================
          Learning params for data #12
=========================================================
Actual Params: [4 0.06365 0.05996 0.2041 6 0.3]
Predicted Params: [4 0.06365 0.05996 0.2041 6 0.3]
Actual M:[
  [
	[4.4234, 4.2815],
	[3.2578, 4.9477],
	[9.077, 8.887],
	[3.7581, 9.421],
	[1.5147, 9.9639],
	[9.252, 4.9536],
	[7.9981, 9.8348],
	[3.2135, 9.9947],
	[9.6923, 2.4424],
	[5.1035, 9.8418]
  ]
]

Predicted M:[
  [
	[2.5112, 1.4646],
	[8.2232, 3.3355],
	[3.3549, 4.1099],
	[8.4545, 6.8173],
	[1.5908, 8.8633],
	[2.9196, 1.7708],
	[2.4067, 1.7308],
	[1.6231, 7.8502],
	[4.5515, 7.8928],
	[8.3827, 8.1353]
  ]
]

MSE: 0.560783
=========================================================
          Learning params for data #13
=========================================================
Actual Params: [3 0.05219 0.09692 0.6608 12 0.5]
Predicted Params: [3 0.05219 0.09692 0.6608 12 0.5]
Actual M:[
  [
	[3.4833, 8.3231],
	[5.517, 8.7277],
	[8.0237, 4.2181],
	[2.5063, 8.7405],
	[4.8112, 8.8991],
	[7.8968, 5.4516],
	[9.1323, 3.4507],
	[6.4485, 8.2747],
	[8.2531, 5.6361],
	[7.945, 8.7634]
  ]
]

Predicted M:[
  [
	[5.3575, 3.8294],
	[4.8116, 5.5481],
	[10.3876, 11.7411],
	[1.0968, 1.5253],
	[2.5737, 5.9754],
	[4.0798, 6.8262],
	[5.9306, 1.2357],
	[3.8484, 7.3552],
	[8.5528, 5.6705],
	[3.9692, 4.5956]
  ]
]

MSE: 0.403537
=========================================================
          Learning params for data #14
=========================================================
Actual Params: [9 0.0648 0.06511 0.9304 10 0.3]
Predicted Params: [9 0.0648 0.06511 0.9304 10 0.3]
Actual M:[
  [
	[7.9751, 8.2394],
	[9.6869, 9.8382],
	[9.8908, 3.9824],
	[9.7549, 6.9431],
	[4.5178, 9.8757],
	[9.8266, 5.389],
	[9.9966, 1.2586],
	[9.8696, 8.5511],
	[6.3457, 9.8706],
	[9.9829, 9.6362]
  ]
]

Predicted M:[
  [
	[11.5372, 2.7756],
	[2.9397, 1.3177],
	[3.9682, 2.1263],
	[3.2616, 3.3573],
	[10.9107, 14.5245],
	[5.318, 1.8295],
	[6.0971, 1.2085],
	[4.2298, 5.4983],
	[3.2337, 1.8351],
	[51.0718, 1.4063]
  ]
]

MSE: 0.299645
=========================================================
          Learning params for data #15
=========================================================
Actual Params: [14 0.003244 0.07175 0.8941 10 0.5]
Predicted Params: [14 0.003244 0.07175 0.8941 10 0.5]
Actual M:[
  [
	[8.6367, 5.2864],
	[7.5769, 9.4966],
	[9.8741, 5.4398],
	[9.8965, 9.2886],
	[8.0541, 9.4933],
	[8.28, 9.9475],
	[9.9283, 4.0752],
	[4.2803, 9.9848],
	[9.9108, 5.4462],
	[9.2117, 9.5131]
  ]
]

Predicted M:[
  [
	[1.7712, 2.4154],
	[6.5744, 2.2667],
	[2.9228, 7.0248],
	[3.0631, 16.743],
	[5.4425, 7.9831],
	[1.2752, 5.3364],
	[3.0837, 4.2319],
	[4.5678, 5.4625],
	[2.4455, 3.6538],
	[4.6657, 15.0057]
  ]
]

MSE: 0.104005
=========================================================
          Learning params for data #16
=========================================================
Actual Params: [14 0.006079 0.08372 0.5588 10 0.7]
Predicted Params: [14 0.006079 0.08372 0.5588 10 0.7]
Actual M:[
  [
	[6.7101, 4.443],
	[6.1952, 9.5553],
	[7.6949, 9.1506],
	[9.7479, 1.0425],
	[9.8742, 4.1242],
	[9.7719, 6.0622],
	[9.8746, 5.0146],
	[8.0254, 6.5411],
	[7.9239, 6.7854],
	[9.4776, 8.9068]
  ]
]

Predicted M:[
  [
	[4.8883, 2.5127],
	[3.2334, 1.547],
	[6.2605, 10.3781],
	[2.2517, 11.3493],
	[3.431, 2.426],
	[1.5202, 12.3491],
	[8.1738, 3.6311],
	[7.7234, 2.1819],
	[3.7465, 36.816],
	[5.919, 1.4548]
  ]
]

MSE: 0.226297
=========================================================
          Learning params for data #17
=========================================================
Actual Params: [11 0.06084 0.01586 0.3481 12 0.5]
Predicted Params: [11 0.06084 0.01586 0.3481 12 0.5]
Actual M:[
  [
	[2.3303, 1.6166],
	[6.0465, 8.7168],
	[8.9087, 9.4144],
	[2.6262, 9.6851],
	[9.957, 2.7237],
	[9.4719, 3.8596],
	[9.8474, 6.9084],
	[9.3132, 8.1175],
	[6.3809, 9.94],
	[9.1706, 8.6063]
  ]
]

Predicted M:[
  [
	[5.5319, 6.8531],
	[8.741, 5.9972],
	[1.7891, 1.0316],
	[9.3344, 4.6059],
	[2.3239, 6.1094],
	[3.3569, 2.5275],
	[3.6554, 1.9514],
	[6.3406, 9.4081],
	[10.9413, 1.9045],
	[5.5562, 2.5803]
  ]
]

MSE: 0.513519
=========================================================
          Learning params for data #18
=========================================================
Actual Params: [7 0.02924 0.07112 0.4923 12 0.3]
Predicted Params: [7 0.02924 0.07112 0.4923 12 0.3]
Actual M:[
  [
	[6.5728, 3.3373],
	[7.5774, 2.2438],
	[2.0951, 6.9798],
	[9.6074, 6.6813],
	[8.2611, 6.9997],
	[1.1316, 8.8249],
	[5.9958, 9.1011],
	[6.0016, 7.6066],
	[6.1054, 8.5052],
	[8.4345, 6.9162]
  ]
]

Predicted M:[
  [
	[3.4094, 1.7911],
	[8.257, 6.24],
	[3.1112, 9.2999],
	[9.8127, 4.3369],
	[2.5706, 6.8967],
	[9.9031, 8.2021],
	[6.5894, 10.2906],
	[4.8105, 4.8236],
	[5.234, 9.6871],
	[3.7469, 5.6617]
  ]
]

MSE: 0.313356
=========================================================
          Learning params for data #19
=========================================================
Actual Params: [7 0.0727 0.02342 1.079 7 0.5]
Predicted Params: [7 0.0727 0.02342 1.079 7 0.5]
Actual M:[
  [
	[3.7242, 1.8867],
	[4.4796, 1.5393],
	[4.5713, 2.0264],
	[9.8482, 2.534],
	[9.5509, 9.5004],
	[9.5962, 7.0034],
	[9.6402, 3.7114],
	[9.9543, 7.5386],
	[5.2666, 9.605],
	[9.6158, 8.0661]
  ]
]

Predicted M:[
  [
	[1.594, 0.086076],
	[0.43324, 0.96864],
	[2.2027, 0.34101],
	[1.846, 3.7783],
	[21.7754, 0.38261],
	[1.3459, 89940.4318],
	[8.3515, 2.7145],
	[12.036, 67.0283],
	[3.4317, 28.7218],
	[791.0962, 0.88623]
  ]
]

MSE: 0.056464
=========================================================
          Learning params for data #20
=========================================================
Actual Params: [5 0.02639 0.09797 0.3164 12 0.3]
Predicted Params: [5 0.02639 0.09797 0.3164 12 0.3]
Actual M:[
  [
	[6.1584, 2.4449],
	[9.805, 7.6421],
	[3.0618, 8.9018],
	[7.1195, 7.7453],
	[2.9058, 9.5696],
	[7.3461, 9.7027],
	[9.9762, 9.1464],
	[7.522, 9.3477],
	[8.8997, 9.99],
	[9.2396, 9.5216]
  ]
]

Predicted M:[
  [
	[5.7913, 5.6255],
	[6.6656, 4.0089],
	[1.602, 3.9559],
	[1.526, 8.1363],
	[3.623, 5.0188],
	[6.1509, 1.1749],
	[4.603, 11.1052],
	[8.5373, 8.3309],
	[4.4924, 3.2967],
	[8.3585, 5.5293]
  ]
]

MSE: 0.504747
=========================================================
          Learning params for data #21
=========================================================
Actual Params: [3 0.06151 0.09836 0.1593 8 0.3]
Predicted Params: [3 0.06151 0.09836 0.1593 8 0.3]
Actual M:[
  [
	[7.2923, 5.8601],
	[9.1706, 4.8987],
	[7.2014, 7.9987],
	[1.0818, 9.6886],
	[5.3494, 9.1019],
	[9.9594, 1.0242],
	[8.3513, 5.6313],
	[9.9306, 3.9017],
	[5.3554, 9.5914],
	[8.3627, 7.4939]
  ]
]

Predicted M:[
  [
	[3.8008, 7.145],
	[4.2396, 4.8607],
	[10.3146, 5.1488],
	[2.9246, 8.6574],
	[8.3959, 1.769],
	[5.7294, 5.47],
	[1.7945, 5.0993],
	[6.5356, 1.2846],
	[9.4434, 7.3389],
	[15.248, 2.1449]
  ]
]

MSE: 0.206015
=========================================================
          Learning params for data #22
=========================================================
Actual Params: [8 0.05239 0.0702 0.7584 12 0.3]
Predicted Params: [8 0.05239 0.0702 0.7584 12 0.3]
Actual M:[
  [
	[5.2638, 5.1349],
	[3.3623, 7.8061],
	[4.8613, 9.2133],
	[6.5056, 3.7568],
	[7.1067, 5.8917],
	[7.8275, 6.8643],
	[5.8663, 8.1468],
	[8.0108, 1.905],
	[6.0463, 8.1071],
	[8.7932, 6.7674]
  ]
]

Predicted M:[
  [
	[5.9693, 4.142],
	[2.5991, 6.4545],
	[6.4378, 7.0258],
	[2.9509, 3.5022],
	[2.2679, 5.8071],
	[8.2098, 5.0028],
	[21.074, 1.1254],
	[8.0405, 3.503],
	[5.2851, 6.4573],
	[12.178, 3.7187]
  ]
]

MSE: 0.000214
=========================================================
          Learning params for data #23
=========================================================
Actual Params: [7 0.00297 0.01226 0.3657 5 0.5]
Predicted Params: [7 0.00297 0.01226 0.3657 5 0.5]
Actual M:[
  [
	[7.7081, 7.0462],
	[9.9261, 7.07],
	[2.4897, 9.9897],
	[3.7592, 7.1166],
	[5.4433, 9.1188],
	[3.5383, 9.2262],
	[7.6347, 7.874],
	[8.7387, 7.3784],
	[2.6562, 9.3427],
	[5.7166, 9.561]
  ]
]

Predicted M:[
  [
	[3.6071, 7.5854],
	[23.9708, 3.754],
	[5.5996, 1.2873],
	[4.8032, 1.9832],
	[2.2149, 5.7822],
	[4.3782, 5.0826],
	[4.9839, 4.7811],
	[6.6963, 5.0017],
	[6.636, 4.2668],
	[2.1821, 4.3907]
  ]
]

MSE: 0.064198
=========================================================
          Learning params for data #24
=========================================================
Actual Params: [3 0.03853 0.03819 0.2261 8 0.7]
Predicted Params: [3 0.03853 0.03819 0.2261 8 0.7]
Actual M:[
  [
	[7.1798, 9.7082],
	[7.6196, 7.874],
	[5.9164, 9.805],
	[2.9448, 9.9111],
	[7.2762, 8.0011],
	[8.4652, 4.2233],
	[7.5768, 8.668],
	[9.9448, 3.8462],
	[8.0527, 4.5487],
	[7.7106, 4.763]
  ]
]

Predicted M:[
  [
	[10.0846, 6.4106],
	[3.1351, 11.4936],
	[4.5486, 3.3242],
	[1.0884, 2.3414],
	[2.7674, 4.8648],
	[2.4976, 7.3964],
	[4.0815, 11.9667],
	[7.2548, 5.5514],
	[5.7922, 6.2746],
	[1.324, 6.5534]
  ]
]

MSE: 0.004790
=========================================================
          Learning params for data #25
=========================================================
Actual Params: [6 0.09816 0.05674 1.003 11 0.5]
Predicted Params: [6 0.09816 0.05674 1.003 11 0.5]
Actual M:[
  [
	[3.2845, 6.7738],
	[5.4533, 1.4126],
	[5.9131, 1.6338],
	[3.7666, 5.8297],
	[6.46, 8.4303],
	[3.1435, 9.8824],
	[8.4404, 8.5381],
	[3.2181, 8.5532],
	[9.7806, 3.9474],
	[9.1759, 7.5615]
  ]
]

Predicted M:[
  [
	[1.0827, 6.1405],
	[4.7152, 5.368],
	[1.1688, 4.7669],
	[4.8803, 9.8451],
	[11.1693, 1.1896],
	[10.014, 6.9809],
	[13.7028, 8.5175],
	[3.5545, 5.2827],
	[3.8106, 12.1932],
	[1.9511, 8.6599]
  ]
]

MSE: 0.022595
=========================================================
          Learning params for data #26
=========================================================
Actual Params: [2 0.004715 0.05288 0.7104 9 0.3]
Predicted Params: [2 0.004715 0.05288 0.7104 9 0.3]
Actual M:[
  [
	[7.9463, 4.4105],
	[4.6372, 5.0783],
	[1.927, 5.1221],
	[4.3981, 9.6317],
	[7.7025, 6.6305],
	[8.5542, 9.7031],
	[2.4543, 9.7065],
	[9.9018, 3.2528],
	[9.1516, 7.316],
	[9.0153, 7.9169]
  ]
]

Predicted M:[
  [
	[5.3746, 1.9891],
	[17.6092, 2.6397],
	[1.6692, 5.4537],
	[3.4438, 10.8186],
	[4.0527, 1.5431],
	[20.8817, 6.8861],
	[8.7567, 10.9491],
	[3.3171, 1.3672],
	[5.3204, 0.092104],
	[54.5421, 2.7992]
  ]
]

MSE: 0.235000
=========================================================
          Learning params for data #27
=========================================================
Actual Params: [11 0.06041 0.09706 0.9205 14 0.3]
Predicted Params: [11 0.06041 0.09706 0.9205 14 0.3]
Actual M:[
  [
	[7.0706, 4.7133],
	[7.8341, 5.7404],
	[5.8203, 5.8661],
	[9.8797, 3.7127],
	[8.8291, 7.7119],
	[6.5666, 9.0643],
	[5.077, 9.5659],
	[9.4275, 9.8201],
	[1.0568, 9.9228],
	[4.0486, 9.8438]
  ]
]

Predicted M:[
  [
	[2.4053, 6.9934],
	[5.9683, 5.2859],
	[3.0737, 6.9051],
	[6.7428, 1.6674],
	[7.6284, 4.5682],
	[12.6963, 1.4301],
	[2.6105, 6.1864],
	[1.0037, 14.3645],
	[12.1361, 4.9709],
	[6.2006, 8.7279]
  ]
]

MSE: 0.004144
=========================================================
          Learning params for data #28
=========================================================
Actual Params: [7 0.02001 0.006312 0.9339 9 0.5]
Predicted Params: [7 0.02001 0.006312 0.9339 9 0.5]
Actual M:[
  [
	[8.4362, 7.9786],
	[1.0541, 9.9665],
	[3.5281, 9.1519],
	[9.862, 1.6831],
	[8.6176, 4.7567],
	[1.4377, 9.5263],
	[9.5846, 3.4235],
	[9.6938, 2.1902],
	[8.0034, 9.8609],
	[9.3291, 6.0879]
  ]
]

Predicted M:[
  [
	[11.7958, 4.5559],
	[4.7041, 8.6397],
	[3.1845, 9.857],
	[2.9552, 4.9948],
	[1.4807, 7.3441],
	[3.3697, 4.972],
	[5.1976, 1.3658],
	[8.6106, 2.4525],
	[4.0885, 3.3086],
	[7.4292, 7.9461]
  ]
]

MSE: 0.484440
=========================================================
          Learning params for data #29
=========================================================
Actual Params: [1 0.074 0.09361 0.892 11 0.3]
Predicted Params: [1 0.074 0.09361 0.892 11 0.3]
Actual M:[
  [
	[2.7209, 5.6593],
	[8.9167, 9.3766],
	[6.7262, 9.9187],
	[9.258, 6.7024],
	[9.2118, 7.0343],
	[9.7474, 1.5504],
	[9.6998, 3.1852],
	[9.3491, 6.0807],
	[9.4994, 7.6811],
	[2.2983, 9.9467]
  ]
]

Predicted M:[
  [
	[8.4045, 8.1852],
	[8.7377, 4.5059],
	[5.1887, 7.0478],
	[6.7949, 9.0883],
	[1.4559, 2.1801],
	[7.0054, 6.8585],
	[15.7713, 5.0542],
	[5.7445, 9.2861],
	[4.109, 8.0245],
	[7.3132, 4.4885]
  ]
]

MSE: 0.678483
=========================================================
          Learning params for data #30
=========================================================
Actual Params: [4 0.07703 0.02863 0.4302 7 0.7]
Predicted Params: [4 0.07703 0.02863 0.4302 7 0.7]
Actual M:[
  [
	[2.7267, 7.5651],
	[4.9481, 7.2676],
	[9.4693, 3.7867],
	[3.869, 9.4833],
	[9.5947, 4.9306],
	[6.2029, 5.2838],
	[5.595, 9.8352],
	[8.868, 7.1231],
	[8.6417, 7.5817],
	[8.3613, 9.5813]
  ]
]

Predicted M:[
  [
	[5.5132, 3.6756],
	[4.5963, 3.3731],
	[9.5134, 10.1162],
	[7.3782, 3.4072],
	[7.3749, 2.6496],
	[3.9037, 4.8968],
	[6.3336, 1.9194],
	[1.7589, 6.2621],
	[5.42, 7.9018],
	[8.2707, 8.6862]
  ]
]

MSE: 0.128971
=========================================================
          Learning params for data #31
=========================================================
Actual Params: [6 0.09401 0.05749 0.6127 6 0.5]
Predicted Params: [6 0.09401 0.05749 0.6127 6 0.5]
Actual M:[
  [
	[5.2647, 1.031],
	[7.1596, 1.9066],
	[2.9367, 5.9948],
	[4.0804, 2.1014],
	[3.6699, 2.1819],
	[3.0903, 4.6863],
	[9.4787, 2.3624],
	[4.6346, 7.5019],
	[8.0154, 9.4676],
	[8.4243, 2.6193]
  ]
]

Predicted M:[
  [
	[6.5905, 5.2263],
	[7.0936, 8.3592],
	[8.4577, 3.72],
	[2.2987, 9.9986],
	[7.9011, 4.3435],
	[9.0719, 6.0199],
	[7.6125, 8.8413],
	[5.6965, 1.8202],
	[10.5452, 7.6566],
	[5.786, 4.1077]
  ]
]

MSE: 0.197253
=========================================================
          Learning params for data #32
=========================================================
Actual Params: [6 0.006655 0.05484 0.9552 14 0.3]
Predicted Params: [6 0.006655 0.05484 0.9552 14 0.3]
Actual M:[
  [
	[7.8955, 1.7844],
	[2.0788, 7.2307],
	[4.6826, 8.5906],
	[8.6238, 5.8588],
	[9.2455, 6.596],
	[8.312, 6.8426],
	[9.3837, 6.3521],
	[3.8233, 9.8514],
	[3.1339, 9.8707],
	[9.6527, 9.3224]
  ]
]

Predicted M:[
  [
	[5.4991, 6.2761],
	[6.5358, 7.1706],
	[6.5413, 7.7202],
	[10.7962, 5.7309],
	[6.8585, 7.1924],
	[6.3804, 6.1502],
	[4.5926, 2.7017],
	[4.6035, 3.5001],
	[10.7303, 6.3519],
	[8.0319, 6.452]
  ]
]

MSE: 0.237415
=========================================================
          Learning params for data #33
=========================================================
Actual Params: [13 0.05413 0.01277 0.3517 6 0.5]
Predicted Params: [13 0.05413 0.01277 0.3517 6 0.5]
Actual M:[
  [
	[8.4502, 3.0379],
	[3.8165, 7.811],
	[5.3556, 3.7231],
	[6.1679, 9.9021],
	[6.4758, 7.3276],
	[9.0918, 9.8409],
	[9.1355, 6.143],
	[9.3392, 3.912],
	[9.947, 4.0564],
	[9.9727, 9.4361]
  ]
]

Predicted M:[
  [
	[2.6074, 5.7598],
	[4.7673, 5.7877],
	[4.1721, 9.7183],
	[7.738, 9.0582],
	[7.6398, 7.9539],
	[4.2315, 11.3192],
	[5.054, 3.9571],
	[2.6233, 3.5697],
	[8.8696, 5.977],
	[23.7618, 1.1023]
  ]
]

MSE: 0.057276
=========================================================
          Learning params for data #34
=========================================================
Actual Params: [10 0.03156 0.08955 0.1908 5 0.5]
Predicted Params: [10 0.03156 0.08955 0.1908 5 0.5]
Actual M:[
  [
	[6.5307, 4.0998],
	[8.4516, 3.2813],
	[9.459, 8.6783],
	[2.7579, 8.8945],
	[9.9947, 6.5273],
	[1.5021, 9.2955],
	[9.7367, 7.3152],
	[2.5854, 8.9684],
	[6.1912, 9.976],
	[9.5157, 9.5574]
  ]
]

Predicted M:[
  [
	[2.2721, 3.8313],
	[9.0516, 3.2456],
	[4.933, 2.841],
	[2.8171, 1.0066],
	[6.0694, 8.1736],
	[3.6035, 2.3989],
	[4.9291, 1.8924],
	[4.2693, 1.1855],
	[16.281, 2.2523],
	[3.2336, 14.4478]
  ]
]

MSE: 0.001536
=========================================================
          Learning params for data #35
=========================================================
Actual Params: [3 0.09908 0.02014 0.775 12 0.5]
Predicted Params: [3 0.09908 0.02014 0.775 12 0.5]
Actual M:[
  [
	[6.1199, 9.2971],
	[1.0871, 9.8651],
	[8.6075, 4.928],
	[9.8776, 2.4578],
	[9.8939, 6.7515],
	[1.9651, 9.8505],
	[8.1542, 8.2973],
	[7.3907, 8.735],
	[9.9401, 3.8224],
	[9.0618, 8.9759]
  ]
]

Predicted M:[
  [
	[3.5679, 4.1736],
	[1.7745, 5.551],
	[3.5189, 5.4238],
	[5.5072, 5.2747],
	[5.7649, 11.7643],
	[6.1229, 3.4382],
	[9.641, 1.3689],
	[3.2313, 2.8531],
	[4.7016, 3.0084],
	[15.2688, 3.1994]
  ]
]

MSE: 0.091038
=========================================================
          Learning params for data #36
=========================================================
Actual Params: [14 0.05744 0.02456 0.5737 8 0.5]
Predicted Params: [14 0.05744 0.02456 0.5737 8 0.5]
Actual M:[
  [
	[8.9481, 2.6785],
	[4.2824, 4.943],
	[4.6127, 8.4605],
	[5.2629, 4.42],
	[7.9696, 7.7627],
	[8.9328, 9.9369],
	[8.996, 7.3292],
	[9.8569, 3.6098],
	[9.4948, 4.7219],
	[9.6206, 8.753]
  ]
]

Predicted M:[
  [
	[3.4952, 3.8108],
	[1.0265, 2.6097],
	[1.9831, 11.6977],
	[2.8788, 2.8735],
	[2.4159, 5.902],
	[8.7743, 11.2385],
	[13.3047, 10.9073],
	[8.1312, 3.2124],
	[2.5383, 5.4218],
	[1.9227, 2.9687]
  ]
]

MSE: 0.030210
=========================================================
          Learning params for data #37
=========================================================
Actual Params: [12 0.09007 0.07395 0.3794 6 0.5]
Predicted Params: [12 0.09007 0.07395 0.3794 6 0.5]
Actual M:[
  [
	[6.0746, 2.6767],
	[8.7125, 8.1927],
	[9.3882, 2.078],
	[7.3594, 9.2691],
	[8.9615, 9.4868],
	[9.7943, 6.0819],
	[7.5997, 9.6973],
	[9.9542, 1.7428],
	[9.9496, 8.6645],
	[8.6907, 9.5461]
  ]
]

Predicted M:[
  [
	[2.5882, 2.7278],
	[3.5285, 1.2556],
	[4.7698, 3.1747],
	[4.9689, 1.1631],
	[1.6663, 19.6019],
	[3.3474, 2.9921],
	[9.4321, 1.8785],
	[9.229, 7.4065],
	[5.583, 10.2299],
	[4.9431, 2.4677]
  ]
]

MSE: 0.068241
=========================================================
          Learning params for data #38
=========================================================
Actual Params: [11 0.09939 0.03044 0.4356 8 0.3]
Predicted Params: [11 0.09939 0.03044 0.4356 8 0.3]
Actual M:[
  [
	[2.8273, 5.4105],
	[5.0538, 8.9116],
	[9.0081, 4.2867],
	[5.3059, 7.2403],
	[6.6666, 6.9464],
	[5.1653, 8.002],
	[3.2027, 9.4934],
	[5.3558, 8.5207],
	[9.4688, 9.0349],
	[8.7115, 9.9232]
  ]
]

Predicted M:[
  [
	[2.0427, 3.7676],
	[8.5642, 10.9845],
	[5.3117, 6.7931],
	[1.867, 1.5705],
	[10.8849, 8.8019],
	[4.1724, 6.3752],
	[1.399, 8.4822],
	[6.6452, 1.2844],
	[4.5113, 13.5077],
	[5.2284, 12.3681]
  ]
]

MSE: 0.073791
=========================================================
          Learning params for data #39
=========================================================
Actual Params: [9 0.07205 0.08609 0.8514 14 0.5]
Predicted Params: [9 0.07205 0.08609 0.8514 14 0.5]
Actual M:[
  [
	[7.6791, 1.0597],
	[1.6075, 9.5218],
	[8.7637, 6.8732],
	[5.8653, 8.0917],
	[9.201, 5.9418],
	[8.0073, 8.5856],
	[8.6328, 8.6524],
	[7.937, 8.8485],
	[9.5409, 9.9103],
	[9.7124, 9.6443]
  ]
]

Predicted M:[
  [
	[5.4736, 2.762],
	[6.6414, 8.51],
	[4.1153, 4.5809],
	[1.5886, 3.1633],
	[3.9004, 2.1122],
	[3.9141, 3.7579],
	[1.0627, 5.1764],
	[8.9764, 7.5802],
	[2.146, 10.9361],
	[7.0213, 5.4224]
  ]
]

MSE: 0.000406
=========================================================
          Learning params for data #40
=========================================================
Actual Params: [7 0.05664 0.08387 0.8387 13 0.7]
Predicted Params: [7 0.05664 0.08387 0.8387 13 0.7]
Actual M:[
  [
	[6.9889, 2.6232],
	[6.0681, 5.6429],
	[7, 6.7283],
	[7.732, 4.4412],
	[8.2375, 7.1936],
	[8.4053, 3.3121],
	[6.486, 9.524],
	[8.9811, 4.6309],
	[7.2784, 9.7396],
	[8.7379, 6.8079]
  ]
]

Predicted M:[
  [
	[2.0543, 1.6193],
	[6.0811, 4.3198],
	[1.7364, 4.161],
	[3.6306, 1.2223],
	[2.2259, 4.0426],
	[2.2205, 1.5459],
	[4.6213, 2.5872],
	[9.7185, 10.3715],
	[4.3737, 6.2676],
	[8.2582, 6.9494]
  ]
]

MSE: 0.022736
=========================================================
          Learning params for data #41
=========================================================
Actual Params: [1 0.01006 0.06231 0.71 8 0.5]
Predicted Params: [1 0.01006 0.06231 0.71 8 0.5]
Actual M:[
  [
	[1.4624, 1.3975],
	[1.8431, 4.0633],
	[2.3438, 5.146],
	[2.1844, 5.8543],
	[6.3873, 8.4087],
	[6.844, 6.8521],
	[6.8337, 9.193],
	[7.1539, 8.5304],
	[7.4152, 6.8129],
	[9.4039, 5.1664]
  ]
]

Predicted M:[
  [
	[2.0961, 1.5275],
	[2.054, 3.7995],
	[4.5104, 4.1653],
	[2.5962, 1.4401],
	[27.5029, 12.8105],
	[1.4691, 13.0421],
	[18.2569, 18.2549],
	[28.7801, 10.2332],
	[2.7087, 2.5641],
	[2.2712, 8.849]
  ]
]

MSE: 0.081939
=========================================================
          Learning params for data #42
=========================================================
Actual Params: [15 0.03213 0.07936 0.6023 5 0.7]
Predicted Params: [15 0.03213 0.07936 0.6023 5 0.7]
Actual M:[
  [
	[3.1924, 7.1136],
	[7.1895, 9.2],
	[5.0943, 9.8677],
	[8.7361, 9.1172],
	[9.3955, 6.6689],
	[6.4319, 9.9427],
	[9.9498, 7.5836],
	[9.2712, 9.6298],
	[7.2155, 9.8297],
	[9.8042, 9.7018]
  ]
]

Predicted M:[
  [
	[7.5547, 7.2336],
	[6.8992, 4.409],
	[7.1761, 4.2301],
	[1.2686, 9.0356],
	[1.8911, 6.6545],
	[2.9937, 5.3698],
	[1.4805, 9.8895],
	[5.2859, 17.8863],
	[7.4208, 5.7622],
	[5.6988, 2.1301]
  ]
]

MSE: 0.394538
=========================================================
          Learning params for data #43
=========================================================
Actual Params: [6 0.01745 0.04902 0.3248 11 0.7]
Predicted Params: [6 0.01745 0.04902 0.3248 11 0.7]
Actual M:[
  [
	[5.3743, 6.4439],
	[4.6588, 7.9267],
	[7.4818, 6.9171],
	[5.5184, 9.7552],
	[9.5461, 7.233],
	[7.4309, 8.9229],
	[8.7203, 8.0385],
	[9.7674, 4.9837],
	[8.3022, 9.7986],
	[8.9246, 7.5925]
  ]
]

Predicted M:[
  [
	[2.447, 2.7908],
	[6.0398, 7.6606],
	[2.7072, 4.11],
	[5.243, 3.4739],
	[9.8494, 5.4736],
	[2.1526, 9.4774],
	[6.332, 9.2504],
	[2.3976, 1.4137],
	[7.9619, 2.6762],
	[7.4762, 5.067]
  ]
]

MSE: 0.015369
=========================================================
          Learning params for data #44
=========================================================
Actual Params: [8 0.0735 0.04923 0.8975 6 0.5]
Predicted Params: [8 0.0735 0.04923 0.8975 6 0.5]
Actual M:[
  [
	[5.1491, 5.8953],
	[3.9447, 7.3325],
	[6.8083, 3.5727],
	[1.1665, 9.1609],
	[6.7705, 5.7054],
	[9.2355, 2.3703],
	[3.7491, 7.9505],
	[4.7755, 7.1808],
	[7.6719, 5.7274],
	[9.5591, 8.4248]
  ]
]

Predicted M:[
  [
	[10.0086, 13.1064],
	[4.0132, 1.7291],
	[6.9076, 7.0607],
	[9.3764, 1.4418],
	[7.7141, 7.5031],
	[4.7712, 2.5223],
	[5.7822, 7.0045],
	[8.2092, 4.1736],
	[1.2097, 19.4368],
	[5.3086, 2.5492]
  ]
]

MSE: 0.075105
=========================================================
          Learning params for data #45
=========================================================
Actual Params: [15 0.0337 0.08939 0.5452 13 0.7]
Predicted Params: [15 0.0337 0.08939 0.5452 13 0.7]
Actual M:[
  [
	[4.3544, 6.2989],
	[9.7568, 5.2562],
	[4.4252, 9.8034],
	[9.9346, 4.5708],
	[8.6021, 6.5891],
	[5.0773, 9.1332],
	[7.2437, 6.7963],
	[7.8814, 8.5915],
	[1.7054, 9.9985],
	[8.8579, 7.9701]
  ]
]

Predicted M:[
  [
	[10.1925, 3.9133],
	[19.6091, 11.0602],
	[2.1957, 1.9457],
	[7.3909, 1.371],
	[1.7174, 1.5476],
	[3.5668, 9.7039],
	[4.5886, 3.9511],
	[6.2024, 4.4411],
	[2.6232, 5.5861],
	[3.1145, 10.6433]
  ]
]

MSE: 0.226680
=========================================================
          Learning params for data #46
=========================================================
Actual Params: [12 0.02965 0.08491 0.2296 6 0.7]
Predicted Params: [12 0.02965 0.08491 0.2296 6 0.7]
Actual M:[
  [
	[2.1697, 5.8993],
	[7.6862, 7.7853],
	[8.4642, 9.6579],
	[9.7726, 3.4611],
	[9.9612, 6.3577],
	[9.0329, 7.8212],
	[5.4972, 9.9953],
	[9.8355, 8.9448],
	[7.2949, 9.8845],
	[6.3661, 9.999]
  ]
]

Predicted M:[
  [
	[4.9562, 5.725],
	[3.6693, 7.0532],
	[7.1891, 8.722],
	[3.1104, 5.6468],
	[8.9902, 4.7408],
	[4.5015, 1.4722],
	[1.5091, 9.11],
	[9.0688, 3.0593],
	[3.252, 8.055],
	[3.9679, 3.4664]
  ]
]

MSE: 0.138213
=========================================================
          Learning params for data #47
=========================================================
Actual Params: [10 0.08955 0.07047 0.5979 14 0.3]
Predicted Params: [10 0.08955 0.07047 0.5979 14 0.3]
Actual M:[
  [
	[9.3226, 8.353],
	[1.7509, 9.0521],
	[6.0417, 8.4835],
	[3.3531, 9.574],
	[5.6581, 9.425],
	[9.419, 2.8907],
	[9.8615, 3.6196],
	[9.7655, 8.0401],
	[8.7866, 9.731],
	[7.3348, 9.9957]
  ]
]

Predicted M:[
  [
	[3.7168, 4.8263],
	[9.3653, 1.4893],
	[7.9327, 4.1227],
	[10.0775, 7.8245],
	[1.2644, 7.1388],
	[6.5244, 8.7892],
	[6.8793, 6.7417],
	[7.1155, 7.1196],
	[6.1487, 9.3941],
	[2.889, 9.1874]
  ]
]

MSE: 0.512193
=========================================================
          Learning params for data #48
=========================================================
Actual Params: [11 0.00956 0.04818 0.7677 5 0.3]
Predicted Params: [11 0.00956 0.04818 0.7677 5 0.3]
Actual M:[
  [
	[1.9447, 7.1559],
	[2.5096, 5.0764],
	[3.6521, 8.1776],
	[8.5447, 5.6947],
	[5.2012, 7.5984],
	[7.9856, 8.349],
	[9.0503, 3.0858],
	[7.3252, 9.1455],
	[8.7195, 6.7496],
	[9.4678, 1.5403]
  ]
]

Predicted M:[
  [
	[2.0444, 7.2824],
	[1.1845, 2.9247],
	[1.9511, 7.6625],
	[2.4865, 2.9989],
	[2.9398, 3.344],
	[6.4311, 7.6379],
	[4.4144, 4.2985],
	[6.6552, 8.08],
	[5.8293, 1.878],
	[5.5084, 2.2235]
  ]
]

MSE: 0.094993
=========================================================
          Learning params for data #49
=========================================================
Actual Params: [10 0.03224 0.01012 0.2097 9 0.3]
Predicted Params: [10 0.03224 0.01012 0.2097 9 0.3]
Actual M:[
  [
	[4.8641, 2.5714],
	[6.8029, 1.2825],
	[9.0926, 4.8258],
	[3.2516, 6.9987],
	[2.8964, 8.9836],
	[8.5722, 8.9138],
	[3.612, 9.8589],
	[9.7212, 4.0825],
	[8.788, 8.1421],
	[4.3456, 9.6212]
  ]
]

Predicted M:[
  [
	[6.5601, 9.114],
	[9.1052, 2.9522],
	[10.6808, 7.843],
	[14.0068, 5.7261],
	[3.7594, 5.5767],
	[2.1525, 1.2026],
	[4.0833, 3.3706],
	[9.0396, 7.1896],
	[3.0152, 6.596],
	[7.892, 2.7083]
  ]
]

MSE: 1.104698
=========================================================
          Learning params for data #50
=========================================================
Actual Params: [11 0.04572 0.02253 0.4123 10 0.3]
Predicted Params: [11 0.04572 0.02253 0.4123 10 0.3]
Actual M:[
  [
	[3.8574, 1.2602],
	[7.7971, 7.8601],
	[2.1911, 8.23],
	[9.0069, 6.7984],
	[9.546, 1.6451],
	[9.1281, 7.4311],
	[5.3116, 8.1917],
	[4.111, 8.3337],
	[5.9753, 9.1803],
	[3.5566, 9.5863]
  ]
]

Predicted M:[
  [
	[5.4117, 5.6243],
	[10.4953, 4.918],
	[7.086, 5.9806],
	[5.2789, 6.8757],
	[2.2205, 3.8971],
	[4.7498, 4.407],
	[10.3818, 3.5408],
	[3.6184, 4.9774],
	[9.7004, 5.8778],
	[2.8488, 9.5234]
  ]
]

MSE: 0.001648


MSE list: [0.06845 0.5001 0.09998 0.1138 0.4123 0.2219 0.02724 0.01645 0.0008653 0.0006409 0.0366 0.5608 0.4035 0.2996 0.104 0.2263 0.5135 0.3134 0.05646 0.5047 0.206 0.0002138 0.0642 0.00479 0.0226 0.235 0.004144 0.4844 0.6785 0.129 0.1973 0.2374 0.05728 0.001536 0.09104 0.03021 0.06824 0.07379 0.000406 0.02274 0.08194 0.3945 0.01537 0.07511 0.2267 0.1382 0.5122 0.09499 1.105 0.001648]
MSE mean: 0.194694
MSE std: 0.226589
Time elapsed: 3837.287358
