set_nopts7_ncomb5_nproblem50_no3
Ns: 5000
=========================================================
          Learning params for data #1
=========================================================
Actual Params: [14 0.03124 0.03851 0.9365 5 0.3]
Predicted Params: [14 0.03124 0.03851 0.9365 5 0.3]
Actual M:[
  [
	[3.8704, 3.2637],
	[1.8033, 4.8987],
	[8.31, 6.8689],
	[7.4447, 8.6206],
	[2.4636, 9.3875],
	[6.0978, 9.2351],
	[8.8059, 1.8578]
  ]
]

Predicted M:[
  [
	[7.6864, 6.1109],
	[1.1294, 5.0245],
	[2.9736, 7.8325],
	[9.0188, 6.4816],
	[8.8905, 5.1356],
	[3.6832, 8.3333],
	[1.63, 3.3135]
  ]
]

MSE: 0.034694
=========================================================
          Learning params for data #2
=========================================================
Actual Params: [5 0.0217 0.09843 0.9652 7 0.3]
Predicted Params: [5 0.0217 0.09843 0.9652 7 0.3]
Actual M:[
  [
	[3.6003, 8.3491],
	[9.6735, 2.7642],
	[8.2388, 8.6908],
	[9.1333, 5.3817],
	[9.9879, 3.4413],
	[8.9028, 6.4424],
	[2.9314, 9.988]
  ]
]

Predicted M:[
  [
	[4.4846, 5.196],
	[6.3888, 4.0695],
	[14.0278, 12.0182],
	[4.1126, 6.3107],
	[7.5029, 0.44755],
	[5.0454, 7.3478],
	[25.1545, 2.4707]
  ]
]

MSE: 0.000073
=========================================================
          Learning params for data #3
=========================================================
Actual Params: [6 0.002073 0.0168 0.807 12 0.5]
Predicted Params: [6 0.002073 0.0168 0.807 12 0.5]
Actual M:[
  [
	[8.7303, 7.6035],
	[3.6581, 9.0681],
	[9.4344, 1.3537],
	[9.2286, 9.4673],
	[9.5505, 4.1592],
	[9.9416, 8.6262],
	[7.7563, 9.5766]
  ]
]

Predicted M:[
  [
	[2.5154, 5.7727],
	[2.4164, 6.5827],
	[1.3782, 6.8681],
	[16.5475, 3.8198],
	[2.7066, 5.4549],
	[1.2603, 4.6879],
	[16.1584, 1.3828]
  ]
]

MSE: 0.308827
=========================================================
          Learning params for data #4
=========================================================
Actual Params: [2 0.09134 0.0946 1.078 14 0.7]
Predicted Params: [2 0.09134 0.0946 1.078 14 0.7]
Actual M:[
  [
	[4.6283, 7.944],
	[2.8344, 8.327],
	[8.7827, 2.6151],
	[5.0694, 7.8215],
	[9.9578, 5.6079],
	[9.2476, 6.9973],
	[8.4694, 8.2022]
  ]
]

Predicted M:[
  [
	[2.578, 5.6826],
	[1.7581, 1.9665],
	[4.8536, 7.5834],
	[3.7408, 7.9767],
	[5.9376, 25.502],
	[9.9937, 4.5964],
	[14.0362, 9.5878]
  ]
]

MSE: 0.003377
=========================================================
          Learning params for data #5
=========================================================
Actual Params: [14 0.04021 0.05941 0.1535 9 0.3]
Predicted Params: [14 0.04021 0.05941 0.1535 9 0.3]
Actual M:[
  [
	[2.6815, 6.4147],
	[2.1896, 6.6448],
	[4.2583, 4.3252],
	[4.9258, 6.7858],
	[6.1197, 1.9237],
	[2.1784, 8.6817],
	[3.2357, 7.4129]
  ]
]

Predicted M:[
  [
	[10.3108, 0.40251],
	[28.1616, 0.33965],
	[5.112, 13.8578],
	[1.0193, 6.3883],
	[1.2553, 1.2157],
	[49.7443, 6.3691],
	[42.7099, 4.8211]
  ]
]

MSE: 0.100577
=========================================================
          Learning params for data #6
=========================================================
Actual Params: [11 0.0363 0.03699 0.1247 14 0.7]
Predicted Params: [11 0.0363 0.03699 0.1247 14 0.7]
Actual M:[
  [
	[8.6645, 4.0692],
	[3.5514, 8.565],
	[7.7322, 8.4146],
	[8.7951, 6.6314],
	[9.8606, 5.3099],
	[8.3753, 6.8218],
	[2.4586, 9.3337]
  ]
]

Predicted M:[
  [
	[4.1217, 6.9712],
	[8.1474, 7.3858],
	[2.5215, 5.9725],
	[12.8729, 4.0073],
	[7.2745, 3.0101],
	[3.7061, 7.7051],
	[6.6194, 7.461]
  ]
]

MSE: 0.000021
=========================================================
          Learning params for data #7
=========================================================
Actual Params: [7 0.07424 0.07067 0.1279 7 0.5]
Predicted Params: [7 0.07424 0.07067 0.1279 7 0.5]
Actual M:[
  [
	[2.1632, 3.0271],
	[4.8784, 3.9228],
	[7.2438, 3.7443],
	[6.7686, 6.6592],
	[8.1087, 6.6776],
	[9.5701, 3.2226],
	[9.581, 6.5944]
  ]
]

Predicted M:[
  [
	[4.2288, 4.4255],
	[7.6192, 10.368],
	[8.3419, 2.4066],
	[9.6705, 10.7367],
	[1.1881, 2.4054],
	[6.6861, 8.2479],
	[19.7776, 1.4974]
  ]
]

MSE: 0.777177
=========================================================
          Learning params for data #8
=========================================================
Actual Params: [8 0.09402 0.09249 0.7599 7 0.7]
Predicted Params: [8 0.09402 0.09249 0.7599 7 0.7]
Actual M:[
  [
	[2.5583, 7.7949],
	[8.9168, 7.7264],
	[9.8537, 8.6193],
	[9.8857, 4.2596],
	[7.0459, 9.2407],
	[9.1356, 9.3911],
	[2.5775, 9.6517]
  ]
]

Predicted M:[
  [
	[4.5556, 5.1902],
	[12.4086, 1.3511],
	[2.0347, 8.8064],
	[11.5524, 8.3283],
	[5.8443, 6.1463],
	[11.3631, 10.7054],
	[5.7385, 5.1476]
  ]
]

MSE: 0.002988
=========================================================
          Learning params for data #9
=========================================================
Actual Params: [6 0.05736 0.08309 0.5217 10 0.3]
Predicted Params: [6 0.05736 0.08309 0.5217 10 0.3]
Actual M:[
  [
	[4.9469, 4.687],
	[4.4327, 6.3546],
	[6.8734, 1.9156],
	[8.9431, 4.1381],
	[5.3222, 6.2519],
	[1.6545, 7.1396],
	[6.369, 9.0191]
  ]
]

Predicted M:[
  [
	[5.708, 3.6026],
	[11.6489, 1.2561],
	[7.5334, 2.0879],
	[4.9459, 8.1743],
	[4.3178, 8.2098],
	[7.8788, 5.655],
	[2.957, 18.7608]
  ]
]

MSE: 0.080397
=========================================================
          Learning params for data #10
=========================================================
Actual Params: [12 0.07299 0.01487 0.5749 12 0.7]
Predicted Params: [12 0.07299 0.01487 0.5749 12 0.7]
Actual M:[
  [
	[7.5286, 5.0807],
	[1.6073, 8.9021],
	[9.2904, 8.5776],
	[6.4598, 9.2761],
	[9.7659, 7.5372],
	[3.9225, 9.6945],
	[7.4798, 9.2164]
  ]
]

Predicted M:[
  [
	[1.8813, 5.5033],
	[3.9285, 5.5426],
	[10.1647, 2.0073],
	[5.6058, 6.1558],
	[4.815, 22.8844],
	[1.4305, 4.928],
	[3.8548, 6.4095]
  ]
]

MSE: 0.000128
=========================================================
          Learning params for data #11
=========================================================
Actual Params: [12 0.04521 0.05198 0.7358 12 0.5]
Predicted Params: [12 0.04521 0.05198 0.7358 12 0.5]
Actual M:[
  [
	[3.8844, 4.2714],
	[3.7145, 5.1884],
	[5.7321, 1.5179],
	[7.8932, 8.2187],
	[8.904, 2.4115],
	[1.2482, 8.2324],
	[8.4679, 9.7887]
  ]
]

Predicted M:[
  [
	[2.3951, 7.1782],
	[6.341, 2.6632],
	[8.0116, 6.6468],
	[3.6098, 6.7299],
	[4.7433, 10.543],
	[8.0747, 7.0659],
	[2.5802, 29.598]
  ]
]

MSE: 0.511731
=========================================================
          Learning params for data #12
=========================================================
Actual Params: [11 0.09081 0.02309 0.7579 7 0.5]
Predicted Params: [11 0.09081 0.02309 0.7579 7 0.5]
Actual M:[
  [
	[1.008, 2.9089],
	[6.9816, 6.7739],
	[9.7739, 8.9471],
	[3.6981, 9.5874],
	[7.2042, 9.0961],
	[8.2334, 9.0594],
	[7.9351, 9.3813]
  ]
]

Predicted M:[
  [
	[1.7282, 3.615],
	[2.8479, 4.7005],
	[8.0764, 6.4962],
	[7.2051, 5.8148],
	[5.7708, 2.3204],
	[3.805, 7.8247],
	[5.28, 5.1625]
  ]
]

MSE: 0.000096
=========================================================
          Learning params for data #13
=========================================================
Actual Params: [9 0.09543 0.0713 0.6185 13 0.5]
Predicted Params: [9 0.09543 0.0713 0.6185 13 0.5]
Actual M:[
  [
	[6.4349, 5.048],
	[6.9626, 6.7085],
	[5.3003, 7.5715],
	[2.1126, 9.9497],
	[7.3672, 5.6959],
	[6.2047, 7.4721],
	[6.2844, 7.8922]
  ]
]

Predicted M:[
  [
	[7.8733, 8.2074],
	[10.2644, 9.0519],
	[7.3912, 6.2044],
	[1.5578, 1.2618],
	[4.3573, 9.306],
	[8.2894, 2.4968],
	[8.1268, 6.5909]
  ]
]

MSE: 0.054629
=========================================================
          Learning params for data #14
=========================================================
Actual Params: [13 0.047 0.01428 0.8369 12 0.5]
Predicted Params: [13 0.047 0.01428 0.8369 12 0.5]
Actual M:[
  [
	[9.8251, 6.1467],
	[2.9063, 6.3663],
	[3.5772, 8.9544],
	[9.9765, 1.4322],
	[1.2059, 9.9765],
	[4.8271, 8.0148],
	[1.5571, 9.4612]
  ]
]

Predicted M:[
  [
	[5.6285, 11.2198],
	[1.4494, 6.8607],
	[6.8862, 3.5614],
	[8.6604, 2.1514],
	[3.8509, 5.6245],
	[8.2769, 6.0158],
	[2.0255, 1.1351]
  ]
]

MSE: 0.040158
=========================================================
          Learning params for data #15
=========================================================
Actual Params: [13 0.01382 0.08908 1.096 14 0.5]
Predicted Params: [13 0.01382 0.08908 1.096 14 0.5]
Actual M:[
  [
	[3.5549, 7.9172],
	[9.8904, 3.2064],
	[5.4176, 9.541],
	[5.4454, 9.7359],
	[5.9645, 8.5333],
	[6.9133, 6.1616],
	[9.9922, 3.1455]
  ]
]

Predicted M:[
  [
	[3.1074, 3.1635],
	[5.249, 9.5402],
	[10.1201, 6.3566],
	[12.4876, 1.714],
	[4.577, 2.8662],
	[2.9329, 5.9342],
	[11.5731, 2.4025]
  ]
]

MSE: 0.091318
=========================================================
          Learning params for data #16
=========================================================
Actual Params: [7 0.05269 0.005692 0.6269 6 0.5]
Predicted Params: [7 0.05269 0.005692 0.6269 6 0.5]
Actual M:[
  [
	[9.9425, 6.5468],
	[9.924, 9.7231],
	[2.713, 9.9194],
	[8.1282, 9.952],
	[9.9999, 4.7144],
	[8.4337, 9.983],
	[8.792, 9.9515]
  ]
]

Predicted M:[
  [
	[3.5226, 4.1972],
	[25.3461, 3.9378],
	[7.7359, 3.5414],
	[16.9003, 5.0646],
	[3.0952, 2.1899],
	[5.4178, 4.0301],
	[6.6661, 7.1835]
  ]
]

MSE: 0.023231
=========================================================
          Learning params for data #17
=========================================================
Actual Params: [11 0.07737 0.1004 0.4119 14 0.5]
Predicted Params: [11 0.07737 0.1004 0.4119 14 0.5]
Actual M:[
  [
	[8.7428, 3.4327],
	[2.2953, 4.6739],
	[4.3616, 5.9557],
	[5.0356, 8.641],
	[9.7663, 5.081],
	[2.014, 9.7556],
	[7.4248, 9.5904]
  ]
]

Predicted M:[
  [
	[4.018, 3.2353],
	[3.9131, 1.9755],
	[3.143, 1.2275],
	[4.9243, 6.7768],
	[7.7223, 5.1184],
	[8.4261, 3.3538],
	[9.0332, 5.7383]
  ]
]

MSE: 0.142252
=========================================================
          Learning params for data #18
=========================================================
Actual Params: [7 0.0868 0.09143 0.8412 7 0.5]
Predicted Params: [7 0.0868 0.09143 0.8412 7 0.5]
Actual M:[
  [
	[5.0937, 7.8519],
	[6.9001, 2.9449],
	[9.9874, 9.235],
	[9.3368, 9.7946],
	[2.3246, 9.9246],
	[9.7849, 9.443],
	[5.3643, 9.8415]
  ]
]

Predicted M:[
  [
	[3.6409, 3.1072],
	[3.0676, 4.6445],
	[3.1775, 10.2353],
	[4.7914, 8.624],
	[3.4589, 4.4782],
	[5.3931, 8.4379],
	[3.5453, 6.1444]
  ]
]

MSE: 0.000485
=========================================================
          Learning params for data #19
=========================================================
Actual Params: [2 0.06305 0.0687 0.1846 10 0.5]
Predicted Params: [2 0.06305 0.0687 0.1846 10 0.5]
Actual M:[
  [
	[7.0077, 9.4627],
	[8.0514, 3.1831],
	[8.5388, 1.1621],
	[7.1303, 6.045],
	[9.6993, 8.6015],
	[2.211, 9.4881],
	[9.9493, 2.5242]
  ]
]

Predicted M:[
  [
	[12.8997, 4.0141],
	[8.3178, 5.9662],
	[2.8262, 7.6259],
	[5.1126, 6.4915],
	[12.5405, 10.1233],
	[3.3079, 3.318],
	[2.8368, 7.9598]
  ]
]

MSE: 0.024269
=========================================================
          Learning params for data #20
=========================================================
Actual Params: [2 0.006945 0.07183 0.3628 12 0.5]
Predicted Params: [2 0.006945 0.07183 0.3628 12 0.5]
Actual M:[
  [
	[1.1915, 6.9939],
	[3.9105, 3.3631],
	[8.3416, 1.4276],
	[1.1806, 7.0377],
	[5.9185, 5.4614],
	[7.2023, 3.748],
	[7.5542, 7.0803]
  ]
]

Predicted M:[
  [
	[3.1892, 4.9564],
	[2.1686, 1.3809],
	[3.8932, 4.2956],
	[7.2103, 7.5082],
	[4.6637, 5.6763],
	[4.7778, 10.3117],
	[1.5241, 7.604]
  ]
]

MSE: 0.745086
=========================================================
          Learning params for data #21
=========================================================
Actual Params: [12 0.0213 0.06061 0.6956 9 0.3]
Predicted Params: [12 0.0213 0.06061 0.6956 9 0.3]
Actual M:[
  [
	[9.2293, 3.8848],
	[4.1817, 8.1732],
	[6.7084, 8.9505],
	[8.9406, 4.8444],
	[9.4743, 2.9798],
	[6.1782, 9.4396],
	[9.2647, 6.697]
  ]
]

Predicted M:[
  [
	[4.8214, 5.9049],
	[3.9035, 2.275],
	[5.9165, 12.2379],
	[6.7038, 1.5737],
	[7.7549, 4.7541],
	[10.0216, 6.468],
	[8.975, 4.2524]
  ]
]

MSE: 0.001740
=========================================================
          Learning params for data #22
=========================================================
Actual Params: [2 0.01875 0.0769 0.7936 7 0.3]
Predicted Params: [2 0.01875 0.0769 0.7936 7 0.3]
Actual M:[
  [
	[3.1939, 2.2078],
	[4.1375, 5.5435],
	[9.2995, 4.2794],
	[6.7634, 7.1953],
	[9.6185, 5.145],
	[4.2676, 9.1976],
	[4.7548, 7.9435]
  ]
]

Predicted M:[
  [
	[3.2608, 7.6694],
	[9.9806, 2.3455],
	[4.7304, 4.5438],
	[6.2255, 10.343],
	[6.2192, 4.7863],
	[23.4216, 1.6096],
	[9.4911, 3.7238]
  ]
]

MSE: 0.049266
=========================================================
          Learning params for data #23
=========================================================
Actual Params: [8 0.03404 0.0299 0.7276 5 0.3]
Predicted Params: [8 0.03404 0.0299 0.7276 5 0.3]
Actual M:[
  [
	[6.6412, 5.366],
	[5.9513, 9.899],
	[9.3178, 4.1231],
	[8.5061, 4.8421],
	[9.7149, 1.4871],
	[7.1585, 7.6615],
	[9.7157, 6.4893]
  ]
]

Predicted M:[
  [
	[1.8378, 1.8801],
	[5.1341, 5.5636],
	[4.808, 2.5236],
	[5.4049, 3.4098],
	[6.2996, 2.8032],
	[5.5996, 4.7593],
	[6.6928, 4.2008]
  ]
]

MSE: 0.005757
=========================================================
          Learning params for data #24
=========================================================
Actual Params: [3 0.01685 0.05576 0.7347 8 0.3]
Predicted Params: [3 0.01685 0.05576 0.7347 8 0.3]
Actual M:[
  [
	[6.1397, 2.8501],
	[9.7951, 5.1321],
	[6.2556, 6.3484],
	[8.4526, 6.0837],
	[9.893, 7.3172],
	[3.0996, 9.5707],
	[6.9582, 7.3331]
  ]
]

Predicted M:[
  [
	[3.3878, 4.5746],
	[7.0463, 3.868],
	[9.0152, 2.5673],
	[4.6485, 9.788],
	[7.2047, 11.7347],
	[2.3853, 15.3744],
	[2.4182, 2.6772]
  ]
]

MSE: 0.241763
=========================================================
          Learning params for data #25
=========================================================
Actual Params: [3 0.007655 0.01501 0.9629 13 0.5]
Predicted Params: [3 0.007655 0.01501 0.9629 13 0.5]
Actual M:[
  [
	[3.6664, 4.0086],
	[1.7869, 6.6345],
	[9.648, 8.5408],
	[9.9295, 2.1333],
	[2.8569, 9.8674],
	[4.3762, 8.8007],
	[5.9108, 9.693]
  ]
]

Predicted M:[
  [
	[3.0286, 4.8415],
	[5.2326, 4.0349],
	[7.0518, 11.9796],
	[1.5952, 10.6056],
	[7.5609, 4.1743],
	[6.8524, 1.3199],
	[1.1396, 1.3439]
  ]
]

MSE: 0.229621
=========================================================
          Learning params for data #26
=========================================================
Actual Params: [15 0.03693 0.04212 0.5033 6 0.3]
Predicted Params: [15 0.03693 0.04212 0.5033 6 0.3]
Actual M:[
  [
	[7.1491, 3.3752],
	[1.3253, 6.282],
	[3.6312, 8.0523],
	[7.6841, 9.1288],
	[2.1994, 9.8773],
	[9.051, 3.0023],
	[8.7407, 4.0794]
  ]
]

Predicted M:[
  [
	[1.427, 5.6456],
	[4.2198, 4.439],
	[3.4944, 6.2418],
	[5.2907, 10.2489],
	[3.4318, 10.6018],
	[8.7918, 8.6916],
	[7.0538, 8.1285]
  ]
]

MSE: 0.045560
=========================================================
          Learning params for data #27
=========================================================
Actual Params: [3 0.05123 0.08031 0.1658 14 0.5]
Predicted Params: [3 0.05123 0.08031 0.1658 14 0.5]
Actual M:[
  [
	[9.113, 3.964],
	[7.2484, 9.8434],
	[9.5266, 7.8512],
	[8.1364, 9.1741],
	[9.7326, 6.9841],
	[9.9647, 4.7071],
	[9.6789, 9.0118]
  ]
]

Predicted M:[
  [
	[2.2625, 5.4605],
	[8.7958, 5.0811],
	[6.5131, 6.3951],
	[7.0147, 3.9813],
	[7.8957, 4.9401],
	[6.1804, 3.3279],
	[15.1449, 6.258]
  ]
]

MSE: 0.000103
=========================================================
          Learning params for data #28
=========================================================
Actual Params: [5 0.02479 0.07987 0.1952 12 0.7]
Predicted Params: [5 0.02479 0.07987 0.1952 12 0.7]
Actual M:[
  [
	[5.4776, 6.178],
	[4.3008, 8.8644],
	[3.3122, 9.4106],
	[7.7267, 8.5703],
	[8.3362, 5.3114],
	[8.7797, 6.3042],
	[8.9772, 2.9581]
  ]
]

Predicted M:[
  [
	[2.7143, 5.4485],
	[2.9144, 2.4168],
	[3.503, 3.7318],
	[4.1613, 46.475],
	[4.3097, 2.8279],
	[33.3486, 4.8635],
	[1.8932, 1.0911]
  ]
]

MSE: 0.002702
=========================================================
          Learning params for data #29
=========================================================
Actual Params: [1 0.08312 0.06685 0.4927 5 0.7]
Predicted Params: [1 0.08312 0.06685 0.4927 5 0.7]
Actual M:[
  [
	[5.2917, 1.2453],
	[4.7954, 7.5479],
	[6.8792, 1.2523],
	[7.9352, 6.9593],
	[8.18, 4.6174],
	[1.4671, 9.8712],
	[4.0695, 9.2463]
  ]
]

Predicted M:[
  [
	[3.5632, 9.3587],
	[2.8039, 11.1029],
	[5.8772, 6.865],
	[6.9837, 7.3642],
	[7.5309, 5.6345],
	[3.2891, 11.2979],
	[5.4878, 2.42]
  ]
]

MSE: 0.056275
=========================================================
          Learning params for data #30
=========================================================
Actual Params: [9 0.09186 0.02876 0.9353 5 0.5]
Predicted Params: [9 0.09186 0.02876 0.9353 5 0.5]
Actual M:[
  [
	[6.553, 8.4806],
	[9.1575, 6.4171],
	[9.3856, 2.1668],
	[2.5706, 8.9765],
	[2.6363, 8.6809],
	[9.6619, 5.4811],
	[9.9182, 2.634]
  ]
]

Predicted M:[
  [
	[6.5018, 3.6137],
	[8.3741, 6.7657],
	[6.1031, 11.0035],
	[3.6903, 4.7559],
	[8.2836, 6.7874],
	[4.5521, 12.5103],
	[10.3582, 3.6187]
  ]
]

MSE: 0.050184
=========================================================
          Learning params for data #31
=========================================================
Actual Params: [8 0.01602 0.08457 1.003 7 0.5]
Predicted Params: [8 0.01602 0.08457 1.003 7 0.5]
Actual M:[
  [
	[4.9827, 2.4726],
	[2.2815, 2.9503],
	[2.018, 6.9182],
	[5.4769, 3.6533],
	[3.8739, 5.8621],
	[1.4773, 8.7715],
	[3.6486, 8.2955]
  ]
]

Predicted M:[
  [
	[4.2211, 5.6614],
	[4.5234, 3.5067],
	[7.126, 8.5671],
	[8.6885, 6.7683],
	[11.602, 4.2079],
	[8.0925, 9.967],
	[7.62, 9.3972]
  ]
]

MSE: 0.038156
=========================================================
          Learning params for data #32
=========================================================
Actual Params: [6 0.0318 0.02026 0.3316 6 0.7]
Predicted Params: [6 0.0318 0.02026 0.3316 6 0.7]
Actual M:[
  [
	[4.8686, 8.0687],
	[6.009, 5.0675],
	[6.6286, 6.6648],
	[9.4289, 6.1609],
	[4.0247, 9.4106],
	[4.7152, 8.6196],
	[6.0291, 7.7826]
  ]
]

Predicted M:[
  [
	[1.2283, 4.6734],
	[1.3005, 5.3916],
	[1.4597, 28.461],
	[7.4315, 2.33],
	[2.2552, 1.6068],
	[2.5211, 2.1502],
	[7.5322, 2.9721]
  ]
]

MSE: 0.002791
=========================================================
          Learning params for data #33
=========================================================
Actual Params: [4 0.0409 0.08971 0.5183 9 0.5]
Predicted Params: [4 0.0409 0.08971 0.5183 9 0.5]
Actual M:[
  [
	[3.5996, 8.8906],
	[9.9624, 1.9213],
	[9.984, 3.8258],
	[8.3084, 5.1923],
	[8.4033, 8.7694],
	[8.9158, 9.5293],
	[1.3008, 9.9881]
  ]
]

Predicted M:[
  [
	[3.1129, 1.0827],
	[0.82602, 3.5513],
	[5.6779, 1.4728],
	[7.7793, 38.811],
	[6.249, 2.3771],
	[1.2748, 110.5134],
	[5.9942, 1.1093]
  ]
]

MSE: 0.002866
=========================================================
          Learning params for data #34
=========================================================
Actual Params: [2 0.0651 0.02939 0.9423 12 0.7]
Predicted Params: [2 0.0651 0.02939 0.9423 12 0.7]
Actual M:[
  [
	[2.6945, 6.6545],
	[2.3265, 9.018],
	[3.3616, 7.3075],
	[8.5278, 4.3883],
	[7.4751, 4.6397],
	[9.9541, 4.9186],
	[7.6173, 8.0623]
  ]
]

Predicted M:[
  [
	[4.4534, 8.3865],
	[6.4352, 7.1481],
	[6.0482, 5.2469],
	[4.2026, 5.0684],
	[8.6456, 4.1981],
	[7.4648, 5.934],
	[8.0756, 4.9413]
  ]
]

MSE: 0.106294
=========================================================
          Learning params for data #35
=========================================================
Actual Params: [4 0.01225 0.0381 1.05 14 0.3]
Predicted Params: [4 0.01225 0.0381 1.05 14 0.3]
Actual M:[
  [
	[7.2073, 9.7572],
	[9.7132, 1.5397],
	[9.2373, 1.6801],
	[7.8293, 5.8814],
	[9.9944, 9.4271],
	[1.6762, 9.8195],
	[8.505, 9.5628]
  ]
]

Predicted M:[
  [
	[6.736, 5.1941],
	[2.1091, 1.7523],
	[6.3848, 1.0395],
	[2.2525, 1.6457],
	[10.6817, 5.6606],
	[3.1815, 3.5083],
	[14.3102, 3.1398]
  ]
]

MSE: 0.001109
=========================================================
          Learning params for data #36
=========================================================
Actual Params: [13 0.06429 0.0786 0.7833 7 0.5]
Predicted Params: [13 0.06429 0.0786 0.7833 7 0.5]
Actual M:[
  [
	[3.1176, 8.0097],
	[9.5931, 7.2958],
	[3.1086, 8.1819],
	[7.9792, 8.0135],
	[9.2947, 7.4796],
	[6.9329, 9.6689],
	[6.0123, 9.9157]
  ]
]

Predicted M:[
  [
	[4.417, 1.124],
	[4.8602, 11.6404],
	[3.911, 2.4033],
	[2.9574, 17.2851],
	[11.6515, 19.7795],
	[2.0635, 12.5534],
	[1.3154, 6.6367]
  ]
]

MSE: 0.074607
=========================================================
          Learning params for data #37
=========================================================
Actual Params: [11 0.02849 0.06447 0.1571 14 0.5]
Predicted Params: [11 0.02849 0.06447 0.1571 14 0.5]
Actual M:[
  [
	[9.6812, 9.7388],
	[9.677, 9.9271],
	[9.7734, 4.7253],
	[9.8385, 8.593],
	[3.2925, 9.935],
	[9.6828, 9.4351],
	[9.8702, 8.3158]
  ]
]

Predicted M:[
  [
	[2.1576, 4.5637],
	[16.8608, 2.1254],
	[4.5616, 2.2898],
	[1.6733, 8.0442],
	[12.5529, 12.5711],
	[4.7905, 14.4515],
	[2.8356, 2.6679]
  ]
]

MSE: 0.047547
=========================================================
          Learning params for data #38
=========================================================
Actual Params: [4 0.04542 0.005889 0.9742 14 0.7]
Predicted Params: [4 0.04542 0.005889 0.9742 14 0.7]
Actual M:[
  [
	[8.8139, 7.3566],
	[6.3581, 9.4383],
	[8.1269, 9.3015],
	[9.3436, 4.8733],
	[8.1487, 9.1079],
	[9.8024, 4.594],
	[3.7952, 9.6925]
  ]
]

Predicted M:[
  [
	[1.8987, 4.7995],
	[2.1826, 6.7676],
	[7.3743, 9.6417],
	[4.4141, 8.0226],
	[8.7521, 5.3163],
	[7.3209, 9.7172],
	[2.8821, 5.0235]
  ]
]

MSE: 0.380610
=========================================================
          Learning params for data #39
=========================================================
Actual Params: [15 0.08101 0.008181 0.5678 5 0.7]
Predicted Params: [15 0.08101 0.008181 0.5678 5 0.7]
Actual M:[
  [
	[9.6586, 2.6483],
	[8.7852, 8.8416],
	[9.611, 6.8252],
	[1.0933, 9.8135],
	[9.7835, 1.2391],
	[2.5862, 9.774],
	[9.1647, 7.6112]
  ]
]

Predicted M:[
  [
	[6.5809, 2.175],
	[6.3333, 2.9541],
	[7.323, 3.839],
	[1.7634, 7.4723],
	[6.6826, 1.5744],
	[2.9259, 6.7469],
	[3.1229, 11.3519]
  ]
]

MSE: 0.007532
=========================================================
          Learning params for data #40
=========================================================
Actual Params: [7 0.08178 0.0473 0.125 6 0.7]
Predicted Params: [7 0.08178 0.0473 0.125 6 0.7]
Actual M:[
  [
	[9.0295, 2.7058],
	[9.5042, 9.0064],
	[9.6776, 8.4664],
	[6.9509, 9.0125],
	[7.8029, 9.4063],
	[9.6236, 9.353],
	[5.8745, 9.9328]
  ]
]

Predicted M:[
  [
	[5.6281, 1.8863],
	[1.4737, 6.4292],
	[6.2155, 1.0766],
	[7.8193, 1.7572],
	[4.4845, 1.8232],
	[8.7886, 1.6932],
	[7.7934, 1.8317]
  ]
]

MSE: 0.459231
=========================================================
          Learning params for data #41
=========================================================
Actual Params: [9 0.06844 0.09871 0.6274 14 0.7]
Predicted Params: [9 0.06844 0.09871 0.6274 14 0.7]
Actual M:[
  [
	[7.5119, 5.9608],
	[7.4996, 9.6093],
	[7.5628, 2.1292],
	[8.1701, 2.3804],
	[8.5562, 2.8079],
	[8.3902, 2.8118],
	[9.2812, 5.1811]
  ]
]

Predicted M:[
  [
	[5.1128, 1.1999],
	[9.7734, 6.9462],
	[5.3822, 2.6677],
	[5.7028, 6.2163],
	[7.6364, 1.0749],
	[5.983, 4.6706],
	[10.2978, 3.9499]
  ]
]

MSE: 0.400354
=========================================================
          Learning params for data #42
=========================================================
Actual Params: [6 0.06644 0.06134 0.988 7 0.7]
Predicted Params: [6 0.06644 0.06134 0.988 7 0.7]
Actual M:[
  [
	[9.5165, 2.3129],
	[8.1067, 7.0832],
	[8.711, 8.4721],
	[9.4957, 4.6484],
	[9.8419, 7.7565],
	[1.4062, 9.9775],
	[4.7074, 9.0544]
  ]
]

Predicted M:[
  [
	[4.7445, 1.0912],
	[3.5035, 1.5963],
	[1.6673, 56.328],
	[3.5373, 2.5238],
	[4.4958, 298.1941],
	[1.7624, 0.43717],
	[1.9986, 6.5829]
  ]
]

MSE: 0.010410
=========================================================
          Learning params for data #43
=========================================================
Actual Params: [7 0.04931 0.08253 1.019 6 0.5]
Predicted Params: [7 0.04931 0.08253 1.019 6 0.5]
Actual M:[
  [
	[2.0575, 3.8014],
	[8.3272, 3.2191],
	[7.6608, 9.4242],
	[9.6317, 9.844],
	[9.9618, 1.4935],
	[9.7233, 2.059],
	[9.9598, 4.2438]
  ]
]

Predicted M:[
  [
	[3.8704, 4.6889],
	[2.3393, 2.9002],
	[3.6001, 6.0334],
	[5.7064, 5.8469],
	[1.0844, 1.9719],
	[2.7269, 2.5838],
	[17.7223, 2.8244]
  ]
]

MSE: 0.043943
=========================================================
          Learning params for data #44
=========================================================
Actual Params: [8 0.08007 0.0535 0.1992 12 0.5]
Predicted Params: [8 0.08007 0.0535 0.1992 12 0.5]
Actual M:[
  [
	[8.773, 3.7488],
	[5.7261, 8.7871],
	[9.988, 2.9741],
	[7.0925, 9.7994],
	[8.2579, 7.0589],
	[9.1982, 7.9722],
	[9.7882, 5.6953]
  ]
]

Predicted M:[
  [
	[5.741, 9.8195],
	[5.5063, 6.3874],
	[8.6614, 7.1739],
	[9.5558, 6.7338],
	[1.367, 5.457],
	[6.7992, 2.7211],
	[4.8404, 4.503]
  ]
]

MSE: 0.464225
=========================================================
          Learning params for data #45
=========================================================
Actual Params: [9 0.08845 0.04885 0.3054 5 0.3]
Predicted Params: [9 0.08845 0.04885 0.3054 5 0.3]
Actual M:[
  [
	[9.1462, 7.0881],
	[1.428, 7.4617],
	[8.4958, 7.8964],
	[2.6344, 9.3704],
	[2.588, 9.4212],
	[9.3175, 9.0623],
	[8.2914, 9.1558]
  ]
]

Predicted M:[
  [
	[2.0502, 3.4558],
	[7.9046, 1.5334],
	[9.6059, 1.1693],
	[4.6572, 3.9514],
	[4.3881, 4.0109],
	[4.0781, 6.2933],
	[1.7727, 7.6967]
  ]
]

MSE: 0.117708
=========================================================
          Learning params for data #46
=========================================================
Actual Params: [13 0.05758 0.08693 0.4932 8 0.5]
Predicted Params: [13 0.05758 0.08693 0.4932 8 0.5]
Actual M:[
  [
	[5.9825, 3.3496],
	[5.8395, 8.9787],
	[9.7797, 9.0153],
	[6.24, 9.0715],
	[5.7982, 9.6463],
	[9.2417, 9.0308],
	[9.8162, 6.6035]
  ]
]

Predicted M:[
  [
	[8.0633, 5.5017],
	[2.6425, 8.9507],
	[10.4392, 10.2804],
	[3.1963, 7.4956],
	[4.5803, 7.9491],
	[8.1767, 7.8488],
	[11.1083, 3.6016]
  ]
]

MSE: 0.003006
=========================================================
          Learning params for data #47
=========================================================
Actual Params: [4 0.08868 0.08737 0.3105 9 0.3]
Predicted Params: [4 0.08868 0.08737 0.3105 9 0.3]
Actual M:[
  [
	[3.6139, 3.9351],
	[4.4562, 3.3684],
	[7.6987, 4.9465],
	[8.1508, 5.3008],
	[3.129, 7.6038],
	[9.062, 9.9151],
	[5.0761, 9.9323]
  ]
]

Predicted M:[
  [
	[6.4226, 3.4491],
	[2.2357, 1.3624],
	[2.9798, 2.1063],
	[12.2562, 2.102],
	[9.3829, 2.7583],
	[10.1112, 25.6966],
	[219.0905, 1.9428]
  ]
]

MSE: 0.001897
=========================================================
          Learning params for data #48
=========================================================
Actual Params: [6 0.01349 0.04788 1.016 14 0.5]
Predicted Params: [6 0.01349 0.04788 1.016 14 0.5]
Actual M:[
  [
	[7.5624, 8.5697],
	[7.8692, 6.8249],
	[9.8655, 4.7965],
	[9.1087, 5.8952],
	[8.9637, 7.3943],
	[8.8363, 8.2548],
	[5.0499, 9.9372]
  ]
]

Predicted M:[
  [
	[7.5258, 1.2663],
	[3.1724, 5.7111],
	[1.5929, 2.5769],
	[3.6221, 2.4566],
	[7.7176, 9.0479],
	[12.1878, 2.655],
	[1.3097, 5.8657]
  ]
]

MSE: 0.052202
=========================================================
          Learning params for data #49
=========================================================
Actual Params: [11 0.03886 0.0526 0.1849 6 0.7]
Predicted Params: [11 0.03886 0.0526 0.1849 6 0.7]
Actual M:[
  [
	[6.1785, 2.4648],
	[3.5772, 5.0399],
	[8.3772, 5.8741],
	[5.8214, 9.2581],
	[8.7445, 2.4335],
	[9.6808, 8.3022],
	[9.1332, 9.6563]
  ]
]

Predicted M:[
  [
	[4.0072, 3.0186],
	[1.1772, 7.85],
	[1.6904, 6.5585],
	[5.1424, 5.9949],
	[1.2141, 12.2461],
	[13.0212, 12.3196],
	[9.0742, 10.8639]
  ]
]

MSE: 0.000005
=========================================================
          Learning params for data #50
=========================================================
Actual Params: [11 0.03842 0.04668 0.9531 6 0.7]
Predicted Params: [11 0.03842 0.04668 0.9531 6 0.7]
Actual M:[
  [
	[4.042, 8.1843],
	[7.0395, 9.5845],
	[8.4162, 8.6743],
	[7.1275, 9.0471],
	[5.2025, 9.8689],
	[8.9521, 6.9234],
	[9.1919, 9.132]
  ]
]

Predicted M:[
  [
	[1.791, 3.5978],
	[2.0978, 2.6758],
	[4.8662, 2.1587],
	[4.1867, 1.6892],
	[2.9056, 1.6076],
	[1.1361, 22.9304],
	[1.2823, 266.8138]
  ]
]

MSE: 0.035319


MSE list: [0.03469 7.309e-05 0.3088 0.003377 0.1006 2.096e-05 0.7772 0.002988 0.0804 0.0001284 0.5117 9.606e-05 0.05463 0.04016 0.09132 0.02323 0.1423 0.000485 0.02427 0.7451 0.00174 0.04927 0.005757 0.2418 0.2296 0.04556 0.0001031 0.002702 0.05627 0.05018 0.03816 0.002791 0.002866 0.1063 0.001109 0.07461 0.04755 0.3806 0.007532 0.4592 0.4004 0.01041 0.04394 0.4642 0.1177 0.003006 0.001897 0.0522 5.476e-06 0.03532]
MSE mean: 0.117486
MSE std: 0.190158
Time elapsed: 3627.432575
