set_nopts10_ncomb1_nproblem50_no10
Ns: 5000
=========================================================
          Learning params for data #1
=========================================================
Actual Params: [10 0.09964 0.09921 0.693 8 0.5]
Predicted Params: [10 0.09964 0.09921 0.693 8 0.5]
Actual M:[
  [
	[3.327, 9.2446],
	[4.0886, 1.9104],
	[8.324, 1.1974],
	[4.2363, 9.0025],
	[9.3038, 2.5745],
	[9.4992, 7.1997],
	[9.095, 9.4601],
	[6.225, 9.9506],
	[7.405, 9.8593],
	[9.788, 4.1086]
  ]
]

Predicted M:[
  [
	[5.6214, 8.2896],
	[3.569, 2.9327],
	[4.8103, 2.6825],
	[7.7768, 1.9899],
	[1.0416, 2.952],
	[2.1276, 9.2182],
	[7.6828, 8.329],
	[8.47, 2.5538],
	[2.2534, 9.4933],
	[6.2133, 3.4675]
  ]
]

MSE: 0.008424
=========================================================
          Learning params for data #2
=========================================================
Actual Params: [15 0.064 0.007099 0.4876 8 0.5]
Predicted Params: [15 0.064 0.007099 0.4876 8 0.5]
Actual M:[
  [
	[4.7457, 9.4195],
	[9.8038, 1.7754],
	[7.1702, 7.6427],
	[7.4384, 4.5852],
	[7.2564, 8.5994],
	[8.5984, 2.9562],
	[7.802, 4.4496],
	[8.5012, 9.0577],
	[9.4162, 3.7329],
	[9.9116, 6.1584]
  ]
]

Predicted M:[
  [
	[6.0849, 3.2592],
	[4.1331, 7.4747],
	[3.1363, 4.1257],
	[1.836, 4.7252],
	[5.6569, 7.1581],
	[2.0564, 7.4929],
	[3.2898, 5.4755],
	[9.477, 5.4072],
	[1.664, 4.0966],
	[7.7012, 6.8479]
  ]
]

MSE: 0.030134
=========================================================
          Learning params for data #3
=========================================================
Actual Params: [3 0.09823 0.01988 0.4467 8 0.7]
Predicted Params: [3 0.09823 0.01988 0.4467 8 0.7]
Actual M:[
  [
	[9.4364, 3.0954],
	[8.5914, 4.6294],
	[5.1114, 7.1603],
	[5.792, 4.8842],
	[9.4189, 3.477],
	[4.7546, 8.4889],
	[5.4224, 5.912],
	[8.3102, 6.0762],
	[8.8595, 8.2609],
	[6.1107, 9.8233]
  ]
]

Predicted M:[
  [
	[8.2847, 8.0563],
	[5.1721, 9.4918],
	[3.1143, 5.1805],
	[3.2241, 3.2374],
	[8.2431, 8.0728],
	[7.3363, 8.2809],
	[7.3639, 6.6437],
	[7.8643, 4.9044],
	[10.5176, 1.0187],
	[2.5235, 10.8166]
  ]
]

MSE: 0.000194
=========================================================
          Learning params for data #4
=========================================================
Actual Params: [9 0.01954 0.04088 0.583 14 0.5]
Predicted Params: [9 0.01954 0.04088 0.583 14 0.5]
Actual M:[
  [
	[7.9399, 9.8074],
	[8.3507, 9.002],
	[1.988, 9.986],
	[8.3549, 4.1095],
	[8.4315, 7.6945],
	[8.7415, 8.9046],
	[8.8031, 8.2765],
	[9.6981, 9.0796],
	[9.8136, 4.0838],
	[9.8905, 2.1611]
  ]
]

Predicted M:[
  [
	[7.6047, 1.6985],
	[3.758, 4.377],
	[1.4713, 1.4436],
	[5.8048, 4.0618],
	[4.9553, 2.8659],
	[6.3406, 4.8005],
	[1.9716, 5.396],
	[5.2662, 11.9686],
	[7.1933, 1.2291],
	[1.2085, 5.0553]
  ]
]

MSE: 0.001083
=========================================================
          Learning params for data #5
=========================================================
Actual Params: [2 0.04758 0.01757 0.9187 7 0.3]
Predicted Params: [2 0.04758 0.01757 0.9187 7 0.3]
Actual M:[
  [
	[7.8634, 1.8138],
	[3.6778, 9.5999],
	[8.9071, 2.1334],
	[4.9572, 5.2144],
	[7.249, 3.2647],
	[5.7783, 9.3785],
	[5.917, 9.0327],
	[9.2979, 6.7956],
	[7.2121, 8.4977],
	[6.6093, 9.1969]
  ]
]

Predicted M:[
  [
	[1.9993, 7.429],
	[12.2296, 2.7145],
	[3.8733, 7.1447],
	[1.0367, 1.0654],
	[2.6546, 4.5362],
	[3.8489, 7.98],
	[1.2808, 7.8213],
	[12.3468, 1.0681],
	[3.7274, 7.6587],
	[1.8141, 3.2527]
  ]
]

MSE: 0.050159
=========================================================
          Learning params for data #6
=========================================================
Actual Params: [2 0.003049 0.0285 0.419 14 0.5]
Predicted Params: [2 0.003049 0.0285 0.419 14 0.5]
Actual M:[
  [
	[7.1145, 7.3477],
	[4.7878, 7.569],
	[9.3718, 7.9967],
	[8.4926, 9.5541],
	[9.8917, 5.881],
	[8.7789, 8.6894],
	[9.9679, 3.7399],
	[6.0388, 9.6893],
	[8.6607, 9.3717],
	[6.9186, 9.6794]
  ]
]

Predicted M:[
  [
	[8.2759, 6.6661],
	[9.3707, 2.1846],
	[4.728, 1.6385],
	[3.458, 2.6327],
	[1.2502, 6.5948],
	[5.0318, 3.6062],
	[8.1316, 6.9228],
	[4.7312, 2.5532],
	[1.895, 12.2004],
	[5.8953, 4.7142]
  ]
]

MSE: 0.325492
=========================================================
          Learning params for data #7
=========================================================
Actual Params: [13 0.004783 0.05512 0.2747 8 0.7]
Predicted Params: [13 0.004783 0.05512 0.2747 8 0.7]
Actual M:[
  [
	[1.9605, 8.3995],
	[9.2159, 1.6766],
	[7.7649, 6.5288],
	[8.7021, 4.9205],
	[8.5638, 7.2583],
	[5.424, 7.7728],
	[2.129, 8.5968],
	[7.2876, 8.8769],
	[8.8199, 3.8921],
	[7.9531, 7.6355]
  ]
]

Predicted M:[
  [
	[4.0221, 7.8002],
	[8.5718, 2.1132],
	[3.5154, 5.6916],
	[5.0343, 9.9181],
	[1.3179, 4.6704],
	[5.81, 6.4901],
	[6.9438, 4.275],
	[6.9844, 8.8296],
	[2.3395, 2.7439],
	[1.9257, 1.5157]
  ]
]

MSE: 0.231484
=========================================================
          Learning params for data #8
=========================================================
Actual Params: [9 0.02307 0.05861 0.7853 7 0.7]
Predicted Params: [9 0.02307 0.05861 0.7853 7 0.7]
Actual M:[
  [
	[5.1997, 8.4572],
	[7.1467, 7.0182],
	[7.1764, 5.294],
	[8.2998, 6.4634],
	[8.895, 4.5789],
	[9.0247, 8.6187],
	[9.9083, 1.9611],
	[3.8848, 9.7128],
	[8.6871, 9.2898],
	[9.2074, 4.6449]
  ]
]

Predicted M:[
  [
	[1.447, 6.3135],
	[7.17, 3.252],
	[8.2278, 4.0827],
	[4.8887, 10.6074],
	[4.1698, 6.1011],
	[2.9605, 2.2285],
	[8.9009, 5.4973],
	[8.1524, 7.8424],
	[1.6611, 16.363],
	[3.2889, 9.9098]
  ]
]

MSE: 0.098033
=========================================================
          Learning params for data #9
=========================================================
Actual Params: [14 0.09525 0.07005 0.2041 11 0.3]
Predicted Params: [14 0.09525 0.07005 0.2041 11 0.3]
Actual M:[
  [
	[8.4059, 4.1146],
	[8.5003, 6.0339],
	[8.8436, 6.3147],
	[2.0702, 6.9664],
	[8.995, 4.2987],
	[4.4953, 9.9812],
	[9.3017, 8.7499],
	[6.8933, 9.4826],
	[9.9802, 6.4435],
	[7.395, 8.7858]
  ]
]

Predicted M:[
  [
	[5.0258, 5.936],
	[8.943, 8.9016],
	[4.581, 5.1138],
	[10.1343, 6.9959],
	[7.0623, 5.0667],
	[5.349, 9.8388],
	[5.6175, 5.3225],
	[8.8733, 1.0052],
	[4.4135, 6.0527],
	[8.7441, 9.0241]
  ]
]

MSE: 0.388999
=========================================================
          Learning params for data #10
=========================================================
Actual Params: [14 0.08237 0.03441 0.2578 13 0.7]
Predicted Params: [14 0.08237 0.03441 0.2578 13 0.7]
Actual M:[
  [
	[5.1764, 7.1414],
	[6.3803, 8.6888],
	[6.4112, 5.8989],
	[8.6024, 9.326],
	[9.3813, 9.5804],
	[2.4979, 9.991],
	[2.8644, 9.6934],
	[9.4151, 2.2056],
	[9.9548, 2.7611],
	[6.4084, 9.7512]
  ]
]

Predicted M:[
  [
	[5.6139, 2.2339],
	[8.5106, 2.0936],
	[2.2785, 3.6397],
	[2.4879, 4.3753],
	[7.9695, 11.0925],
	[8.6883, 5.0954],
	[8.6863, 4.8682],
	[7.7544, 4.3095],
	[2.9487, 7.3665],
	[5.1915, 3.6401]
  ]
]

MSE: 0.067305
=========================================================
          Learning params for data #11
=========================================================
Actual Params: [13 0.06375 0.01428 0.4326 12 0.7]
Predicted Params: [13 0.06375 0.01428 0.4326 12 0.7]
Actual M:[
  [
	[3.5029, 2.056],
	[9.9461, 3.8786],
	[8.4443, 8.1398],
	[8.6343, 9.375],
	[8.8246, 8.1353],
	[9.7299, 7.4576],
	[7.4522, 9.4397],
	[8.8981, 9.3692],
	[4.5795, 9.8669],
	[9.7568, 5.3137]
  ]
]

Predicted M:[
  [
	[9.666, 2.7141],
	[7.3612, 5.2879],
	[5.2227, 1.7063],
	[3.8325, 5.4833],
	[2.4135, 11.7614],
	[2.9085, 8.02],
	[7.5108, 9.6861],
	[7.8571, 3.1185],
	[9.3498, 6.2419],
	[8.757, 7.8916]
  ]
]

MSE: 0.488902
=========================================================
          Learning params for data #12
=========================================================
Actual Params: [8 0.06757 0.09906 0.8521 10 0.5]
Predicted Params: [8 0.06757 0.09906 0.8521 10 0.5]
Actual M:[
  [
	[1.8576, 5.0149],
	[3.0032, 9.3904],
	[4.4511, 2.4505],
	[3.4552, 3.9431],
	[3.478, 2.8808],
	[6.1575, 2.6849],
	[8.8189, 8.4175],
	[9.3147, 4.2173],
	[6.0713, 8.9935],
	[9.4546, 6.6801]
  ]
]

Predicted M:[
  [
	[4.7706, 8.5749],
	[1.7203, 9.315],
	[1.4357, 4.6958],
	[7.5211, 6.7763],
	[7.8165, 5.548],
	[8.1815, 6.7206],
	[9.079, 7.3109],
	[5.9694, 7.3804],
	[5.9908, 1.8289],
	[10.7817, 2.3658]
  ]
]

MSE: 0.023286
=========================================================
          Learning params for data #13
=========================================================
Actual Params: [2 0.07538 0.005474 0.3079 13 0.3]
Predicted Params: [2 0.07538 0.005474 0.3079 13 0.3]
Actual M:[
  [
	[6.7972, 1.2703],
	[7.6681, 7.6964],
	[4.2161, 8.9946],
	[7.4887, 7.8579],
	[9.387, 3.0737],
	[2.8264, 9.8663],
	[8.2832, 8.1217],
	[9.9892, 7.7462],
	[3.1041, 9.6607],
	[5.3634, 9.867]
  ]
]

Predicted M:[
  [
	[2.0116, 7.8931],
	[2.712, 7.6895],
	[7.4862, 3.1723],
	[6.6728, 4.2152],
	[2.7018, 9.2199],
	[9.8643, 3.0058],
	[4.3856, 9.1459],
	[7.3466, 3.2657],
	[5.2319, 9.0133],
	[9.6587, 8.0531]
  ]
]

MSE: 0.231001
=========================================================
          Learning params for data #14
=========================================================
Actual Params: [6 0.06536 0.03149 0.8334 7 0.7]
Predicted Params: [6 0.06536 0.03149 0.8334 7 0.7]
Actual M:[
  [
	[1.1166, 5.7364],
	[9.7717, 4.5326],
	[6.6673, 6.4083],
	[7.2518, 7.2271],
	[5.8019, 9.6849],
	[9.8512, 5.7395],
	[8.0985, 7.4072],
	[9.2831, 6.8589],
	[7.663, 9.5643],
	[7.6851, 8.3916]
  ]
]

Predicted M:[
  [
	[8.1519, 5.0043],
	[8.5014, 9.0364],
	[4.6018, 4.0515],
	[3.2003, 4.1606],
	[8.4052, 3.0509],
	[8.9209, 8.3214],
	[1.3725, 7.9886],
	[2.3133, 10.7256],
	[3.8149, 12.5587],
	[8.2935, 3.5221]
  ]
]

MSE: 0.026843
=========================================================
          Learning params for data #15
=========================================================
Actual Params: [11 0.01957 0.04661 0.5715 14 0.5]
Predicted Params: [11 0.01957 0.04661 0.5715 14 0.5]
Actual M:[
  [
	[2.9583, 5.4879],
	[6.6514, 7.1875],
	[8.1427, 7.956],
	[5.0977, 9.8358],
	[9.2848, 8.5257],
	[9.2981, 7.1689],
	[7.1689, 9.3529],
	[8.2072, 9.2424],
	[9.7297, 7.8181],
	[8.2596, 9.8492]
  ]
]

Predicted M:[
  [
	[7.2877, 9.5875],
	[1.2432, 6.8711],
	[2.2445, 3.0486],
	[3.4603, 9.7077],
	[2.8639, 7.658],
	[6.8893, 4.7633],
	[8.5518, 7.8798],
	[3.6772, 1.6403],
	[10.5477, 4.1876],
	[8.8546, 9.7391]
  ]
]

MSE: 0.004023
=========================================================
          Learning params for data #16
=========================================================
Actual Params: [14 0.09744 0.03599 1.072 8 0.7]
Predicted Params: [14 0.09744 0.03599 1.072 8 0.7]
Actual M:[
  [
	[9.7233, 5.9917],
	[2.3274, 7.4434],
	[6.9634, 7.8316],
	[5.6983, 9.4372],
	[6.9171, 8.4955],
	[6.5097, 9.3439],
	[9.5077, 9.6404],
	[9.9475, 3.969],
	[5.381, 9.665],
	[8.4448, 9.8367]
  ]
]

Predicted M:[
  [
	[1.6119, 10.7632],
	[7.6965, 1.5103],
	[7.5792, 1.0104],
	[1.8209, 9.0391],
	[5.0073, 8.1922],
	[6.0647, 7.3548],
	[8.4121, 4.4411],
	[4.0056, 6.8266],
	[5.6236, 4.4383],
	[2.3883, 1.982]
  ]
]

MSE: 0.075433
=========================================================
          Learning params for data #17
=========================================================
Actual Params: [6 0.04751 0.06421 0.5217 6 0.7]
Predicted Params: [6 0.04751 0.06421 0.5217 6 0.7]
Actual M:[
  [
	[6.547, 4.2355],
	[6.9871, 4.9638],
	[9.1237, 4.3848],
	[9.8101, 5.5469],
	[8.9041, 9.1484],
	[7.1538, 9.5469],
	[9.3019, 9.3496],
	[8.5651, 9.8633],
	[9.7288, 7.9518],
	[7.1123, 9.9959]
  ]
]

Predicted M:[
  [
	[7.5482, 8.4742],
	[7.801, 4.4182],
	[2.7739, 8.4438],
	[7.0209, 9.4159],
	[6.02, 5.7542],
	[6.0087, 7.1559],
	[8.0479, 7.4888],
	[2.8761, 1.2354],
	[5.0035, 6.9219],
	[1.4274, 8.6064]
  ]
]

MSE: 0.190350
=========================================================
          Learning params for data #18
=========================================================
Actual Params: [6 0.009797 0.03127 0.5825 11 0.7]
Predicted Params: [6 0.009797 0.03127 0.5825 11 0.7]
Actual M:[
  [
	[8.8332, 3.2331],
	[4.2122, 7.9731],
	[5.2287, 4.0292],
	[1.7302, 7.9864],
	[4.82, 9.9799],
	[8.6754, 3.7469],
	[9.2802, 2.6682],
	[7.6504, 6.0905],
	[8.2777, 7.3291],
	[4.5179, 9.9815]
  ]
]

Predicted M:[
  [
	[6.1081, 5.2861],
	[8.4943, 7.5014],
	[9.5905, 3.2995],
	[8.9422, 1.5024],
	[8.2905, 3.0405],
	[3.6841, 5.8796],
	[9.7469, 7.8154],
	[9.5581, 5.8606],
	[5.1637, 17.0126],
	[7.1487, 2.3639]
  ]
]

MSE: 0.014627
=========================================================
          Learning params for data #19
=========================================================
Actual Params: [9 0.06994 0.01618 0.3069 5 0.7]
Predicted Params: [9 0.06994 0.01618 0.3069 5 0.7]
Actual M:[
  [
	[3.1938, 5.6747],
	[3.9873, 6.5038],
	[6.3058, 1.2515],
	[6.8154, 9.0247],
	[7.9231, 1.2624],
	[7.5562, 5.6577],
	[7.9583, 5.6986],
	[6.7604, 9.5436],
	[6.9281, 6.188],
	[9.8897, 9.5385]
  ]
]

Predicted M:[
  [
	[3.5031, 5.0863],
	[8.6652, 6.5635],
	[3.5748, 7.1315],
	[6.6613, 8.4038],
	[7.328, 4.3207],
	[8.6336, 6.6448],
	[8.8763, 2.0125],
	[5.7813, 8.802],
	[8.8794, 4.5123],
	[3.5978, 5.0787]
  ]
]

MSE: 1.086593
=========================================================
          Learning params for data #20
=========================================================
Actual Params: [10 0.07377 0.02088 0.2974 10 0.5]
Predicted Params: [10 0.07377 0.02088 0.2974 10 0.5]
Actual M:[
  [
	[9.0127, 2.2505],
	[5.6583, 3.1008],
	[7.1486, 2.7263],
	[4.2951, 5.4254],
	[6.0845, 5.902],
	[6.686, 5.0075],
	[9.9618, 8.6821],
	[8.7588, 9.3276],
	[3.9113, 9.7802],
	[8.2201, 9.9913]
  ]
]

Predicted M:[
  [
	[9.513, 8.1086],
	[2.4821, 1.8366],
	[3.9375, 2.6233],
	[6.7412, 7.9762],
	[9.5839, 8.0089],
	[7.3684, 1.5519],
	[2.0555, 2.2279],
	[10.1212, 5.8598],
	[7.3551, 6.683],
	[8.2625, 9.3115]
  ]
]

MSE: 0.496654
=========================================================
          Learning params for data #21
=========================================================
Actual Params: [2 0.02025 0.01255 0.4992 13 0.7]
Predicted Params: [2 0.02025 0.01255 0.4992 13 0.7]
Actual M:[
  [
	[8.3344, 9.0243],
	[4.3196, 9.7952],
	[9.1976, 6.7005],
	[9.0634, 7.4094],
	[9.6442, 1.0897],
	[5.158, 9.3293],
	[9.5055, 4.9852],
	[5.8218, 9.479],
	[8.7942, 8.9727],
	[8.8152, 9.3579]
  ]
]

Predicted M:[
  [
	[8.9227, 5.088],
	[7.4518, 2.8144],
	[9.0168, 3.1533],
	[7.4714, 9.4522],
	[1.5207, 3.3696],
	[5.348, 10.4811],
	[8.4842, 4.7166],
	[8.6246, 7.4347],
	[1.3462, 9.4518],
	[8.756, 8.4982]
  ]
]

MSE: 0.056195
=========================================================
          Learning params for data #22
=========================================================
Actual Params: [11 0.06669 0.0344 0.2408 6 0.5]
Predicted Params: [11 0.06669 0.0344 0.2408 6 0.5]
Actual M:[
  [
	[6.2433, 1.2998],
	[8.923, 9.5811],
	[9.4677, 7.3164],
	[9.6761, 6.9191],
	[9.8843, 1.6747],
	[9.7269, 9.0357],
	[9.734, 4.5642],
	[4.5957, 9.5845],
	[2.6117, 9.6821],
	[9.8236, 7.3654]
  ]
]

Predicted M:[
  [
	[1.6818, 2.8735],
	[1.2909, 11.1389],
	[4.7644, 5.8281],
	[7.6147, 8.1841],
	[8.829, 7.2763],
	[6.0591, 10.8143],
	[2.0777, 3.2287],
	[7.3234, 6.4528],
	[9.9357, 3.4901],
	[1.8114, 1.6489]
  ]
]

MSE: 0.018629
=========================================================
          Learning params for data #23
=========================================================
Actual Params: [12 0.01718 0.006538 0.1679 11 0.3]
Predicted Params: [12 0.01718 0.006538 0.1679 11 0.3]
Actual M:[
  [
	[1.9993, 9.9583],
	[5.491, 5.8294],
	[9.4583, 7.2009],
	[5.1048, 7.6012],
	[3.0817, 8.4083],
	[6.0228, 8.1512],
	[8.1182, 7.9757],
	[9.4842, 7.086],
	[5.76, 8.6977],
	[9.9756, 9.5554]
  ]
]

Predicted M:[
  [
	[9.0173, 6.5633],
	[3.7013, 1.0017],
	[4.351, 1.1027],
	[7.1217, 6.3889],
	[3.8806, 4.1659],
	[1.8222, 1.4045],
	[5.5694, 8.8676],
	[3.2815, 9.2236],
	[10.1496, 3.7269],
	[6.7851, 4.045]
  ]
]

MSE: 1.020546
=========================================================
          Learning params for data #24
=========================================================
Actual Params: [7 0.0135 0.08448 0.9095 6 0.3]
Predicted Params: [7 0.0135 0.08448 0.9095 6 0.3]
Actual M:[
  [
	[9.8576, 9.2769],
	[9.9514, 1.3306],
	[5.8051, 9.5914],
	[5.1304, 9.7444],
	[7.4227, 9.3113],
	[5.8166, 9.7851],
	[9.9835, 7.2525],
	[6.4478, 9.8712],
	[8.5217, 9.5802],
	[9.1352, 9.2805]
  ]
]

Predicted M:[
  [
	[1.2316, 9.7942],
	[7.2143, 6.8625],
	[3.7258, 6.3815],
	[2.2721, 1.9911],
	[8.2618, 1.1506],
	[6.9324, 7.5352],
	[3.686, 4.6361],
	[8.855, 3.6859],
	[1.3251, 4.9466],
	[2.7144, 9.1909]
  ]
]

MSE: 0.045281
=========================================================
          Learning params for data #25
=========================================================
Actual Params: [11 0.008105 0.06348 0.5869 8 0.7]
Predicted Params: [11 0.008105 0.06348 0.5869 8 0.7]
Actual M:[
  [
	[2.1753, 1.1078],
	[9.528, 9.1768],
	[3.012, 9.285],
	[9.8559, 2.7377],
	[1.6477, 9.308],
	[9.7966, 3.2845],
	[9.7826, 4.1256],
	[1.266, 9.4973],
	[1.3169, 9.3137],
	[4.8307, 9.8506]
  ]
]

Predicted M:[
  [
	[5.9137, 7.8885],
	[5.3886, 4.6285],
	[1.3293, 8.723],
	[3.2132, 1.5685],
	[2.6225, 9.4638],
	[6.3303, 8.8514],
	[7.7864, 6.7198],
	[1.8288, 3.7921],
	[7.9173, 4.4129],
	[8.119, 1.0239]
  ]
]

MSE: 0.481542
=========================================================
          Learning params for data #26
=========================================================
Actual Params: [2 0.02156 0.0841 1.097 12 0.5]
Predicted Params: [2 0.02156 0.0841 1.097 12 0.5]
Actual M:[
  [
	[7.1387, 9.0169],
	[7.8831, 5.4263],
	[9.1183, 6.6799],
	[9.3661, 1.122],
	[9.9793, 9.4157],
	[8.1918, 9.9618],
	[8.4293, 9.7112],
	[9.8473, 9.6619],
	[9.9868, 3.9694],
	[9.0198, 9.6838]
  ]
]

Predicted M:[
  [
	[8.2952, 6.9739],
	[4.361, 9.5225],
	[9.064, 5.8428],
	[4.3511, 7.8608],
	[8.8138, 7.4358],
	[4.6665, 9.6681],
	[7.678, 6.1221],
	[6.6958, 5.1609],
	[6.746, 8.7339],
	[1.0882, 2.6418]
  ]
]

MSE: 0.280574
=========================================================
          Learning params for data #27
=========================================================
Actual Params: [7 0.04157 0.04236 0.5815 13 0.7]
Predicted Params: [7 0.04157 0.04236 0.5815 13 0.7]
Actual M:[
  [
	[2.6098, 4.6278],
	[3.7738, 3.5196],
	[6.5824, 1.8222],
	[5.4964, 3.3226],
	[6.8086, 9.5674],
	[8.5449, 2.7704],
	[6.8518, 5.4981],
	[9.5214, 2.8626],
	[6.979, 9.7982],
	[9.583, 5.3959]
  ]
]

Predicted M:[
  [
	[8.5882, 1.9688],
	[4.2696, 2.0355],
	[1.9719, 5.9055],
	[6.1473, 8.9147],
	[5.5891, 3.0141],
	[1.4819, 9.7818],
	[8.4578, 3.9914],
	[6.2995, 7.5475],
	[7.0023, 3.9099],
	[8.2409, 7.353]
  ]
]

MSE: 0.106255
=========================================================
          Learning params for data #28
=========================================================
Actual Params: [14 0.08421 0.02218 0.4706 9 0.3]
Predicted Params: [14 0.08421 0.02218 0.4706 9 0.3]
Actual M:[
  [
	[6.2429, 2.2775],
	[4.1495, 2.5689],
	[8.0562, 6.2094],
	[9.2643, 1.4509],
	[8.8955, 5.5792],
	[5.7874, 6.6014],
	[8.0148, 8.4102],
	[8.7366, 6.5386],
	[7.4021, 9.1018],
	[9.3093, 4.2331]
  ]
]

Predicted M:[
  [
	[4.2208, 9.3659],
	[10.8474, 3.1481],
	[3.1739, 4.0306],
	[6.208, 3.6938],
	[2.4457, 3.2249],
	[3.7754, 9.3936],
	[5.5545, 9.3007],
	[6.788, 8.6731],
	[6.7876, 4.7431],
	[9.099, 6.9151]
  ]
]

MSE: 0.745358
=========================================================
          Learning params for data #29
=========================================================
Actual Params: [3 0.01763 0.07418 0.8547 7 0.7]
Predicted Params: [3 0.01763 0.07418 0.8547 7 0.7]
Actual M:[
  [
	[7.5513, 5.2452],
	[8.948, 6.7516],
	[8.3845, 7.9681],
	[9.1459, 5.1933],
	[9.7453, 8.2859],
	[6.9328, 8.7323],
	[9.8019, 6.6482],
	[7.194, 8.7581],
	[3.5585, 9.8543],
	[6.0497, 8.9801]
  ]
]

Predicted M:[
  [
	[7.2081, 3.9054],
	[7.5126, 7.0681],
	[7.533, 5.9781],
	[4.0206, 6.0185],
	[8.0114, 13.8612],
	[2.0293, 9.0345],
	[8.3329, 8.0944],
	[2.9071, 4.1608],
	[2.0021, 4.1717],
	[3.1934, 9.0055]
  ]
]

MSE: 0.001729
=========================================================
          Learning params for data #30
=========================================================
Actual Params: [9 0.05963 0.05482 0.5818 5 0.5]
Predicted Params: [9 0.05963 0.05482 0.5818 5 0.5]
Actual M:[
  [
	[8.9639, 4.9992],
	[2.778, 9.6131],
	[3.3025, 7.5208],
	[3.7347, 8.6913],
	[5.3113, 9.1827],
	[9.6818, 3.5259],
	[9.8327, 7.2814],
	[7.3996, 9.7572],
	[8.7941, 7.401],
	[8.6366, 7.5355]
  ]
]

Predicted M:[
  [
	[9.0012, 5.1522],
	[7.8659, 1.7184],
	[3.0202, 7.0845],
	[6.3953, 7.1034],
	[4.5229, 3.2866],
	[4.9001, 1.8678],
	[14.1202, 3.6189],
	[6.0106, 2.4002],
	[3.8578, 3.6698],
	[1.5425, 1.4854]
  ]
]

MSE: 0.317528
=========================================================
          Learning params for data #31
=========================================================
Actual Params: [5 0.01568 0.0498 0.4787 10 0.5]
Predicted Params: [5 0.01568 0.0498 0.4787 10 0.5]
Actual M:[
  [
	[6.1401, 9.5974],
	[9.6514, 9.5264],
	[9.6801, 4.3625],
	[9.8644, 8.7513],
	[7.1596, 9.9985],
	[9.94, 9.4894],
	[9.9524, 1.4525],
	[9.9425, 9.6376],
	[8.678, 9.6512],
	[8.5938, 9.824]
  ]
]

Predicted M:[
  [
	[1.4788, 1.3146],
	[8.7179, 6.5308],
	[8.2443, 5.6647],
	[8.5426, 3.8517],
	[5.4642, 1.7936],
	[9.6326, 4.4082],
	[1.701, 1.2494],
	[7.6618, 8.1607],
	[3.5954, 4.2231],
	[8.5467, 6.6946]
  ]
]

MSE: 0.008560
=========================================================
          Learning params for data #32
=========================================================
Actual Params: [8 0.008491 0.005127 0.5777 14 0.5]
Predicted Params: [8 0.008491 0.005127 0.5777 14 0.5]
Actual M:[
  [
	[5.7048, 3.7208],
	[7.7198, 5.7898],
	[9.9728, 6.6704],
	[8.0746, 9.3472],
	[8.1099, 9.0008],
	[1.0643, 9.488],
	[4.4404, 9.6816],
	[8.5676, 9.6858],
	[7.9579, 9.985],
	[8.6474, 8.597]
  ]
]

Predicted M:[
  [
	[1.0566, 4.1473],
	[6.2263, 9.6658],
	[14.4893, 1.312],
	[6.4331, 1.6672],
	[1.4739, 5.9672],
	[3.3234, 2.3919],
	[2.0407, 6.834],
	[9.0571, 4.8085],
	[7.6805, 5.9082],
	[1.693, 1.102]
  ]
]

MSE: 0.630228
=========================================================
          Learning params for data #33
=========================================================
Actual Params: [1 0.09521 0.05628 0.1741 6 0.5]
Predicted Params: [1 0.09521 0.05628 0.1741 6 0.5]
Actual M:[
  [
	[7.2968, 6.045],
	[5.1579, 8.3015],
	[4.5535, 9.1979],
	[9.4324, 9.4335],
	[2.8239, 9.8698],
	[9.9763, 9.5003],
	[7.3356, 9.6859],
	[3.8799, 9.9493],
	[9.3317, 9.9764],
	[9.9454, 9.5406]
  ]
]

Predicted M:[
  [
	[2.7109, 7.3214],
	[1.9359, 6.798],
	[6.2796, 1.7809],
	[1.1425, 6.8381],
	[8.8731, 3.9982],
	[5.5208, 1.8827],
	[6.3362, 3.6624],
	[1.4732, 7.2626],
	[4.4982, 7.9824],
	[8.8684, 4.6476]
  ]
]

MSE: 0.224978
=========================================================
          Learning params for data #34
=========================================================
Actual Params: [9 0.06311 0.07324 0.4488 14 0.3]
Predicted Params: [9 0.06311 0.07324 0.4488 14 0.3]
Actual M:[
  [
	[9.5418, 3.8056],
	[5.2621, 5.2979],
	[8.177, 5.2616],
	[9.829, 1.1468],
	[7.8225, 7.6813],
	[8.2215, 9.3769],
	[9.0439, 6.3645],
	[3.9988, 9.4547],
	[9.1966, 5.4824],
	[9.2987, 4.4834]
  ]
]

Predicted M:[
  [
	[4.6417, 5.6787],
	[6.6165, 9.1277],
	[7.027, 8.4497],
	[2.3596, 6.5494],
	[2.1449, 8.9861],
	[5.0228, 10.0757],
	[6.0035, 3.6373],
	[1.5329, 4.2877],
	[4.5331, 3.4863],
	[2.4648, 4.793]
  ]
]

MSE: 0.027851
=========================================================
          Learning params for data #35
=========================================================
Actual Params: [5 0.03524 0.08223 0.6444 6 0.5]
Predicted Params: [5 0.03524 0.08223 0.6444 6 0.5]
Actual M:[
  [
	[2.088, 8.0924],
	[9.4089, 8.2197],
	[1.0218, 9.5521],
	[2.0831, 8.9038],
	[9.2242, 9.4121],
	[2.9104, 9.4517],
	[9.8383, 1.8581],
	[9.7369, 8.0655],
	[5.8444, 9.8396],
	[7.8131, 9.7975]
  ]
]

Predicted M:[
  [
	[7.2213, 9.3289],
	[3.1689, 5.5022],
	[7.794, 6.5088],
	[7.9839, 3.4643],
	[2.8616, 1.195],
	[2.143, 8.6037],
	[7.217, 9.8199],
	[7.6697, 9.3782],
	[2.5259, 5.8407],
	[6.1075, 10.0482]
  ]
]

MSE: 0.193371
=========================================================
          Learning params for data #36
=========================================================
Actual Params: [14 0.06285 0.08092 0.6555 7 0.5]
Predicted Params: [14 0.06285 0.08092 0.6555 7 0.5]
Actual M:[
  [
	[7.436, 9.0092],
	[1.8927, 9.0194],
	[9.4693, 5.5304],
	[9.5829, 2.2516],
	[4.9412, 9.1937],
	[3.8295, 9.3461],
	[8.1355, 9.7556],
	[8.8252, 6.3236],
	[7.6832, 9.9469],
	[9.4777, 3.8991]
  ]
]

Predicted M:[
  [
	[7.0786, 8.8084],
	[4.8322, 4.4867],
	[6.6669, 3.1367],
	[8.7306, 2.8071],
	[5.1396, 8.9423],
	[3.9092, 4.6065],
	[7.8383, 8.8283],
	[6.3487, 6.3634],
	[5.3074, 4.429],
	[7.3622, 8.9023]
  ]
]

MSE: 0.149515
=========================================================
          Learning params for data #37
=========================================================
Actual Params: [14 0.06555 0.05651 0.9684 10 0.7]
Predicted Params: [14 0.06555 0.05651 0.9684 10 0.7]
Actual M:[
  [
	[8.5826, 1.3313],
	[3.6927, 3.2084],
	[6.6957, 8.1933],
	[7.2914, 8.7985],
	[7.4413, 9.6495],
	[7.6828, 8.8039],
	[8.0598, 5.575],
	[8.38, 7.4374],
	[5.459, 9.7161],
	[9.2898, 9.0054]
  ]
]

Predicted M:[
  [
	[3.8223, 4.6144],
	[1.6264, 5.7718],
	[4.2428, 2.1556],
	[2.9878, 4.6341],
	[1.5375, 1.1561],
	[4.8846, 7.1036],
	[2.4297, 7.6817],
	[1.4787, 1.2507],
	[2.5987, 4.2587],
	[11.145, 4.3386]
  ]
]

MSE: 0.007026
=========================================================
          Learning params for data #38
=========================================================
Actual Params: [14 0.04736 0.04274 1.021 14 0.7]
Predicted Params: [14 0.04736 0.04274 1.021 14 0.7]
Actual M:[
  [
	[9.6493, 5.6467],
	[3.3475, 8.0026],
	[8.612, 8.7781],
	[9.9036, 7.4234],
	[9.4993, 9.4411],
	[7.4478, 9.5729],
	[6.3826, 9.7054],
	[7.4893, 9.5955],
	[3.2038, 9.7965],
	[3.1913, 9.8386]
  ]
]

Predicted M:[
  [
	[3.3157, 3.0396],
	[6.694, 8.9562],
	[8.6927, 5.1552],
	[8.3574, 9.8209],
	[9.0522, 9.2059],
	[7.6334, 4.1715],
	[8.5167, 1.7414],
	[4.4833, 4.0502],
	[7.9506, 7.4121],
	[6.1962, 8.0668]
  ]
]

MSE: 0.009686
=========================================================
          Learning params for data #39
=========================================================
Actual Params: [11 0.0241 0.0415 0.5403 9 0.7]
Predicted Params: [11 0.0241 0.0415 0.5403 9 0.7]
Actual M:[
  [
	[5.3174, 6.541],
	[4.559, 8.2915],
	[9.3075, 6.8387],
	[1.7838, 8.8755],
	[9.8939, 6.2638],
	[6.6565, 7.9407],
	[9.6708, 8.8371],
	[1.3553, 9.5323],
	[9.9788, 6.403],
	[4.3456, 9.7865]
  ]
]

Predicted M:[
  [
	[6.9523, 5.7727],
	[2.5614, 5.8931],
	[2.3637, 3.6506],
	[7.4262, 5.5183],
	[6.8352, 7.9695],
	[6.5732, 1.0317],
	[10.2235, 3.1881],
	[2.221, 9.1277],
	[1.7272, 3.8856],
	[5.2977, 5.9518]
  ]
]

MSE: 0.038800
=========================================================
          Learning params for data #40
=========================================================
Actual Params: [12 0.02716 0.05083 0.9021 10 0.5]
Predicted Params: [12 0.02716 0.05083 0.9021 10 0.5]
Actual M:[
  [
	[5.9813, 8.857],
	[2.2906, 8.8794],
	[5.7801, 9.2351],
	[6.8266, 8.1632],
	[8.3478, 3.3778],
	[7.0269, 4.3874],
	[1.1117, 9.3171],
	[7.4206, 9.486],
	[4.8724, 9.627],
	[2.4466, 9.9203]
  ]
]

Predicted M:[
  [
	[9.9281, 2.3848],
	[3.5313, 10.1961],
	[4.8652, 4.5717],
	[8.6866, 7.8374],
	[8.5903, 8.7691],
	[4.4572, 2.9519],
	[7.8534, 9.2417],
	[4.6615, 1.0761],
	[6.6279, 9.8143],
	[9.4813, 5.6506]
  ]
]

MSE: 0.812840
=========================================================
          Learning params for data #41
=========================================================
Actual Params: [11 0.07186 0.04084 1.098 8 0.5]
Predicted Params: [11 0.07186 0.04084 1.098 8 0.5]
Actual M:[
  [
	[9.4966, 4.3923],
	[6.2062, 4.8216],
	[6.3076, 8.1085],
	[8.1104, 6.604],
	[9.4108, 4.5254],
	[7.7387, 6.7754],
	[8.546, 7.2982],
	[8.5477, 5.4762],
	[6.8012, 7.7912],
	[6.2507, 8.6474]
  ]
]

Predicted M:[
  [
	[6.1644, 5.234],
	[3.3463, 2.5163],
	[3.523, 4.346],
	[5.7979, 3.3226],
	[7.1769, 2.5336],
	[4.3374, 1.7045],
	[4.7293, 6.877],
	[5.728, 5.0219],
	[7.2589, 1.0515],
	[6.112, 5.8247]
  ]
]

MSE: 0.007219
=========================================================
          Learning params for data #42
=========================================================
Actual Params: [13 0.0218 0.09536 0.4639 9 0.3]
Predicted Params: [13 0.0218 0.09536 0.4639 9 0.3]
Actual M:[
  [
	[2.0279, 2.8171],
	[6.7757, 3.7702],
	[7.7594, 2.5341],
	[9.6663, 1.4961],
	[5.0725, 5.6776],
	[8.4876, 6.1199],
	[9.6807, 2.3055],
	[7.7952, 9.0043],
	[2.7536, 9.6323],
	[4.938, 9.9048]
  ]
]

Predicted M:[
  [
	[11.5475, 7.1426],
	[12.4042, 5.4032],
	[1.3503, 10.1313],
	[4.9744, 2.1986],
	[7.352, 6.8345],
	[8.5773, 9.5675],
	[5.1248, 3.8387],
	[4.5579, 7.414],
	[6.7465, 10.1089],
	[2.881, 7.0522]
  ]
]

MSE: 0.502000
=========================================================
          Learning params for data #43
=========================================================
Actual Params: [3 0.02769 0.03008 0.4205 13 0.5]
Predicted Params: [3 0.02769 0.03008 0.4205 13 0.5]
Actual M:[
  [
	[3.8144, 4.6965],
	[8.8908, 1.112],
	[6.1777, 2.8816],
	[2.577, 6.7038],
	[7.3534, 5.8311],
	[7.632, 1.9114],
	[7.9117, 4.3506],
	[9.7059, 7.4736],
	[9.0777, 8.8829],
	[7.79, 9.9332]
  ]
]

Predicted M:[
  [
	[1.7825, 1.3101],
	[1.0204, 5.492],
	[1.4895, 7.3922],
	[1.8683, 8.9978],
	[2.3473, 1.3274],
	[9.3636, 7.1776],
	[2.9126, 6.26],
	[9.8626, 6.5905],
	[3.1334, 10.9654],
	[3.08, 7.1077]
  ]
]

MSE: 0.382245
=========================================================
          Learning params for data #44
=========================================================
Actual Params: [13 0.02327 0.09667 0.8935 7 0.3]
Predicted Params: [13 0.02327 0.09667 0.8935 7 0.3]
Actual M:[
  [
	[5.6802, 8.4259],
	[9.5799, 8.8496],
	[8.6892, 9.7304],
	[9.3479, 9.3353],
	[7.3602, 9.9011],
	[8.8976, 9.573],
	[9.7032, 3.3236],
	[9.8005, 7.3767],
	[9.4917, 8.8788],
	[9.9483, 6.9635]
  ]
]

Predicted M:[
  [
	[5.0599, 8.1266],
	[10.22, 3.039],
	[7.8013, 8.524],
	[1.5211, 8.6086],
	[2.8976, 2.1311],
	[8.2645, 8.2378],
	[3.5849, 3.2177],
	[7.7755, 3.5484],
	[6.9572, 5.2676],
	[8.5507, 7.6328]
  ]
]

MSE: 0.319988
=========================================================
          Learning params for data #45
=========================================================
Actual Params: [11 0.03547 0.08622 0.2948 11 0.7]
Predicted Params: [11 0.03547 0.08622 0.2948 11 0.7]
Actual M:[
  [
	[1.0565, 8.2927],
	[2.2919, 7.231],
	[8.2918, 9.1729],
	[9.0298, 4.5772],
	[9.2428, 1.8416],
	[8.3467, 5.4678],
	[5.8844, 9.6688],
	[9.609, 3.1629],
	[9.1865, 8.2907],
	[1.8347, 9.6713]
  ]
]

Predicted M:[
  [
	[5.3461, 1.2821],
	[8.8843, 7.3921],
	[1.3641, 3.9766],
	[2.3377, 6.5692],
	[9.6736, 6.6862],
	[6.0358, 6.0445],
	[7.5995, 2.2097],
	[5.7537, 6.2998],
	[9.9793, 5.9982],
	[2.2114, 6.351]
  ]
]

MSE: 0.132296
=========================================================
          Learning params for data #46
=========================================================
Actual Params: [11 0.009663 0.02598 0.7814 6 0.7]
Predicted Params: [11 0.009663 0.02598 0.7814 6 0.7]
Actual M:[
  [
	[1.3496, 9.8356],
	[3.2454, 4.4705],
	[5.1364, 7.4988],
	[7.9945, 8.3358],
	[9.6129, 9.0904],
	[5.5272, 9.6729],
	[8.864, 9.5807],
	[9.6608, 1.2671],
	[9.8236, 7.4988],
	[9.905, 1.438]
  ]
]

Predicted M:[
  [
	[2.3445, 4.8013],
	[6.6877, 8.1562],
	[8.263, 4.558],
	[3.0456, 3.2564],
	[7.5417, 8.624],
	[8.4012, 4.656],
	[5.8333, 6.0641],
	[8.2994, 6.4781],
	[8.8436, 2.2058],
	[1.7599, 2.4197]
  ]
]

MSE: 0.082159
=========================================================
          Learning params for data #47
=========================================================
Actual Params: [2 0.08549 0.05217 1.021 10 0.5]
Predicted Params: [2 0.08549 0.05217 1.021 10 0.5]
Actual M:[
  [
	[6.4197, 8.5312],
	[7.2825, 2.4115],
	[7.4878, 7.4597],
	[9.4018, 3.7066],
	[9.3863, 8.8206],
	[4.5917, 9.1156],
	[9.9963, 2.8093],
	[9.673, 5.8576],
	[7.0466, 9.7278],
	[9.9488, 8.011]
  ]
]

Predicted M:[
  [
	[5.6135, 5.2006],
	[7.0976, 9.0364],
	[2.555, 8.6348],
	[2.9928, 6.3407],
	[3.6153, 2.2108],
	[4.7353, 1.2127],
	[7.9285, 8.4777],
	[5.9906, 5.7862],
	[8.65, 7.7258],
	[6.9083, 9.7942]
  ]
]

MSE: 0.187846
=========================================================
          Learning params for data #48
=========================================================
Actual Params: [10 0.02653 0.08072 0.1709 8 0.5]
Predicted Params: [10 0.02653 0.08072 0.1709 8 0.5]
Actual M:[
  [
	[1.6357, 3.0094],
	[3.2455, 7.5796],
	[9.2054, 7.2426],
	[5.8109, 8.4481],
	[2.4679, 8.8071],
	[4.2052, 9.8133],
	[9.9833, 9.1913],
	[3.7357, 9.874],
	[4.9578, 9.8616],
	[7.3678, 9.8414]
  ]
]

Predicted M:[
  [
	[5.2185, 4.725],
	[4.603, 6.6359],
	[4.5823, 4.7016],
	[8.7205, 7.6348],
	[6.5912, 7.0072],
	[9.4437, 7.033],
	[22.26, 3.9245],
	[5.6038, 7.0919],
	[6.1994, 3.1413],
	[10.7198, 8.4579]
  ]
]

MSE: 0.000011
=========================================================
          Learning params for data #49
=========================================================
Actual Params: [5 0.04857 0.07452 0.2358 13 0.7]
Predicted Params: [5 0.04857 0.07452 0.2358 13 0.7]
Actual M:[
  [
	[2.0403, 1.0533],
	[8.0891, 4.1329],
	[5.0303, 5.6275],
	[5.3532, 4.4438],
	[8.9783, 3.9755],
	[7.6454, 6.7226],
	[2.132, 8.9672],
	[9.5171, 2.0318],
	[9.347, 8.4904],
	[5.3884, 9.1597]
  ]
]

Predicted M:[
  [
	[7.967, 7.2982],
	[1.2563, 2.1036],
	[1.1958, 1.2105],
	[4.5123, 11.4721],
	[5.8427, 4.2641],
	[6.7826, 3.2379],
	[1.5595, 8.6006],
	[8.9955, 2.89],
	[3.9861, 5.1461],
	[5.3209, 4.4856]
  ]
]

MSE: 0.949562
=========================================================
          Learning params for data #50
=========================================================
Actual Params: [7 0.03631 0.003161 0.8192 11 0.7]
Predicted Params: [7 0.03631 0.003161 0.8192 11 0.7]
Actual M:[
  [
	[7.4161, 9.9921],
	[8.9057, 3.2043],
	[9.9986, 8.9739],
	[9.4435, 9.9927],
	[9.957, 9.1553],
	[9.6783, 9.4547],
	[9.9684, 9.7251],
	[9.6409, 9.7566],
	[9.5511, 9.9863],
	[9.7989, 9.7709]
  ]
]

Predicted M:[
  [
	[2.9509, 4.0099],
	[3.3385, 10.0506],
	[2.8631, 7.4675],
	[6.2764, 7.1102],
	[4.9725, 4.0045],
	[2.9797, 1.872],
	[6.3217, 8.19],
	[6.8643, 2.3929],
	[1.4731, 5.7787],
	[1.1315, 5.0369]
  ]
]

MSE: 0.129090


MSE list: [0.008424 0.03013 0.0001942 0.001083 0.05016 0.3255 0.2315 0.09803 0.389 0.0673 0.4889 0.02329 0.231 0.02684 0.004023 0.07543 0.1903 0.01463 1.087 0.4967 0.05619 0.01863 1.021 0.04528 0.4815 0.2806 0.1063 0.7454 0.001729 0.3175 0.00856 0.6302 0.225 0.02785 0.1934 0.1495 0.007026 0.009686 0.0388 0.8128 0.007219 0.502 0.3822 0.32 0.1323 0.08216 0.1878 1.064e-05 0.9496 0.1291]
MSE mean: 0.234159
MSE std: 0.286594
Time elapsed: 1193.344877
