set_nopts7_ncomb1_nproblem50_no7
Ns: 5000
=========================================================
          Learning params for data #1
=========================================================
Actual Params: [9 0.08845 0.01269 0.7495 13 0.5]
Predicted Params: [9 0.08845 0.01269 0.7495 13 0.5]
Actual M:[
  [
	[8.3384, 6.6246],
	[9.0311, 8.2617],
	[5.8427, 8.985],
	[8.3056, 8.5811],
	[9.4814, 8.4822],
	[2.2812, 9.7371],
	[4.4956, 9.9658]
  ]
]

Predicted M:[
  [
	[3.7221, 1.6254],
	[1.8348, 3.1934],
	[7.6072, 3.5951],
	[4.8312, 2.7339],
	[8.5576, 3.9916],
	[8.273, 1.5643],
	[4.1254, 5.2127]
  ]
]

MSE: 0.020852
=========================================================
          Learning params for data #2
=========================================================
Actual Params: [13 0.09238 0.04316 0.812 6 0.5]
Predicted Params: [13 0.09238 0.04316 0.812 6 0.5]
Actual M:[
  [
	[6.4494, 2.0486],
	[7.6849, 3.1943],
	[3.8657, 5.8926],
	[3.1969, 9.978],
	[3.3995, 8.0541],
	[3.9887, 4.2519],
	[7.3065, 4.5875]
  ]
]

Predicted M:[
  [
	[5.3149, 5.7602],
	[2.9928, 8.8931],
	[2.9026, 8.4983],
	[1.8395, 6.5707],
	[6.0655, 2.739],
	[5.882, 3.4975],
	[2.8584, 8.8226]
  ]
]

MSE: 0.450706
=========================================================
          Learning params for data #3
=========================================================
Actual Params: [11 0.03571 0.08154 0.9309 10 0.7]
Predicted Params: [11 0.03571 0.08154 0.9309 10 0.7]
Actual M:[
  [
	[1.9091, 8.2619],
	[2.2815, 3.5221],
	[9.129, 8.2068],
	[9.6532, 3.2659],
	[9.7142, 3.1291],
	[9.1961, 9.2166],
	[9.6592, 5.5104]
  ]
]

Predicted M:[
  [
	[8.2029, 8.5758],
	[7.476, 9.4022],
	[4.7712, 16.8967],
	[1.7515, 2.3569],
	[3.9312, 17.0197],
	[11.4196, 2.3549],
	[8.4918, 7.7921]
  ]
]

MSE: 0.045241
=========================================================
          Learning params for data #4
=========================================================
Actual Params: [4 0.0334 0.05484 1.088 14 0.5]
Predicted Params: [4 0.0334 0.05484 1.088 14 0.5]
Actual M:[
  [
	[1.3635, 7.7464],
	[9.6265, 3.7412],
	[9.228, 4.3235],
	[2.7763, 5.7233],
	[2.7564, 6.2784],
	[5.9492, 6.5055],
	[9.0981, 9.1746]
  ]
]

Predicted M:[
  [
	[1.3588, 9.4351],
	[2.734, 11.4007],
	[7.1092, 9.1766],
	[7.4131, 2.7436],
	[6.0945, 6.1991],
	[7.1238, 7.017],
	[3.6667, 19.0834]
  ]
]

MSE: 0.003644
=========================================================
          Learning params for data #5
=========================================================
Actual Params: [4 0.07021 0.06206 0.1474 12 0.7]
Predicted Params: [4 0.07021 0.06206 0.1474 12 0.7]
Actual M:[
  [
	[5.9261, 9.1951],
	[8.0791, 6.0702],
	[8.7482, 2.1189],
	[7.1712, 9.5301],
	[9.9228, 1.7002],
	[8.46, 6.8526],
	[8.8226, 6.4315]
  ]
]

Predicted M:[
  [
	[4.0705, 4.2387],
	[5.6679, 3.0458],
	[5.8705, 8.6514],
	[10.583, 2.5733],
	[5.3189, 1.333],
	[6.6734, 2.7627],
	[6.7617, 4.3884]
  ]
]

MSE: 0.331966
=========================================================
          Learning params for data #6
=========================================================
Actual Params: [12 0.05495 0.01709 1.006 14 0.3]
Predicted Params: [12 0.05495 0.01709 1.006 14 0.3]
Actual M:[
  [
	[2.079, 9.5406],
	[4.5526, 2.275],
	[6.0732, 7.1172],
	[8.899, 8.0485],
	[8.0595, 8.7356],
	[4.2658, 9.3739],
	[9.0519, 5.9403]
  ]
]

Predicted M:[
  [
	[3.0851, 6.5729],
	[5.2287, 5.7513],
	[8.5397, 2.945],
	[4.2524, 6.4688],
	[1.6406, 3.3265],
	[7.0457, 2.4369],
	[4.8025, 3.5028]
  ]
]

MSE: 0.291827
=========================================================
          Learning params for data #7
=========================================================
Actual Params: [2 0.0653 0.01866 0.447 5 0.7]
Predicted Params: [2 0.0653 0.01866 0.447 5 0.7]
Actual M:[
  [
	[5.1913, 1.8412],
	[3.2691, 4.9783],
	[9.6566, 6.7126],
	[6.7762, 9.6553],
	[7.1767, 9.0888],
	[9.7461, 9.7034],
	[6.3787, 9.7248]
  ]
]

Predicted M:[
  [
	[4.1995, 6.58],
	[7.0668, 3.5844],
	[4.3211, 2.0679],
	[4.7309, 4.2764],
	[3.7257, 8.4508],
	[7.3924, 7.8482],
	[5.2575, 3.0765]
  ]
]

MSE: 0.067391
=========================================================
          Learning params for data #8
=========================================================
Actual Params: [14 0.09268 0.02683 0.3334 5 0.7]
Predicted Params: [14 0.09268 0.02683 0.3334 5 0.7]
Actual M:[
  [
	[7.1217, 8.8047],
	[8.3548, 6.1959],
	[8.6426, 3.6607],
	[4.6388, 9.9604],
	[8.2461, 9.6935],
	[9.3047, 6.3959],
	[9.2035, 7.8609]
  ]
]

Predicted M:[
  [
	[6.5741, 2.7048],
	[5.0885, 7.4413],
	[5.591, 10.1978],
	[4.8669, 8.092],
	[7.2914, 5.3389],
	[7.5528, 9.4008],
	[8.4941, 6.7375]
  ]
]

MSE: 0.174040
=========================================================
          Learning params for data #9
=========================================================
Actual Params: [14 0.09798 0.01531 0.8346 11 0.7]
Predicted Params: [14 0.09798 0.01531 0.8346 11 0.7]
Actual M:[
  [
	[6.1814, 6.4384],
	[2.955, 6.5245],
	[1.5303, 9.6554],
	[7.6248, 8.4137],
	[3.5806, 8.5477],
	[6.9838, 9.4863],
	[8.0292, 4.0917]
  ]
]

Predicted M:[
  [
	[6.333, 4.8639],
	[4.5306, 8.3821],
	[8.6194, 3.2506],
	[8.8907, 5.6316],
	[8.4278, 4.9869],
	[6.764, 9.8812],
	[4.5606, 4.1283]
  ]
]

MSE: 0.068165
=========================================================
          Learning params for data #10
=========================================================
Actual Params: [4 0.07678 0.0106 1.06 13 0.3]
Predicted Params: [4 0.07678 0.0106 1.06 13 0.3]
Actual M:[
  [
	[2.4332, 2.7894],
	[9.1536, 1.9348],
	[4.0583, 7.4746],
	[1.5358, 9.6189],
	[6.5635, 3.1809],
	[9.8769, 2.9326],
	[6.6484, 9.2737]
  ]
]

Predicted M:[
  [
	[5.875, 7.3538],
	[9.4789, 2.5963],
	[6.3219, 1.9849],
	[4.4289, 4.4749],
	[3.695, 5.0193],
	[2.3485, 9.212],
	[3.0772, 9.9267]
  ]
]

MSE: 0.081456
=========================================================
          Learning params for data #11
=========================================================
Actual Params: [10 0.03969 0.04422 0.3435 12 0.3]
Predicted Params: [10 0.03969 0.04422 0.3435 12 0.3]
Actual M:[
  [
	[6.6696, 9.897],
	[7.8198, 1.3153],
	[7.0757, 5.3514],
	[7.8026, 7.4118],
	[9.4006, 3.0143],
	[8.4152, 3.3298],
	[6.6864, 9.444]
  ]
]

Predicted M:[
  [
	[51.0162, 1.2391],
	[14.9629, 4.2867],
	[2.9563, 5.8283],
	[3.5478, 5.7728],
	[1.0783, 2.1587],
	[2.6463, 5.8041],
	[2.4246, 6.4826]
  ]
]

MSE: 0.000038
=========================================================
          Learning params for data #12
=========================================================
Actual Params: [11 0.01028 0.04718 0.7117 11 0.7]
Predicted Params: [11 0.01028 0.04718 0.7117 11 0.7]
Actual M:[
  [
	[9.4865, 3.4334],
	[1.4923, 4.7865],
	[9.2403, 7.9594],
	[6.4152, 8.6678],
	[9.6163, 5.7209],
	[3.3612, 9.6351],
	[9.2049, 9.6154]
  ]
]

Predicted M:[
  [
	[9.4177, 1.1065],
	[4.6086, 9.0192],
	[3.5114, 3.076],
	[8.3187, 2.7052],
	[9.4196, 2.9432],
	[6.7424, 4.2149],
	[8.3975, 8.8]
  ]
]

MSE: 0.016941
=========================================================
          Learning params for data #13
=========================================================
Actual Params: [13 0.00558 0.08372 0.681 11 0.5]
Predicted Params: [13 0.00558 0.08372 0.681 11 0.5]
Actual M:[
  [
	[8.1267, 7.8191],
	[5.9622, 9.9699],
	[9.708, 8.335],
	[9.3349, 9.5001],
	[7.2942, 9.9719],
	[9.7403, 1.2148],
	[9.9279, 1.6471]
  ]
]

Predicted M:[
  [
	[6.0012, 7.0602],
	[7.7836, 7.5761],
	[4.7873, 8.7194],
	[15.2568, 1.3387],
	[2.3067, 9.0825],
	[4.53, 1.6031],
	[2.8573, 3.6986]
  ]
]

MSE: 0.000135
=========================================================
          Learning params for data #14
=========================================================
Actual Params: [2 0.04581 0.06838 0.5299 10 0.3]
Predicted Params: [2 0.04581 0.06838 0.5299 10 0.3]
Actual M:[
  [
	[2.5918, 6.3864],
	[5.3409, 7.1119],
	[6.1652, 7.2743],
	[1.5967, 9.2006],
	[9.0174, 2.6677],
	[5.2081, 8.7336],
	[9.7123, 6.521]
  ]
]

Predicted M:[
  [
	[7.659, 8.14],
	[7.1562, 8.3567],
	[1.1559, 6.4752],
	[3.7864, 2.2731],
	[10.1741, 5.9962],
	[3.137, 6.6439],
	[3.5116, 9.1423]
  ]
]

MSE: 0.305900
=========================================================
          Learning params for data #15
=========================================================
Actual Params: [11 0.0573 0.06613 0.2461 5 0.3]
Predicted Params: [11 0.0573 0.06613 0.2461 5 0.3]
Actual M:[
  [
	[1.7615, 4.9858],
	[1.7674, 8.958],
	[9.2877, 8.4573],
	[4.1108, 9.531],
	[5.6975, 9.7825],
	[9.5627, 6.3923],
	[5.8263, 9.9938]
  ]
]

Predicted M:[
  [
	[6.0752, 3.3288],
	[5.0483, 7.345],
	[9.943, 3.7475],
	[7.0051, 1.4915],
	[2.2511, 4.5995],
	[4.1274, 7.6719],
	[4.4628, 7.8523]
  ]
]

MSE: 0.005416
=========================================================
          Learning params for data #16
=========================================================
Actual Params: [14 0.09521 0.004684 0.733 9 0.7]
Predicted Params: [14 0.09521 0.004684 0.733 9 0.7]
Actual M:[
  [
	[7.0758, 5.0853],
	[9.1186, 3.7098],
	[1.8914, 8.1243],
	[8.1952, 9.1879],
	[6.0446, 9.8135],
	[8.3974, 4.4322],
	[9.9929, 6.6723]
  ]
]

Predicted M:[
  [
	[3.8917, 6.9794],
	[4.5837, 1.5734],
	[1.8128, 7.1687],
	[7.0773, 6.5167],
	[2.2915, 5.0007],
	[7.732, 2.6799],
	[8.7454, 4.073]
  ]
]

MSE: 0.004970
=========================================================
          Learning params for data #17
=========================================================
Actual Params: [11 0.02276 0.001354 1.038 7 0.7]
Predicted Params: [11 0.02276 0.001354 1.038 7 0.7]
Actual M:[
  [
	[7.346, 5.4834],
	[5.9174, 6.4583],
	[9.4361, 7.2771],
	[1.8248, 8.181],
	[8.5732, 8.2754],
	[4.8171, 9.4232],
	[6.1744, 9.9265]
  ]
]

Predicted M:[
  [
	[4.1637, 2.5057],
	[5.1092, 10.7118],
	[11.3052, 3.3282],
	[5.6954, 4.477],
	[4.6702, 4.0721],
	[2.6808, 11.2519],
	[1.8107, 5.1328]
  ]
]

MSE: 0.124228
=========================================================
          Learning params for data #18
=========================================================
Actual Params: [10 0.02557 0.03272 0.552 13 0.7]
Predicted Params: [10 0.02557 0.03272 0.552 13 0.7]
Actual M:[
  [
	[7.2779, 3.8582],
	[2.4906, 6.652],
	[5.2258, 8.3934],
	[5.4462, 4.689],
	[7.5353, 8.484],
	[9.6622, 6.1472],
	[9.7916, 9.1723]
  ]
]

Predicted M:[
  [
	[8.9282, 4.8839],
	[9.0615, 3.5483],
	[5.4352, 4.0549],
	[8.5741, 5.9464],
	[7.0751, 8.0027],
	[4.9895, 6.8645],
	[4.0846, 3.5866]
  ]
]

MSE: 1.087404
=========================================================
          Learning params for data #19
=========================================================
Actual Params: [9 0.03616 0.09655 0.2179 13 0.3]
Predicted Params: [9 0.03616 0.09655 0.2179 13 0.3]
Actual M:[
  [
	[7.2795, 1.1162],
	[9.4526, 6.1722],
	[8.3399, 7.5033],
	[9.6716, 3.8085],
	[7.4856, 9.8554],
	[9.8111, 4.2976],
	[9.1981, 7.286]
  ]
]

Predicted M:[
  [
	[7.7458, 7.5559],
	[2.427, 4.0003],
	[7.8468, 4.6239],
	[2.6957, 3.0805],
	[8.5516, 9.2002],
	[3.8566, 6.0159],
	[1.9359, 7.3519]
  ]
]

MSE: 0.000000
=========================================================
          Learning params for data #20
=========================================================
Actual Params: [14 0.04821 0.06736 0.7606 6 0.7]
Predicted Params: [14 0.04821 0.06736 0.7606 6 0.7]
Actual M:[
  [
	[3.3835, 2.3984],
	[9.5452, 3.9865],
	[7.5935, 9.1944],
	[1.7365, 9.7441],
	[4.3607, 9.9191],
	[9.2178, 9.6633],
	[9.659, 6.7313]
  ]
]

Predicted M:[
  [
	[7.1811, 1.8932],
	[4.0783, 10.1336],
	[5.2256, 3.47],
	[6.8146, 4.4924],
	[7.6985, 2.3363],
	[8.7293, 1.927],
	[5.5457, 9.8129]
  ]
]

MSE: 0.002443
=========================================================
          Learning params for data #21
=========================================================
Actual Params: [7 0.01756 0.05726 0.6271 12 0.7]
Predicted Params: [7 0.01756 0.05726 0.6271 12 0.7]
Actual M:[
  [
	[5.0715, 1.9369],
	[9.93, 4.3545],
	[9.1288, 5.01],
	[2.9174, 8.6802],
	[3.1428, 7.7344],
	[9.5994, 5.3972],
	[6.1784, 6.4163]
  ]
]

Predicted M:[
  [
	[6.5693, 8.6813],
	[8.2521, 9.0073],
	[8.0448, 4.8448],
	[6.204, 6.2578],
	[6.7215, 9.6419],
	[8.5078, 8.3787],
	[5.4919, 10.0862]
  ]
]

MSE: 0.000495
=========================================================
          Learning params for data #22
=========================================================
Actual Params: [7 0.09421 0.02245 0.6881 10 0.5]
Predicted Params: [7 0.09421 0.02245 0.6881 10 0.5]
Actual M:[
  [
	[7.7056, 3.5645],
	[8.8962, 5.1148],
	[8.274, 6.9964],
	[1.684, 8.5607],
	[2.9053, 7.8616],
	[9.7855, 6.5645],
	[8.5107, 8.4228]
  ]
]

Predicted M:[
  [
	[2.0988, 4.6273],
	[5.7083, 7.3097],
	[4.835, 1.5097],
	[1.3815, 3.3703],
	[6.7953, 6.5084],
	[11.3437, 1.7272],
	[5.7917, 11.5109]
  ]
]

MSE: 0.000838
=========================================================
          Learning params for data #23
=========================================================
Actual Params: [15 0.09168 0.08035 0.7381 13 0.5]
Predicted Params: [15 0.09168 0.08035 0.7381 13 0.5]
Actual M:[
  [
	[6.4394, 4.7887],
	[3.6252, 6.0406],
	[6.836, 7.8081],
	[8.9564, 2.9364],
	[8.9695, 8.6289],
	[9.466, 9.9791],
	[9.6769, 2.5487]
  ]
]

Predicted M:[
  [
	[3.5228, 7.7942],
	[2.7133, 4.6437],
	[1.4342, 7.4523],
	[4.1239, 4.3503],
	[5.5931, 2.9101],
	[5.0037, 9.7418],
	[1.513, 6.1327]
  ]
]

MSE: 0.000063
=========================================================
          Learning params for data #24
=========================================================
Actual Params: [8 0.09944 0.01657 0.5519 9 0.5]
Predicted Params: [8 0.09944 0.01657 0.5519 9 0.5]
Actual M:[
  [
	[6.8629, 5.9912],
	[8.6061, 7.9501],
	[8.8443, 8.1994],
	[1.381, 8.8954],
	[3.2482, 9.5236],
	[9.9832, 6.3665],
	[3.9924, 8.7212]
  ]
]

Predicted M:[
  [
	[1.2665, 11.5267],
	[8.0858, 7.9856],
	[5.4432, 11.5718],
	[8.3179, 6.3908],
	[1.5714, 6.2417],
	[4.001, 5.0769],
	[8.4937, 5.1972]
  ]
]

MSE: 0.216111
=========================================================
          Learning params for data #25
=========================================================
Actual Params: [15 0.06145 0.04393 0.2636 14 0.3]
Predicted Params: [15 0.06145 0.04393 0.2636 14 0.3]
Actual M:[
  [
	[7.5079, 6.4044],
	[9.3987, 6.386],
	[3.8668, 9.7191],
	[3.5788, 9.752],
	[7.1197, 6.6698],
	[5.0057, 7.3837],
	[8.1796, 6.9793]
  ]
]

Predicted M:[
  [
	[6.9076, 1.9488],
	[6.2811, 1.9612],
	[5.5781, 9.7791],
	[4.03, 1.9349],
	[4.1556, 2.4285],
	[5.9399, 7.4366],
	[1.2902, 9.8722]
  ]
]

MSE: 0.194366
=========================================================
          Learning params for data #26
=========================================================
Actual Params: [5 0.02763 0.09735 0.6474 7 0.7]
Predicted Params: [5 0.02763 0.09735 0.6474 7 0.7]
Actual M:[
  [
	[8.2617, 8.2137],
	[9.0082, 1.7286],
	[4.8846, 9.8796],
	[8.2116, 9.1359],
	[8.7794, 4.7894],
	[7.8923, 9.8488],
	[9.0321, 1.9294]
  ]
]

Predicted M:[
  [
	[1.0415, 2.8898],
	[6.876, 6.0018],
	[3.5524, 1.4492],
	[6.6575, 7.5323],
	[6.765, 3.8885],
	[7.2806, 7.0062],
	[4.9653, 2.728]
  ]
]

MSE: 0.015272
=========================================================
          Learning params for data #27
=========================================================
Actual Params: [9 0.05548 0.01914 0.5159 8 0.3]
Predicted Params: [9 0.05548 0.01914 0.5159 8 0.3]
Actual M:[
  [
	[4.9516, 4.7701],
	[9.7191, 4.8854],
	[8.5333, 9.2107],
	[9.9963, 1.3132],
	[9.6917, 9.7472],
	[3.2754, 9.8253],
	[7.0832, 9.8855]
  ]
]

Predicted M:[
  [
	[8.0628, 3.2757],
	[10.7599, 2.2315],
	[8.0302, 8.2651],
	[4.4804, 1.8443],
	[6.2359, 10.5573],
	[2.7822, 8.3063],
	[10.3006, 8.0333]
  ]
]

MSE: 0.021881
=========================================================
          Learning params for data #28
=========================================================
Actual Params: [14 0.008807 0.1003 0.9942 10 0.7]
Predicted Params: [14 0.008807 0.1003 0.9942 10 0.7]
Actual M:[
  [
	[6.3624, 4.7834],
	[5.3326, 8.3826],
	[8.7533, 3.1064],
	[5.7224, 8.4334],
	[7.7911, 8.9825],
	[9.9243, 4.7561],
	[8.6309, 7.7962]
  ]
]

Predicted M:[
  [
	[2.3417, 2.3074],
	[5.1551, 10.0473],
	[3.398, 5.8168],
	[7.5555, 3.4217],
	[3.6255, 6.5879],
	[8.0228, 9.113],
	[1.4211, 7.2425]
  ]
]

MSE: 0.055654
=========================================================
          Learning params for data #29
=========================================================
Actual Params: [11 0.09525 0.01116 0.1339 12 0.5]
Predicted Params: [11 0.09525 0.01116 0.1339 12 0.5]
Actual M:[
  [
	[4.8445, 1.6538],
	[2.2872, 5.5059],
	[8.8449, 6.566],
	[3.3074, 9.1376],
	[6.3627, 8.9299],
	[6.6026, 7.074],
	[9.9788, 5.9479]
  ]
]

Predicted M:[
  [
	[9.0773, 2.5757],
	[1.3781, 6.4893],
	[3.6295, 1.7289],
	[4.9191, 5.4622],
	[4.4364, 6.3133],
	[8.6744, 4.6293],
	[6.774, 8.5187]
  ]
]

MSE: 0.164138
=========================================================
          Learning params for data #30
=========================================================
Actual Params: [13 0.02844 0.08305 0.6406 10 0.5]
Predicted Params: [13 0.02844 0.08305 0.6406 10 0.5]
Actual M:[
  [
	[4.9992, 4.2144],
	[8.4933, 4.7592],
	[6.26, 9.5704],
	[8.5111, 2.2708],
	[9.9238, 8.7405],
	[8.2785, 8.9769],
	[8.4415, 9.7328]
  ]
]

Predicted M:[
  [
	[2.6778, 1.0831],
	[5.6478, 8.2599],
	[1.7837, 5.0167],
	[3.117, 3.9763],
	[8.6605, 8.307],
	[4.4129, 8.5978],
	[9.1508, 6.8584]
  ]
]

MSE: 0.005322
=========================================================
          Learning params for data #31
=========================================================
Actual Params: [8 0.06051 0.04321 0.9129 5 0.7]
Predicted Params: [8 0.06051 0.04321 0.9129 5 0.7]
Actual M:[
  [
	[3.6995, 3.1453],
	[8.0848, 7.6655],
	[6.9517, 8.4247],
	[5.4674, 9.7774],
	[2.9795, 9.9862],
	[9.4587, 4.9214],
	[8.1463, 6.7622]
  ]
]

Predicted M:[
  [
	[8.0075, 1.582],
	[8.4905, 3.0016],
	[3.0341, 4.5298],
	[7.8377, 4.7218],
	[3.546, 6.5681],
	[9.5269, 1.7723],
	[5.489, 4.6672]
  ]
]

MSE: 0.012927
=========================================================
          Learning params for data #32
=========================================================
Actual Params: [2 0.06817 0.06424 1.088 5 0.7]
Predicted Params: [2 0.06817 0.06424 1.088 5 0.7]
Actual M:[
  [
	[1.4704, 4.7254],
	[7.4178, 2.2857],
	[9.5247, 2.1585],
	[7.2195, 6.7343],
	[9.4141, 6.7134],
	[9.5387, 9.8133],
	[9.6364, 6.4308]
  ]
]

Predicted M:[
  [
	[7.751, 2.8705],
	[7.7334, 3.0928],
	[4.2825, 2.8696],
	[7.6001, 4.2221],
	[1.2952, 5.4661],
	[1.4126, 19.5799],
	[2.2892, 8.8026]
  ]
]

MSE: 0.183658
=========================================================
          Learning params for data #33
=========================================================
Actual Params: [15 0.0565 0.07152 0.611 8 0.7]
Predicted Params: [15 0.0565 0.07152 0.611 8 0.7]
Actual M:[
  [
	[5.8659, 9.5255],
	[8.6484, 3.9099],
	[8.5928, 4.7203],
	[7.2178, 5.5154],
	[8.1667, 9.0356],
	[4.4395, 9.532],
	[8.7217, 9.4473]
  ]
]

Predicted M:[
  [
	[7.2505, 8.6672],
	[7.3149, 8.6694],
	[3.5371, 2.8966],
	[8.2894, 6.4177],
	[8.8172, 3.5246],
	[6.3632, 1.4703],
	[5.0739, 5.3702]
  ]
]

MSE: 0.946523
=========================================================
          Learning params for data #34
=========================================================
Actual Params: [9 0.04467 0.03756 0.5957 11 0.5]
Predicted Params: [9 0.04467 0.03756 0.5957 11 0.5]
Actual M:[
  [
	[3.812, 9.3178],
	[5.1086, 7.8655],
	[6.6097, 1.2002],
	[4.9641, 9.5285],
	[8.9264, 2.0507],
	[5.7488, 8.6343],
	[8.4502, 8.0968]
  ]
]

Predicted M:[
  [
	[6.5084, 7.0892],
	[1.1082, 4.0419],
	[8.1727, 1.5161],
	[8.1572, 6.0045],
	[4.51, 7.5764],
	[8.2001, 2.6917],
	[1.2201, 15.4293]
  ]
]

MSE: 0.007290
=========================================================
          Learning params for data #35
=========================================================
Actual Params: [10 0.0778 0.07224 0.6405 8 0.7]
Predicted Params: [10 0.0778 0.07224 0.6405 8 0.7]
Actual M:[
  [
	[2.3142, 8.2104],
	[7.0627, 1.3387],
	[6.5594, 7.171],
	[7.9044, 3.5296],
	[7.9679, 4.8665],
	[7.3293, 5.7744],
	[9.8698, 5.5969]
  ]
]

Predicted M:[
  [
	[4.4541, 3.3277],
	[5.3153, 5.1117],
	[8.9914, 1.2536],
	[8.8696, 5.8458],
	[8.9767, 6.0704],
	[3.0498, 4.2515],
	[9.544, 18.4259]
  ]
]

MSE: 0.002162
=========================================================
          Learning params for data #36
=========================================================
Actual Params: [12 0.09929 0.001425 0.9583 10 0.3]
Predicted Params: [12 0.09929 0.001425 0.9583 10 0.3]
Actual M:[
  [
	[7.0182, 9.742],
	[7.7006, 7.0071],
	[8.1727, 8.3026],
	[8.8499, 8.6137],
	[7.9777, 9.9899],
	[9.2396, 5.6627],
	[9.4407, 4.5438]
  ]
]

Predicted M:[
  [
	[1.1406, 6.0524],
	[5.7541, 6.0003],
	[1.1814, 4.6451],
	[6.7372, 8.0337],
	[6.9817, 8.8966],
	[9.5132, 2.0353],
	[7.202, 4.2669]
  ]
]

MSE: 0.056600
=========================================================
          Learning params for data #37
=========================================================
Actual Params: [10 0.08421 0.0314 0.3706 7 0.7]
Predicted Params: [10 0.08421 0.0314 0.3706 7 0.7]
Actual M:[
  [
	[8.037, 6.547],
	[3.4511, 8.5496],
	[2.9552, 9.7267],
	[9.5572, 5.4546],
	[9.7481, 4.8056],
	[6.1639, 9.4673],
	[9.6701, 7.9961]
  ]
]

Predicted M:[
  [
	[3.352, 4.5721],
	[2.0067, 4.6227],
	[2.756, 4.0578],
	[2.6944, 3.8431],
	[1.787, 4.1091],
	[1.9119, 1.9571],
	[1.4803, 14.7185]
  ]
]

MSE: 0.061943
=========================================================
          Learning params for data #38
=========================================================
Actual Params: [9 0.02933 0.06389 1.016 12 0.3]
Predicted Params: [9 0.02933 0.06389 1.016 12 0.3]
Actual M:[
  [
	[1.9349, 8.7854],
	[3.7998, 7.4662],
	[4.5652, 8.569],
	[6.221, 6.2819],
	[9.7838, 9.3262],
	[6.9565, 9.7606],
	[7.0925, 9.5977]
  ]
]

Predicted M:[
  [
	[5.6363, 7.743],
	[3.8454, 7.3669],
	[8.0503, 1.902],
	[5.5311, 7.0396],
	[5.8654, 8.7361],
	[4.032, 6.8451],
	[8.3971, 5.6432]
  ]
]

MSE: 0.008316
=========================================================
          Learning params for data #39
=========================================================
Actual Params: [13 0.03246 0.0441 0.2898 8 0.7]
Predicted Params: [13 0.03246 0.0441 0.2898 8 0.7]
Actual M:[
  [
	[1.6237, 9.2367],
	[5.0696, 2.6172],
	[7.68, 8.3474],
	[3.6224, 9.8947],
	[9.5361, 6.8175],
	[3.9296, 9.8782],
	[8.8539, 8.5802]
  ]
]

Predicted M:[
  [
	[6.8733, 3.3614],
	[6.8757, 3.5799],
	[1.0553, 2.3577],
	[4.0734, 8.262],
	[2.9904, 7.5811],
	[2.4196, 3.0549],
	[6.5065, 6.2326]
  ]
]

MSE: 0.471197
=========================================================
          Learning params for data #40
=========================================================
Actual Params: [6 0.06493 0.07432 0.2991 8 0.7]
Predicted Params: [6 0.06493 0.07432 0.2991 8 0.7]
Actual M:[
  [
	[9.1619, 7.4839],
	[2.21, 9.5028],
	[3.4919, 8.9991],
	[2.4725, 9.9379],
	[5.1616, 9.3736],
	[9.8121, 1.7282],
	[9.3923, 3.305]
  ]
]

Predicted M:[
  [
	[7.3623, 10.5105],
	[3.0361, 1.0669],
	[6.2759, 1.1717],
	[5.8507, 6.6404],
	[8.5708, 8.2474],
	[9.932, 4.3853],
	[9.5737, 4.4386]
  ]
]

MSE: 0.005058
=========================================================
          Learning params for data #41
=========================================================
Actual Params: [9 0.07776 0.08397 0.154 11 0.5]
Predicted Params: [9 0.07776 0.08397 0.154 11 0.5]
Actual M:[
  [
	[6.762, 5.7099],
	[6.2168, 9.9366],
	[7.4759, 3.2298],
	[8.7234, 6.7565],
	[9.7655, 1.9233],
	[8.2147, 8.1387],
	[9.0781, 2.5042]
  ]
]

Predicted M:[
  [
	[2.1215, 3.4786],
	[1.6213, 11.6254],
	[8.4973, 3.0156],
	[5.1876, 3.2169],
	[1.3285, 11.0293],
	[1.7506, 8.4846],
	[5.1033, 8.7153]
  ]
]

MSE: 0.336628
=========================================================
          Learning params for data #42
=========================================================
Actual Params: [12 0.05991 0.01296 0.4551 14 0.3]
Predicted Params: [12 0.05991 0.01296 0.4551 14 0.3]
Actual M:[
  [
	[1.7153, 6.2184],
	[4.635, 3.9317],
	[6.4118, 8.2925],
	[1.2303, 9.5884],
	[8.4723, 3.6514],
	[8.4121, 8.6239],
	[8.8902, 1.8172]
  ]
]

Predicted M:[
  [
	[1.4248, 2.8278],
	[3.524, 2.4084],
	[5.0556, 7.0061],
	[7.7959, 6.0659],
	[2.6132, 6.3641],
	[1.2261, 9.8801],
	[2.8739, 3.5442]
  ]
]

MSE: 0.000267
=========================================================
          Learning params for data #43
=========================================================
Actual Params: [12 0.02384 0.08461 0.7719 13 0.7]
Predicted Params: [12 0.02384 0.08461 0.7719 13 0.7]
Actual M:[
  [
	[3.7464, 9.7592],
	[5.976, 3.2462],
	[9.4677, 5.5842],
	[9.2743, 9.5055],
	[9.8241, 4.6663],
	[9.5081, 7.4442],
	[9.9515, 4.4498]
  ]
]

Predicted M:[
  [
	[6.1058, 7.7381],
	[1.4151, 8.7172],
	[3.3168, 8.4706],
	[6.8875, 7.7205],
	[6.0678, 5.5091],
	[1.2952, 2.1857],
	[2.5397, 10.2137]
  ]
]

MSE: 0.018156
=========================================================
          Learning params for data #44
=========================================================
Actual Params: [4 0.0931 0.08943 0.7118 9 0.7]
Predicted Params: [4 0.0931 0.08943 0.7118 9 0.7]
Actual M:[
  [
	[7.77, 5.4646],
	[7.2231, 8.1471],
	[9.6986, 5.8738],
	[5.4694, 8.5525],
	[8.0851, 6.4214],
	[6.4549, 8.8254],
	[9.8533, 9.4871]
  ]
]

Predicted M:[
  [
	[6.3752, 2.0199],
	[5.8232, 2.2719],
	[6.7878, 5.9437],
	[3.5965, 2.0903],
	[3.54, 4.6602],
	[5.455, 8.1236],
	[6.4576, 11.227]
  ]
]

MSE: 0.000047
=========================================================
          Learning params for data #45
=========================================================
Actual Params: [13 0.03178 0.08184 1.069 6 0.5]
Predicted Params: [13 0.03178 0.08184 1.069 6 0.5]
Actual M:[
  [
	[2.0646, 3.5615],
	[3.992, 4.8405],
	[3.5253, 8.1686],
	[9.3009, 1.7367],
	[1.4109, 9.9802],
	[4.0407, 4.3455],
	[4.7119, 8.1897]
  ]
]

Predicted M:[
  [
	[1.3578, 5.5822],
	[4.3994, 4.5865],
	[4.6667, 2.7199],
	[4.3907, 11.6928],
	[9.8884, 6.1889],
	[8.5515, 5.6829],
	[4.8905, 6.4972]
  ]
]

MSE: 0.018773
=========================================================
          Learning params for data #46
=========================================================
Actual Params: [15 0.06552 0.07319 0.2152 14 0.5]
Predicted Params: [15 0.06552 0.07319 0.2152 14 0.5]
Actual M:[
  [
	[8.7656, 8.1312],
	[9.2817, 1.0305],
	[9.5698, 6.7826],
	[6.9531, 9.2279],
	[4.481, 9.8332],
	[9.844, 5.0633],
	[6.366, 9.2514]
  ]
]

Predicted M:[
  [
	[7.5167, 1.6439],
	[2.44, 7.4868],
	[2.92, 11.3841],
	[8.8371, 7.6181],
	[4.845, 6.8531],
	[1.0038, 4.7601],
	[2.705, 7.7411]
  ]
]

MSE: 0.119213
=========================================================
          Learning params for data #47
=========================================================
Actual Params: [1 0.04606 0.05703 0.184 13 0.5]
Predicted Params: [1 0.04606 0.05703 0.184 13 0.5]
Actual M:[
  [
	[7.4607, 3.9394],
	[7.9644, 6.7349],
	[8.78, 5.4182],
	[9.2775, 4.7186],
	[4.7755, 8.2747],
	[8.35, 7.8241],
	[6.9874, 9.6531]
  ]
]

Predicted M:[
  [
	[9.6008, 8.2393],
	[9.9842, 7.2612],
	[3.0408, 8.0944],
	[2.3654, 10.2427],
	[1.0115, 9.1721],
	[7.8977, 9.611],
	[1.306, 9.052]
  ]
]

MSE: 1.112632
=========================================================
          Learning params for data #48
=========================================================
Actual Params: [7 0.09463 0.07457 1.006 14 0.7]
Predicted Params: [7 0.09463 0.07457 1.006 14 0.7]
Actual M:[
  [
	[5.4755, 3.0316],
	[6.1536, 8.4096],
	[9.7452, 1.7649],
	[6.62, 6.3689],
	[2.3237, 9.5896],
	[8.2995, 5.9612],
	[6.2851, 9.2907]
  ]
]

Predicted M:[
  [
	[7.6177, 7.3473],
	[7.4162, 1.7628],
	[1.328, 19.0143],
	[8.1369, 4.8814],
	[3.0455, 5.1552],
	[7.6215, 3.0107],
	[8.7896, 3.1295]
  ]
]

MSE: 0.058685
=========================================================
          Learning params for data #49
=========================================================
Actual Params: [14 0.0194 0.08044 0.5369 9 0.5]
Predicted Params: [14 0.0194 0.08044 0.5369 9 0.5]
Actual M:[
  [
	[5.4184, 3.1609],
	[2.1143, 4.5906],
	[3.665, 8.2897],
	[5.4438, 8.4507],
	[7.8322, 5.1242],
	[9.7488, 3.0796],
	[8.0587, 9.5324]
  ]
]

Predicted M:[
  [
	[2.0023, 8.2396],
	[2.5549, 5.0848],
	[3.8203, 7.8968],
	[5.6762, 4.5839],
	[1.7735, 6.996],
	[1.0458, 5.2256],
	[6.8484, 6.7386]
  ]
]

MSE: 0.046972
=========================================================
          Learning params for data #50
=========================================================
Actual Params: [3 0.06843 0.08593 1.035 13 0.5]
Predicted Params: [3 0.06843 0.08593 1.035 13 0.5]
Actual M:[
  [
	[9.7138, 2.1185],
	[5.8658, 5.8989],
	[8.4842, 3.6228],
	[8.3593, 9.9277],
	[9.3835, 4.9459],
	[9.7025, 7.1702],
	[8.4297, 7.2125]
  ]
]

Predicted M:[
  [
	[3.6493, 1.1518],
	[5.808, 8.7904],
	[6.6879, 7.9341],
	[3.9823, 19.3347],
	[1.5533, 5.9575],
	[8.6889, 2.3039],
	[7.0939, 6.7027]
  ]
]

MSE: 0.000143


MSE list: [0.02085 0.4507 0.04524 0.003644 0.332 0.2918 0.06739 0.174 0.06816 0.08146 3.764e-05 0.01694 0.0001349 0.3059 0.005416 0.00497 0.1242 1.087 0 0.002443 0.0004946 0.000838 6.342e-05 0.2161 0.1944 0.01527 0.02188 0.05565 0.1641 0.005322 0.01293 0.1837 0.9465 0.00729 0.002162 0.0566 0.06194 0.008316 0.4712 0.005058 0.3366 0.0002675 0.01816 4.686e-05 0.01877 0.1192 1.113 0.05868 0.04697 0.000143]
MSE mean: 0.144482
MSE std: 0.261130
Time elapsed: 857.400071
