set_nopts10_ncomb10_nproblem50_no3
Ns: 5000
=========================================================
          Learning params for data #1
=========================================================
Actual Params: [4 0.08195 0.09757 0.5911 9 0.5]
Predicted Params: [4 0.08195 0.09757 0.5911 9 0.5]
Actual M:[
  [
	[4.0963, 6.0505],
	[6.3312, 7.8014],
	[9.2459, 5.7974],
	[9.4372, 5.1602],
	[8.2396, 8.3569],
	[7.6789, 8.9839],
	[6.8965, 9.7848],
	[9.9344, 6.4258],
	[3.0187, 9.9426],
	[9.4245, 8.5727]
  ]
]

Predicted M:[
  [
	[7.9311, 1.5647],
	[3.9613, 8.0233],
	[4.1102, 6.9891],
	[10.9748, 4.7308],
	[3.6635, 4.7235],
	[5.6106, 7.2801],
	[6.0505, 10.9238],
	[5.0488, 1.7511],
	[5.7096, 9.9841],
	[2.1282, 24.3336]
  ]
]

MSE: 0.193858
=========================================================
          Learning params for data #2
=========================================================
Actual Params: [4 0.05478 0.08021 1.05 11 0.5]
Predicted Params: [4 0.05478 0.08021 1.05 11 0.5]
Actual M:[
  [
	[6.7343, 7.3729],
	[2.6747, 9.921],
	[7.2796, 9.179],
	[9.7137, 1.9879],
	[8.2864, 6.7822],
	[8.9934, 3.4577],
	[9.5112, 6.1099],
	[9.1446, 9.0532],
	[9.9542, 3.9488],
	[4.6362, 9.5128]
  ]
]

Predicted M:[
  [
	[5.2841, 4.9142],
	[6.1329, 4.0531],
	[5.1049, 6.5553],
	[5.2336, 5.1854],
	[12.7599, 1.6722],
	[2.0621, 7.2827],
	[6.3894, 8.9064],
	[11.359, 8.3363],
	[2.4744, 8.2506],
	[9.6663, 4.4645]
  ]
]

MSE: 0.012748
=========================================================
          Learning params for data #3
=========================================================
Actual Params: [15 0.0128 0.04945 0.2845 9 0.5]
Predicted Params: [15 0.0128 0.04945 0.2845 9 0.5]
Actual M:[
  [
	[1.5905, 9.9711],
	[9.1674, 5.9067],
	[2.7067, 9.7858],
	[9.7023, 8.9863],
	[7.9506, 9.1919],
	[7.6784, 9.8689],
	[9.7368, 5.276],
	[9.8167, 5.7118],
	[9.7405, 9.2085],
	[9.7953, 9.8438]
  ]
]

Predicted M:[
  [
	[5.0045, 4.9281],
	[2.0061, 5.8866],
	[4.1279, 1.549],
	[6.0493, 8.7116],
	[6.2235, 5.3478],
	[2.6939, 6.5142],
	[3.3039, 4.3627],
	[2.1158, 3.6476],
	[7.5563, 8.5959],
	[11.6748, 9.8637]
  ]
]

MSE: 0.000272
=========================================================
          Learning params for data #4
=========================================================
Actual Params: [4 0.08485 0.0734 0.9041 6 0.3]
Predicted Params: [4 0.08485 0.0734 0.9041 6 0.3]
Actual M:[
  [
	[4.4171, 2.1198],
	[3.9967, 9.1763],
	[4.9413, 2.07],
	[5.054, 3.7894],
	[5.8497, 4.8439],
	[6.7614, 7.0438],
	[8.6361, 9.6086],
	[6.4161, 9.8713],
	[9.9594, 1.5728],
	[4.9195, 9.8884]
  ]
]

Predicted M:[
  [
	[6.0246, 4.1485],
	[7.3171, 5.2875],
	[6.1483, 3.8963],
	[5.6338, 4.5835],
	[5.8802, 3.15],
	[1.3224, 3.2812],
	[3.7095, 8.6645],
	[24.7144, 3.4987],
	[5.2144, 1.3848],
	[9.1656, 5.1384]
  ]
]

MSE: 0.052666
=========================================================
          Learning params for data #5
=========================================================
Actual Params: [15 0.09257 0.08147 0.9089 9 0.7]
Predicted Params: [15 0.09257 0.08147 0.9089 9 0.7]
Actual M:[
  [
	[9.2732, 8.2313],
	[1.4689, 8.4913],
	[6.8122, 8.61],
	[8.9142, 8.3466],
	[9.6175, 9.2304],
	[9.6242, 8.2824],
	[9.9857, 7.3787],
	[7.8112, 9.3246],
	[6.6639, 9.655],
	[8.0321, 9.4591]
  ]
]

Predicted M:[
  [
	[7.5021, 1.4547],
	[1.5823, 6.0513],
	[4.0754, 5.211],
	[6.0777, 4.3713],
	[6.0412, 20.1277],
	[7.1732, 3.4706],
	[8.1795, 10.293],
	[6.7543, 3.5674],
	[5.493, 1.1048],
	[4.0917, 8.1781]
  ]
]

MSE: 0.059756
=========================================================
          Learning params for data #6
=========================================================
Actual Params: [3 0.04228 0.06997 0.949 12 0.5]
Predicted Params: [3 0.04228 0.06997 0.949 12 0.5]
Actual M:[
  [
	[9.135, 9.2024],
	[4.4474, 9.9568],
	[9.2727, 7.5301],
	[7.6485, 9.2977],
	[9.4641, 7.8764],
	[9.587, 3.2726],
	[9.6183, 3.1238],
	[9.7511, 8.0505],
	[9.1835, 9.211],
	[7.517, 9.7021]
  ]
]

Predicted M:[
  [
	[6.8916, 9.5877],
	[5.2095, 4.3664],
	[10.2067, 9.2111],
	[5.2013, 4.7105],
	[7.5009, 2.5582],
	[3.4276, 5.927],
	[6.3234, 3.1982],
	[3.4984, 6.4248],
	[11.2525, 6.05],
	[3.2297, 3.483]
  ]
]

MSE: 0.148981
=========================================================
          Learning params for data #7
=========================================================
Actual Params: [11 0.04548 0.06449 0.2299 9 0.3]
Predicted Params: [11 0.04548 0.06449 0.2299 9 0.3]
Actual M:[
  [
	[4.3751, 3.8939],
	[2.9486, 7.1338],
	[5.8548, 2.1148],
	[5.8871, 5.3111],
	[9.9278, 2.3446],
	[9.4817, 3.0213],
	[7.291, 4.3545],
	[4.2291, 5.7589],
	[4.0295, 9.2397],
	[7.3097, 9.5105]
  ]
]

Predicted M:[
  [
	[6.396, 1.3757],
	[1.2389, 6.66],
	[2.5436, 4.1084],
	[4.5103, 8.1086],
	[10.2591, 1.122],
	[5.6667, 3.7619],
	[1.371, 1.1685],
	[6.0783, 4.7358],
	[4.998, 8.1401],
	[14.3584, 4.4902]
  ]
]

MSE: 0.168868
=========================================================
          Learning params for data #8
=========================================================
Actual Params: [1 0.06343 0.07812 0.5417 13 0.7]
Predicted Params: [1 0.06343 0.07812 0.5417 13 0.7]
Actual M:[
  [
	[3.3176, 1.1029],
	[7.2687, 4.7944],
	[4.9076, 8.7273],
	[9.1444, 5.1049],
	[8.7741, 5.9251],
	[6.0114, 7.6371],
	[3.6791, 9.4685],
	[8.4845, 9.9231],
	[9.5217, 1.5707],
	[9.6966, 1.0798]
  ]
]

Predicted M:[
  [
	[8.5713, 4.4407],
	[4.6311, 7.5236],
	[5.9561, 4.9718],
	[5.3299, 8.4631],
	[7.6202, 4.4168],
	[8.0633, 5.7622],
	[2.7443, 4.6775],
	[11.6189, 1.6992],
	[1.6935, 1.0174],
	[6.6199, 4.5933]
  ]
]

MSE: 0.176408
=========================================================
          Learning params for data #9
=========================================================
Actual Params: [9 0.02901 0.09529 0.8832 8 0.5]
Predicted Params: [9 0.02901 0.09529 0.8832 8 0.5]
Actual M:[
  [
	[1.5671, 5.9664],
	[6.9218, 2.9782],
	[4.148, 3.8713],
	[5.9933, 9.1074],
	[6.1957, 6.2379],
	[9.5351, 5.5835],
	[8.2916, 9.6688],
	[9.3472, 8.7486],
	[1.7624, 9.9309],
	[5.6519, 9.8808]
  ]
]

Predicted M:[
  [
	[4.5108, 2.2397],
	[2.6282, 2.2692],
	[1.5327, 5.1825],
	[6.0714, 6.264],
	[4.9791, 5.5718],
	[4.5783, 7.5528],
	[10.8773, 8.824],
	[9.4826, 5.919],
	[5.4012, 7.1037],
	[11.1549, 4.5365]
  ]
]

MSE: 0.005144
=========================================================
          Learning params for data #10
=========================================================
Actual Params: [5 0.06379 0.05126 0.1662 10 0.3]
Predicted Params: [5 0.06379 0.05126 0.1662 10 0.3]
Actual M:[
  [
	[2.433, 2.9369],
	[3.6207, 2.3537],
	[6.4431, 3.7971],
	[9.2466, 7.9069],
	[2.1211, 8.5023],
	[8.6308, 9.4279],
	[9.655, 7.6183],
	[3.7184, 9.5209],
	[9.7846, 7.6528],
	[5.3947, 9.8145]
  ]
]

Predicted M:[
  [
	[6.2758, 7.2861],
	[9.7113, 3.4736],
	[4.8608, 1.1422],
	[4.621, 5.4936],
	[6.1954, 7.8493],
	[2.9153, 6.0411],
	[6.4304, 7.0058],
	[8.7992, 6.3618],
	[6.807, 7.8895],
	[7.9168, 7.7683]
  ]
]

MSE: 0.412050
=========================================================
          Learning params for data #11
=========================================================
Actual Params: [11 0.00889 0.05007 0.5267 12 0.3]
Predicted Params: [11 0.00889 0.05007 0.5267 12 0.3]
Actual M:[
  [
	[5.3504, 7.56],
	[2.8981, 9.2287],
	[9.9565, 6.2901],
	[2.0585, 9.9205],
	[4.9199, 8.2468],
	[9.4596, 6.6704],
	[7.2906, 9.0198],
	[8.5428, 9.0861],
	[3.3942, 9.9731],
	[6.0585, 9.9145]
  ]
]

Predicted M:[
  [
	[7.0255, 6.3849],
	[1.047, 5.7396],
	[3.1911, 6.0016],
	[2.4262, 8.2804],
	[9.9407, 3.9213],
	[9.2786, 1.5267],
	[4.8206, 11.0852],
	[6.0195, 8.8579],
	[7.7278, 9.2549],
	[5.069, 4.832]
  ]
]

MSE: 0.341132
=========================================================
          Learning params for data #12
=========================================================
Actual Params: [6 0.07566 0.0489 0.7122 13 0.7]
Predicted Params: [6 0.07566 0.0489 0.7122 13 0.7]
Actual M:[
  [
	[1.9976, 4.3537],
	[8.8751, 2.3499],
	[3.9547, 4.8242],
	[6.2151, 3.9795],
	[1.3139, 5.4021],
	[6.1636, 4.6709],
	[5.8229, 5.7324],
	[9.7859, 7.7464],
	[7.4552, 9.7029],
	[5.5413, 9.9626]
  ]
]

Predicted M:[
  [
	[2.9094, 5.3008],
	[7.1715, 4.479],
	[6.0096, 2.5606],
	[1.5434, 7.1129],
	[3.8982, 8.5109],
	[3.9683, 9.5269],
	[4.6701, 6.8937],
	[6.5099, 12.2541],
	[1.2314, 8.748],
	[10.577, 3.559]
  ]
]

MSE: 0.339726
=========================================================
          Learning params for data #13
=========================================================
Actual Params: [6 0.07823 0.04219 0.5308 12 0.3]
Predicted Params: [6 0.07823 0.04219 0.5308 12 0.3]
Actual M:[
  [
	[9.7773, 3.0348],
	[8.0872, 5.683],
	[9.9936, 4.2434],
	[2.3016, 9.984],
	[9.2913, 6.6934],
	[7.1377, 8.9318],
	[9.0355, 9.9556],
	[9.2171, 8.8484],
	[9.4125, 7.2323],
	[9.2636, 9.038]
  ]
]

Predicted M:[
  [
	[6.6108, 4.3878],
	[7.4643, 4.0176],
	[9.713, 17.4645],
	[7.6799, 6.0529],
	[5.4992, 5.9005],
	[6.0011, 6.0072],
	[1.0197, 4.5531],
	[14.9216, 3.3222],
	[2.9977, 6.7167],
	[2.3125, 2.5268]
  ]
]

MSE: 0.975209
=========================================================
          Learning params for data #14
=========================================================
Actual Params: [8 0.08635 0.07883 0.5578 14 0.7]
Predicted Params: [8 0.08635 0.07883 0.5578 14 0.7]
Actual M:[
  [
	[1.94, 2.9452],
	[4.7831, 2.2752],
	[7.8666, 8.5852],
	[4.1985, 8.9253],
	[8.5336, 4.8519],
	[8.99, 9.1218],
	[9.4735, 9.7943],
	[9.9938, 7.2746],
	[9.9149, 9.7494],
	[9.5515, 9.8822]
  ]
]

Predicted M:[
  [
	[2.5528, 6.242],
	[3.0266, 2.7492],
	[6.7987, 5.2778],
	[2.481, 8.3441],
	[8.2571, 4.0533],
	[7.142, 4.7984],
	[9.4454, 1.7464],
	[7.8002, 5.0904],
	[8.9378, 10.5848],
	[6.4548, 2.9084]
  ]
]

MSE: 0.226474
=========================================================
          Learning params for data #15
=========================================================
Actual Params: [9 0.03675 0.08249 0.7601 11 0.3]
Predicted Params: [9 0.03675 0.08249 0.7601 11 0.3]
Actual M:[
  [
	[1.1569, 8.4168],
	[6.1237, 7.8803],
	[6.2765, 2.1063],
	[9.2535, 4.9022],
	[9.6339, 2.2835],
	[9.3638, 6.8707],
	[3.5657, 9.8037],
	[4.647, 9.3446],
	[7.8016, 9.1252],
	[9.6075, 8.7756]
  ]
]

Predicted M:[
  [
	[5.7985, 2.7749],
	[2.8906, 5.1959],
	[4.7881, 8.7127],
	[11.9313, 5.1475],
	[1.2152, 6.2196],
	[4.8714, 5.9832],
	[6.1396, 11.6859],
	[5.8555, 9.435],
	[1.1663, 7.7345],
	[2.5457, 22.5476]
  ]
]

MSE: 0.157180
=========================================================
          Learning params for data #16
=========================================================
Actual Params: [1 0.01996 0.06604 0.2037 7 0.7]
Predicted Params: [1 0.01996 0.06604 0.2037 7 0.7]
Actual M:[
  [
	[4.8253, 6.0379],
	[6.3306, 7.159],
	[8.6085, 9.1161],
	[9.1125, 6.519],
	[2.4263, 9.4276],
	[9.8707, 5.087],
	[2.7673, 9.2116],
	[3.1697, 9.8925],
	[4.0153, 9.783],
	[8.1859, 9.6695]
  ]
]

Predicted M:[
  [
	[3.4796, 5.7415],
	[2.3281, 12.9573],
	[6.0516, 17.6895],
	[8.253, 2.4239],
	[2.9871, 2.4939],
	[10.9886, 1.3087],
	[3.9318, 4.4608],
	[3.7348, 3.2625],
	[1.8007, 3.5807],
	[7.1795, 13.3208]
  ]
]

MSE: 0.031596
=========================================================
          Learning params for data #17
=========================================================
Actual Params: [11 0.02069 0.05158 0.734 8 0.5]
Predicted Params: [11 0.02069 0.05158 0.734 8 0.5]
Actual M:[
  [
	[6.6601, 7.1867],
	[3.454, 9.0753],
	[4.1707, 8.8862],
	[8.731, 7.3584],
	[9.9313, 4.1016],
	[5.2284, 9.1148],
	[8.4186, 8.7029],
	[8.1368, 8.776],
	[8.4738, 8.8585],
	[9.6344, 5.6767]
  ]
]

Predicted M:[
  [
	[1.5813, 3.8698],
	[6.4953, 6.6706],
	[5.2483, 0.9067],
	[11.4613, 2.7126],
	[2.1106, 10.5496],
	[5.704, 1.0421],
	[7.2856, 8.0507],
	[1.9699, 11.12],
	[60.2533, 1.2669],
	[2.4152, 7.45]
  ]
]

MSE: 0.020588
=========================================================
          Learning params for data #18
=========================================================
Actual Params: [8 0.05927 0.06886 0.1801 5 0.3]
Predicted Params: [8 0.05927 0.06886 0.1801 5 0.3]
Actual M:[
  [
	[7.3166, 7.5407],
	[8.4856, 2.7111],
	[5.8209, 7.9664],
	[9.1702, 7.2299],
	[8.8299, 9.4288],
	[4.2006, 9.4313],
	[6.4765, 9.6412],
	[9.85, 1.0292],
	[6.6157, 9.958],
	[9.9539, 5.654]
  ]
]

Predicted M:[
  [
	[8.8819, 5.7698],
	[6.6822, 7.1319],
	[3.225, 7.9882],
	[1.4253, 4.8856],
	[4.0148, 11.7489],
	[4.1657, 4.5279],
	[3.2116, 5.6866],
	[4.6741, 1.765],
	[19.0087, 7.5975],
	[7.0074, 6.372]
  ]
]

MSE: 0.363018
=========================================================
          Learning params for data #19
=========================================================
Actual Params: [8 0.02721 0.0318 0.2836 7 0.3]
Predicted Params: [8 0.02721 0.0318 0.2836 7 0.3]
Actual M:[
  [
	[6.0767, 1.1728],
	[7.8382, 4.2939],
	[4.4303, 6.7131],
	[9.5064, 9.4377],
	[9.6244, 5.3946],
	[5.4768, 9.7654],
	[9.9797, 8.2151],
	[4.2183, 9.7674],
	[9.3417, 9.9044],
	[9.9381, 9.3301]
  ]
]

Predicted M:[
  [
	[6.8606, 4.7057],
	[4.5042, 6.8178],
	[1.2924, 1.9904],
	[9.504, 8.9496],
	[4.1765, 2.0904],
	[1.7626, 5.5245],
	[3.4599, 4.9455],
	[10.8003, 7.1691],
	[5.2457, 35.5309],
	[8.3375, 13.9588]
  ]
]

MSE: 0.033829
=========================================================
          Learning params for data #20
=========================================================
Actual Params: [9 0.09981 0.04111 0.3856 11 0.3]
Predicted Params: [9 0.09981 0.04111 0.3856 11 0.3]
Actual M:[
  [
	[7.8042, 8.4463],
	[4.6965, 8.9039],
	[9.7966, 2.7727],
	[8.141, 5.8051],
	[9.0206, 8.0465],
	[9.8298, 1.8382],
	[9.111, 7.0718],
	[1.8086, 9.5873],
	[1.961, 8.9583],
	[5.65, 9.7018]
  ]
]

Predicted M:[
  [
	[7.2581, 8.4809],
	[5.8804, 2.4627],
	[6.2277, 5.2635],
	[7.2712, 4.7886],
	[12.6239, 6.2241],
	[6.1284, 4.2936],
	[1.4224, 8.5224],
	[3.659, 7.9631],
	[2.605, 1.7888],
	[9.611, 8.4435]
  ]
]

MSE: 0.154050
=========================================================
          Learning params for data #21
=========================================================
Actual Params: [4 0.07155 0.09089 0.4767 10 0.5]
Predicted Params: [4 0.07155 0.09089 0.4767 10 0.5]
Actual M:[
  [
	[8.3575, 5.2458],
	[2.0119, 8.3778],
	[4.6709, 9.5839],
	[7.8, 8.2432],
	[9.2228, 6.2245],
	[8.3986, 6.432],
	[9.6401, 5.6774],
	[5.8743, 9.152],
	[9.7726, 4.8813],
	[9.7478, 9.3844]
  ]
]

Predicted M:[
  [
	[5.7992, 5.8283],
	[9.1457, 1.3649],
	[1.769, 8.6223],
	[4.6703, 7.6268],
	[9.51, 1.0904],
	[9.017, 2.1397],
	[6.6899, 8.5367],
	[4.4815, 7.8118],
	[8.1274, 4.6239],
	[1.4297, 3.2126]
  ]
]

MSE: 0.790993
=========================================================
          Learning params for data #22
=========================================================
Actual Params: [5 0.03971 0.04737 0.3478 9 0.3]
Predicted Params: [5 0.03971 0.04737 0.3478 9 0.3]
Actual M:[
  [
	[8.0422, 3.8482],
	[9.3391, 4.3346],
	[1.8766, 6.0292],
	[9.2321, 7.4829],
	[9.8291, 2.3392],
	[3.5056, 9.5654],
	[4.6323, 8.1067],
	[5.8589, 7.7241],
	[8.7712, 8.3577],
	[6.5515, 8.7919]
  ]
]

Predicted M:[
  [
	[1.4513, 4.0201],
	[1.2217, 6.7337],
	[2.6546, 5.8845],
	[5.8093, 4.1184],
	[17.1493, 2.9656],
	[1.6357, 6.2503],
	[2.6829, 2.6031],
	[5.1343, 3.7858],
	[21.6195, 8.7849],
	[6.146, 4.1564]
  ]
]

MSE: 0.003464
=========================================================
          Learning params for data #23
=========================================================
Actual Params: [2 0.01625 0.09798 0.4466 14 0.3]
Predicted Params: [2 0.01625 0.09798 0.4466 14 0.3]
Actual M:[
  [
	[7.2107, 7.6033],
	[2.6591, 9.6341],
	[9.7709, 3.7391],
	[7.9216, 3.9315],
	[3.5333, 7.6121],
	[7.8227, 6.0147],
	[2.9361, 8.5804],
	[8.9718, 6.6327],
	[7.8423, 7.0705],
	[8.0623, 8.411]
  ]
]

Predicted M:[
  [
	[3.7172, 3.4228],
	[3.8267, 7.5473],
	[8.9604, 5.4972],
	[2.1027, 6.1557],
	[5.9329, 2.4914],
	[8.265, 4.8647],
	[2.7915, 8.7049],
	[8.4336, 5.8014],
	[6.0385, 4.9752],
	[1.0384, 31.0847]
  ]
]

MSE: 0.021191
=========================================================
          Learning params for data #24
=========================================================
Actual Params: [12 0.01007 0.03969 0.6562 11 0.5]
Predicted Params: [12 0.01007 0.03969 0.6562 11 0.5]
Actual M:[
  [
	[9.9859, 5.8965],
	[2.4476, 6.1098],
	[2.2579, 8.3098],
	[5.3274, 9.0262],
	[9.9082, 8.64],
	[9.8899, 9.9335],
	[9.748, 9.9537],
	[9.9642, 8.0922],
	[7.8854, 9.9961],
	[8.8627, 9.9612]
  ]
]

Predicted M:[
  [
	[1.655, 6.4834],
	[4.6121, 1.7919],
	[2.1757, 7.1573],
	[4.3779, 3.6886],
	[4.6548, 2.0078],
	[18.3064, 4.4429],
	[13.7926, 10.2177],
	[2.6072, 6.0306],
	[3.0831, 5.6833],
	[1.3518, 7.4782]
  ]
]

MSE: 0.003058
=========================================================
          Learning params for data #25
=========================================================
Actual Params: [11 0.07053 0.05567 0.8945 8 0.3]
Predicted Params: [11 0.07053 0.05567 0.8945 8 0.3]
Actual M:[
  [
	[6.0245, 9.1539],
	[6.8328, 8.9953],
	[7.0369, 3.3334],
	[9.6932, 6.0546],
	[9.8772, 6.0519],
	[7.8361, 7.9373],
	[6.4058, 9.4293],
	[8.9918, 6.4765],
	[9.5709, 7.1505],
	[9.912, 2.1567]
  ]
]

Predicted M:[
  [
	[5.7327, 7.1323],
	[7.9146, 9.9326],
	[7.8319, 3.6436],
	[4.7383, 4.7316],
	[5.4123, 9.9155],
	[9.507, 8.1974],
	[13.6353, 5.8173],
	[4.6076, 5.621],
	[4.1276, 6.5621],
	[4.617, 5.7003]
  ]
]

MSE: 0.123850
=========================================================
          Learning params for data #26
=========================================================
Actual Params: [12 0.03329 0.08987 0.2178 5 0.3]
Predicted Params: [12 0.03329 0.08987 0.2178 5 0.3]
Actual M:[
  [
	[7.3958, 2.0445],
	[6.4219, 2.4466],
	[8.4909, 1.5136],
	[3.6918, 6.9593],
	[8.3532, 4.2965],
	[8.1155, 4.7522],
	[7.2618, 6.4293],
	[7.1294, 9.3714],
	[8.3117, 8.9722],
	[9.9499, 5.3569]
  ]
]

Predicted M:[
  [
	[8.4411, 3.5666],
	[9.02, 5.198],
	[5.5204, 2.1313],
	[6.7223, 1.8518],
	[4.6277, 4.0256],
	[7.1269, 4.1653],
	[3.5607, 1.2675],
	[8.3386, 8.1188],
	[1.1589, 1.5832],
	[1.721, 6.0701]
  ]
]

MSE: 0.581581
=========================================================
          Learning params for data #27
=========================================================
Actual Params: [2 0.03638 0.0592 0.4961 6 0.5]
Predicted Params: [2 0.03638 0.0592 0.4961 6 0.5]
Actual M:[
  [
	[3.7955, 4.874],
	[1.8386, 5.8302],
	[2.8051, 6.3737],
	[7.5036, 9.0481],
	[7.7779, 7.9897],
	[9.9263, 7.1087],
	[9.5646, 7.8251],
	[7.8274, 8.3125],
	[3.76, 9.063],
	[8.7458, 8.9689]
  ]
]

Predicted M:[
  [
	[1.826, 1.1093],
	[4.1514, 1.3756],
	[1.9532, 3.2826],
	[7.0029, 4.1358],
	[5.8917, 2.7824],
	[3.1504, 10.0646],
	[5.5233, 7.647],
	[13.5348, 8.3045],
	[6.496, 3.5083],
	[27.6393, 13.4163]
  ]
]

MSE: 0.047488
=========================================================
          Learning params for data #28
=========================================================
Actual Params: [9 0.02256 0.09485 1.021 7 0.5]
Predicted Params: [9 0.02256 0.09485 1.021 7 0.5]
Actual M:[
  [
	[3.6724, 5.2064],
	[3.064, 6.0327],
	[8.2109, 3.1075],
	[5.6888, 9.7504],
	[9.6952, 4.6888],
	[9.3769, 9.904],
	[9.599, 7.4018],
	[9.8933, 8.848],
	[9.5352, 9.5761],
	[9.9, 1.9071]
  ]
]

Predicted M:[
  [
	[1.9677, 5.5431],
	[6.7409, 1.6958],
	[2.3629, 2.0025],
	[12.9699, 2.7787],
	[11.1028, 22.0748],
	[0.87753, 3.2601],
	[16.0384, 0.23696],
	[6.2468, 41.825],
	[27.5911, 40.7341],
	[1.1867, 2.2418]
  ]
]

MSE: 0.350002
=========================================================
          Learning params for data #29
=========================================================
Actual Params: [15 0.01829 0.008297 0.3743 12 0.3]
Predicted Params: [15 0.01829 0.008297 0.3743 12 0.3]
Actual M:[
  [
	[3.7129, 1.776],
	[1.8483, 3.4697],
	[2.4631, 5.2377],
	[9.4005, 6.2314],
	[6.5366, 9.472],
	[9.6121, 6.0368],
	[7.6716, 7.3249],
	[8.5628, 7.7319],
	[9.4768, 8.154],
	[7.006, 8.2369]
  ]
]

Predicted M:[
  [
	[1.6593, 2.5515],
	[3.5943, 4.9704],
	[5.3369, 3.0368],
	[7.3784, 1.7328],
	[6.4848, 9.0888],
	[8.9091, 3.538],
	[5.8155, 5.2142],
	[5.7652, 8.3873],
	[8.2701, 8.1486],
	[7.1639, 8.2211]
  ]
]

MSE: 0.005956
=========================================================
          Learning params for data #30
=========================================================
Actual Params: [11 0.04923 0.05968 0.405 9 0.3]
Predicted Params: [11 0.04923 0.05968 0.405 9 0.3]
Actual M:[
  [
	[1.8666, 6.7942],
	[9.1003, 9.4607],
	[3.6451, 9.8739],
	[9.2354, 1.9252],
	[4.7077, 9.5771],
	[9.7522, 2.3921],
	[8.1492, 9.6228],
	[9.276, 2.4652],
	[9.546, 7.8364],
	[7.9867, 9.9566]
  ]
]

Predicted M:[
  [
	[2.2452, 5.2061],
	[20.738, 17.4808],
	[2.1034, 5.7041],
	[5.0563, 1.3927],
	[63.4314, 1.8871],
	[2.0506, 5.6466],
	[1.4184, 1.2659],
	[1.6693, 0.67024],
	[4.5187, 5.063],
	[29.2412, 4.9913]
  ]
]

MSE: 0.137699
=========================================================
          Learning params for data #31
=========================================================
Actual Params: [1 0.08087 0.02209 0.4879 10 0.5]
Predicted Params: [1 0.08087 0.02209 0.4879 10 0.5]
Actual M:[
  [
	[8.1674, 2.9668],
	[7.6426, 7.8111],
	[8.1915, 1.6763],
	[2.6248, 7.8282],
	[9.8245, 5.3197],
	[4.1233, 8.9583],
	[4.1851, 8.203],
	[6.0661, 8.7539],
	[9.559, 5.6078],
	[8.6886, 8.0264]
  ]
]

Predicted M:[
  [
	[6.3412, 15.7472],
	[36.4867, 2.0007],
	[2.4956, 0.31408],
	[1.3424, 3.8458],
	[2.7627, 10.5739],
	[7.1799, 5.6639],
	[1.3945, 3.0076],
	[2.4876, 5.5009],
	[3.5592, 1.4179],
	[17.4761, 4.031]
  ]
]

MSE: 0.248357
=========================================================
          Learning params for data #32
=========================================================
Actual Params: [13 0.03966 0.02573 0.4502 9 0.7]
Predicted Params: [13 0.03966 0.02573 0.4502 9 0.7]
Actual M:[
  [
	[9.4949, 4.2335],
	[4.9546, 6.8119],
	[1.4067, 8.1771],
	[7.0108, 6.1349],
	[5.0969, 9.9036],
	[9.7338, 5.5446],
	[6.1188, 9.7708],
	[9.9615, 2.2639],
	[9.1591, 8.9588],
	[6.2474, 9.1212]
  ]
]

Predicted M:[
  [
	[5.6857, 1.8448],
	[6.2312, 2.047],
	[1.3832, 6.0624],
	[4.8374, 1.6545],
	[4.6295, 6.9816],
	[8.8924, 7.4142],
	[8.8, 10.3595],
	[2.5635, 5.7353],
	[7.942, 8.6142],
	[5.6755, 4.4661]
  ]
]

MSE: 0.105172
=========================================================
          Learning params for data #33
=========================================================
Actual Params: [4 0.08853 0.07652 0.19 7 0.5]
Predicted Params: [4 0.08853 0.07652 0.19 7 0.5]
Actual M:[
  [
	[1.2365, 5.6187],
	[2.3763, 5.6607],
	[3.7143, 5.9262],
	[7.0327, 2.1875],
	[9.8816, 8.3231],
	[4.6599, 8.5617],
	[4.272, 8.8033],
	[7.5273, 9.8221],
	[3.2172, 9.9438],
	[9.9376, 7.1323]
  ]
]

Predicted M:[
  [
	[4.4354, 5.1395],
	[4.3479, 2.6268],
	[2.5794, 4.4687],
	[3.4643, 3.4611],
	[6.2189, 5.7524],
	[2.6654, 1.473],
	[1.594, 5.7742],
	[3.1511, 7.3092],
	[4.4897, 5.3482],
	[19.2354, 5.8919]
  ]
]

MSE: 0.076633
=========================================================
          Learning params for data #34
=========================================================
Actual Params: [5 0.06566 0.09749 1.069 9 0.7]
Predicted Params: [5 0.06566 0.09749 1.069 9 0.7]
Actual M:[
  [
	[7.9078, 9.3818],
	[8.7457, 9.5412],
	[9.604, 7.1704],
	[9.0749, 7.9615],
	[6.2425, 9.9715],
	[8.7581, 8.4436],
	[9.785, 8.9174],
	[9.007, 9.9671],
	[9.3422, 9.1196],
	[9.9357, 2.7672]
  ]
]

Predicted M:[
  [
	[2.6626, 2.2716],
	[1.9611, 1.8237],
	[2.9467, 10.6993],
	[3.4707, 7.5237],
	[4.954, 1.4632],
	[4.316, 5.0783],
	[6.5322, 5.9456],
	[7.771, 9.031],
	[9.6422, 2.1503],
	[2.644, 10.5252]
  ]
]

MSE: 0.268337
=========================================================
          Learning params for data #35
=========================================================
Actual Params: [10 0.004528 0.01061 0.3459 5 0.7]
Predicted Params: [10 0.004528 0.01061 0.3459 5 0.7]
Actual M:[
  [
	[3.4407, 7.2595],
	[9.9072, 3.1708],
	[3.5808, 3.3319],
	[7.9947, 7.3824],
	[1.7899, 9.7757],
	[8.3081, 6.7144],
	[5.237, 7.8314],
	[9.9632, 7.7956],
	[4.2631, 8.7779],
	[8.6662, 9.4654]
  ]
]

Predicted M:[
  [
	[1.7356, 2.7844],
	[5.4301, 22.2106],
	[1.4969, 3.3404],
	[1.9784, 2.7518],
	[1.1759, 3.9752],
	[7.9071, 1.5474],
	[1.3208, 3.8064],
	[37.7191, 8.2119],
	[3.1546, 4.6072],
	[50.3213, 2.034]
  ]
]

MSE: 0.042662
=========================================================
          Learning params for data #36
=========================================================
Actual Params: [3 0.04735 0.09213 1.069 5 0.5]
Predicted Params: [3 0.04735 0.09213 1.069 5 0.5]
Actual M:[
  [
	[8.7788, 2.7523],
	[9.4485, 3.7374],
	[8.8353, 4.1348],
	[6.1779, 9.7246],
	[6.225, 9.2614],
	[7.4205, 9.2333],
	[8.6466, 8.1113],
	[8.5012, 9.327],
	[9.2646, 6.1545],
	[8.7839, 7.593]
  ]
]

Predicted M:[
  [
	[1.7209, 1.962],
	[2.8179, 7.5979],
	[0.29394, 3.1155],
	[17.8442, 5.5772],
	[8.3527, 15.2972],
	[16.5196, 1.2867],
	[16.2531, 7.7612],
	[460.9858, 13.3487],
	[2.1881, 7.8591],
	[16.3294, 6.3738]
  ]
]

MSE: 0.042226
=========================================================
          Learning params for data #37
=========================================================
Actual Params: [10 0.006159 0.04653 0.9119 10 0.7]
Predicted Params: [10 0.006159 0.04653 0.9119 10 0.7]
Actual M:[
  [
	[3.8779, 7.1111],
	[9.5309, 1.2494],
	[1.9675, 9.5531],
	[8.2858, 1.9051],
	[6.3817, 9.8151],
	[7.3839, 4.7344],
	[7.7716, 9.0939],
	[9.1368, 8.7406],
	[9.4707, 3.1633],
	[6.4524, 9.3374]
  ]
]

Predicted M:[
  [
	[1.4796, 8.6847],
	[8.364, 2.0425],
	[7.2329, 3.0405],
	[5.2685, 6.4773],
	[3.2274, 5.5244],
	[4.8986, 8.2356],
	[6.9732, 8.5731],
	[12.4847, 2.9087],
	[6.4001, 9.6772],
	[4.5184, 6.9355]
  ]
]

MSE: 0.010973
=========================================================
          Learning params for data #38
=========================================================
Actual Params: [15 0.0695 0.04161 0.4382 12 0.7]
Predicted Params: [15 0.0695 0.04161 0.4382 12 0.7]
Actual M:[
  [
	[8.0338, 4.972],
	[3.7933, 9.1603],
	[6.1926, 9.431],
	[8.7087, 5.1559],
	[6.9697, 6.6525],
	[9.7585, 3.3388],
	[9.069, 8.4414],
	[9.6804, 7.4217],
	[5.5627, 9.8307],
	[7.8959, 9.6561]
  ]
]

Predicted M:[
  [
	[4.6568, 3.4048],
	[3.8942, 2.8451],
	[6.6998, 4.0492],
	[4.8633, 2.3621],
	[8.4407, 2.8583],
	[3.0977, 16.9522],
	[11.8486, 8.1902],
	[7.4855, 33.6953],
	[5.804, 3.7321],
	[1.7925, 14.1929]
  ]
]

MSE: 0.027836
=========================================================
          Learning params for data #39
=========================================================
Actual Params: [7 0.06561 0.01189 0.2443 5 0.3]
Predicted Params: [7 0.06561 0.01189 0.2443 5 0.3]
Actual M:[
  [
	[5.8463, 8.4801],
	[7.6385, 1.3087],
	[8.5333, 6.375],
	[9.8384, 2.6333],
	[7.628, 8.2591],
	[8.7764, 4.5621],
	[9.3144, 6.2806],
	[8.3089, 7.0485],
	[7.6187, 8.4695],
	[9.791, 6.6422]
  ]
]

Predicted M:[
  [
	[1.1524, 2.8362],
	[4.7106, 1.5073],
	[2.1974, 6.137],
	[2.6202, 4.9352],
	[3.8859, 21.673],
	[1.7613, 2.3426],
	[6.2458, 1.571],
	[1.8151, 6.8135],
	[20.5239, 6.6473],
	[7.7108, 6.8963]
  ]
]

MSE: 0.004665
=========================================================
          Learning params for data #40
=========================================================
Actual Params: [14 0.01717 0.04824 0.2885 8 0.5]
Predicted Params: [14 0.01717 0.04824 0.2885 8 0.5]
Actual M:[
  [
	[1.6817, 1.9645],
	[2.7776, 2.7546],
	[5.3813, 2.908],
	[6.3684, 2.0253],
	[2.238, 6.9219],
	[8.1383, 3.4385],
	[5.7113, 5.6428],
	[3.5525, 7.9796],
	[7.6222, 4.9796],
	[8.4299, 4.0669]
  ]
]

Predicted M:[
  [
	[7.6972, 3.1991],
	[5.9644, 6.4159],
	[4.3128, 6.9972],
	[4.8659, 3.6807],
	[8.5031, 6.2083],
	[4.9484, 10.4083],
	[7.326, 8.0076],
	[8.7066, 2.4796],
	[7.2461, 9.3598],
	[6.1142, 8.7729]
  ]
]

MSE: 0.056964
=========================================================
          Learning params for data #41
=========================================================
Actual Params: [9 0.01635 0.09692 0.1904 11 0.7]
Predicted Params: [9 0.01635 0.09692 0.1904 11 0.7]
Actual M:[
  [
	[9.5138, 4.3998],
	[7.3186, 4.954],
	[3.159, 9.2832],
	[7.732, 8.4423],
	[9.743, 9.3534],
	[5.1366, 9.4688],
	[6.4681, 9.9472],
	[8.1639, 9.6586],
	[6.1723, 9.9893],
	[9.9885, 9.1937]
  ]
]

Predicted M:[
  [
	[7.2489, 3.6053],
	[2.7093, 9.9888],
	[3.8449, 1.2113],
	[2.4632, 11.6575],
	[1.541, 33.3022],
	[2.7042, 7.8366],
	[7.5014, 1.6925],
	[6.203, 8.4567],
	[1.9149, 7.647],
	[14.6014, 1.0547]
  ]
]

MSE: 0.089207
=========================================================
          Learning params for data #42
=========================================================
Actual Params: [11 0.009645 0.008235 0.7186 13 0.3]
Predicted Params: [11 0.009645 0.008235 0.7186 13 0.3]
Actual M:[
  [
	[7.6253, 7.0696],
	[1.102, 8.7532],
	[5.7509, 9.8743],
	[5.7559, 8.3422],
	[6.9817, 9.7235],
	[8.5913, 5.2004],
	[7.6894, 8.9498],
	[9.7372, 7.1591],
	[8.4011, 8.1911],
	[8.8694, 9.6206]
  ]
]

Predicted M:[
  [
	[4.0102, 1.9694],
	[5.3743, 3.6188],
	[4.3165, 3.419],
	[2.2047, 4.3379],
	[7.9402, 5.6183],
	[1.8004, 5.8236],
	[14.0696, 3.2905],
	[10.4457, 2.718],
	[6.459, 5.8338],
	[12.8305, 6.0456]
  ]
]

MSE: 0.345766
=========================================================
          Learning params for data #43
=========================================================
Actual Params: [14 0.03498 0.007118 0.5074 7 0.7]
Predicted Params: [14 0.03498 0.007118 0.5074 7 0.7]
Actual M:[
  [
	[2.3125, 2.4871],
	[1.3062, 3.5797],
	[2.7745, 1.2141],
	[6.0202, 4.4576],
	[5.5608, 8.0293],
	[9.6814, 2.6101],
	[9.3735, 4.3771],
	[7.4628, 6.6459],
	[3.442, 8.1378],
	[3.6709, 9.9354]
  ]
]

Predicted M:[
  [
	[1.3484, 4.3127],
	[1.9774, 1.6001],
	[1.3227, 1.0481],
	[4.4297, 1.984],
	[3.1119, 7.1123],
	[1.5226, 33.0436],
	[19.9517, 2.9122],
	[27.9334, 7.9427],
	[2.8981, 4.4585],
	[4.6471, 7.7294]
  ]
]

MSE: 0.019877
=========================================================
          Learning params for data #44
=========================================================
Actual Params: [3 0.0131 0.09752 0.9042 5 0.7]
Predicted Params: [3 0.0131 0.09752 0.9042 5 0.7]
Actual M:[
  [
	[6.19, 5.1944],
	[8.2763, 4.4272],
	[9.4078, 3.0393],
	[7.1871, 8.6046],
	[5.5726, 9.6534],
	[9.9887, 6.0084],
	[6.038, 9.1877],
	[6.9657, 9.4005],
	[8.6458, 8.3718],
	[7.6295, 8.9729]
  ]
]

Predicted M:[
  [
	[3.8711, 5.2707],
	[3.3495, 9.8049],
	[5.5665, 9.604],
	[4.0962, 6.3949],
	[3.1058, 3.2234],
	[6.6301, 26.5018],
	[5.7779, 7.5307],
	[5.7163, 1.3107],
	[1.5474, 15.6941],
	[6.8631, 5.3736]
  ]
]

MSE: 0.074822
=========================================================
          Learning params for data #45
=========================================================
Actual Params: [14 0.07235 0.0362 0.2092 12 0.7]
Predicted Params: [14 0.07235 0.0362 0.2092 12 0.7]
Actual M:[
  [
	[9.12, 9.7823],
	[9.3134, 5.3624],
	[9.9568, 4.766],
	[1.6055, 9.9134],
	[9.7776, 9.197],
	[4.3722, 9.7986],
	[8.5023, 9.9465],
	[9.8655, 9.8818],
	[9.9221, 4.7754],
	[4.8373, 9.9759]
  ]
]

Predicted M:[
  [
	[3.6603, 4.9936],
	[6.3669, 6.5984],
	[9.3548, 3.4575],
	[3.7949, 8.8344],
	[6.6735, 2.1517],
	[5.812, 7.478],
	[9.6435, 3.9657],
	[12.4223, 1.9777],
	[4.0825, 2.0306],
	[6.7855, 5.693]
  ]
]

MSE: 0.338791
=========================================================
          Learning params for data #46
=========================================================
Actual Params: [10 0.003718 0.03384 0.7774 7 0.3]
Predicted Params: [10 0.003718 0.03384 0.7774 7 0.3]
Actual M:[
  [
	[6.2826, 1.4265],
	[4.1109, 3.2157],
	[8.378, 5.7119],
	[3.879, 6.9258],
	[9.7481, 1.9402],
	[9.4586, 4.3427],
	[9.8872, 2.7592],
	[7.9862, 6.3568],
	[9.9743, 1.6402],
	[9.8288, 5.3083]
  ]
]

Predicted M:[
  [
	[6.2983, 3.9208],
	[1.3325, 3.3415],
	[3.0806, 7.7509],
	[14.2337, 3.6279],
	[4.6244, 6.4098],
	[1.1708, 2.7793],
	[5.0419, 6.4024],
	[5.8809, 10.831],
	[3.2585, 2.6439],
	[10.7913, 7.0339]
  ]
]

MSE: 0.029879
=========================================================
          Learning params for data #47
=========================================================
Actual Params: [4 0.07803 0.05208 0.4648 7 0.3]
Predicted Params: [4 0.07803 0.05208 0.4648 7 0.3]
Actual M:[
  [
	[2.0036, 7.6154],
	[8.9299, 7.5096],
	[7.5687, 8.8551],
	[9.4044, 1.943],
	[9.4789, 7.2783],
	[5.6173, 9.1018],
	[7.1892, 9.1426],
	[9.9375, 1.7575],
	[6.3695, 9.3483],
	[8.2274, 9.3718]
  ]
]

Predicted M:[
  [
	[6.0493, 7.6717],
	[8.7401, 7.3813],
	[2.6219, 4.1204],
	[4.4182, 1.8764],
	[11.2558, 5.1035],
	[4.4966, 8.9221],
	[14.1625, 5.7822],
	[4.9161, 8.5693],
	[5.5096, 10.6467],
	[8.0164, 9.4733]
  ]
]

MSE: 0.525378
=========================================================
          Learning params for data #48
=========================================================
Actual Params: [9 0.0478 0.05251 0.7871 8 0.3]
Predicted Params: [9 0.0478 0.05251 0.7871 8 0.3]
Actual M:[
  [
	[3.9455, 7.4176],
	[4.3502, 9.6324],
	[5.2361, 4.797],
	[6.619, 2.5097],
	[8.7788, 7.4668],
	[5.5628, 7.6693],
	[6.6742, 8.6065],
	[5.9871, 9.1863],
	[8.9834, 8.1748],
	[5.9604, 9.3597]
  ]
]

Predicted M:[
  [
	[1.451, 3.8362],
	[140.0835, 2.4542],
	[1.5974, 2.0865],
	[3.8884, 0.085002],
	[0.72321, 4.4501],
	[1.6784, 1.7932],
	[1.3521, 280.214],
	[8.1416, 1.0137],
	[42.5564, 329.8892],
	[46.6211, 6.3174]
  ]
]

MSE: 0.063427
=========================================================
          Learning params for data #49
=========================================================
Actual Params: [1 0.007093 0.06237 0.6022 12 0.7]
Predicted Params: [1 0.007093 0.06237 0.6022 12 0.7]
Actual M:[
  [
	[4.8412, 7.1304],
	[5.7561, 8.6335],
	[6.9883, 4.6518],
	[8.4978, 6.7379],
	[7.5789, 9.1331],
	[9.2967, 5.5911],
	[5.6458, 9.7795],
	[8.917, 6.3315],
	[1.1813, 9.7929],
	[3.8177, 9.9951]
  ]
]

Predicted M:[
  [
	[1.848, 4.0881],
	[123.5309, 4.381],
	[0.51985, 10.2495],
	[2.1697, 16.3047],
	[6.5733, 6.3196],
	[2.4787, 72.3588],
	[4.8316, 2.1068],
	[7.6968, 3.2651],
	[0.84275, 1.2748],
	[1.5951, 2.2828]
  ]
]

MSE: 0.180022
=========================================================
          Learning params for data #50
=========================================================
Actual Params: [12 0.06419 0.06451 0.9424 13 0.7]
Predicted Params: [12 0.06419 0.06451 0.9424 13 0.7]
Actual M:[
  [
	[8.7487, 3.0512],
	[9.6685, 5.4553],
	[6.2246, 9.3401],
	[9.935, 7.4936],
	[1.7044, 9.6761],
	[7.6182, 7.7805],
	[8.7567, 7.9672],
	[9.504, 7.5195],
	[7.7323, 9.764],
	[9.4692, 8.8223]
  ]
]

Predicted M:[
  [
	[3.1884, 5.0335],
	[1.1502, 9.8068],
	[3.8185, 2.5577],
	[7.7486, 9.6963],
	[1.5263, 3.8468],
	[3.7393, 8.4206],
	[6.1833, 1.3391],
	[1.3373, 4.6917],
	[1.1869, 11.6411],
	[9.7564, 2.6167]
  ]
]

MSE: 0.594384


MSE list: [0.1939 0.01275 0.0002724 0.05267 0.05976 0.149 0.1689 0.1764 0.005144 0.412 0.3411 0.3397 0.9752 0.2265 0.1572 0.0316 0.02059 0.363 0.03383 0.154 0.791 0.003464 0.02119 0.003058 0.1238 0.5816 0.04749 0.35 0.005956 0.1377 0.2484 0.1052 0.07663 0.2683 0.04266 0.04223 0.01097 0.02784 0.004665 0.05696 0.08921 0.3458 0.01988 0.07482 0.3388 0.02988 0.5254 0.06343 0.18 0.5944]
MSE mean: 0.181684
MSE std: 0.214711
Time elapsed: 8322.676607
