set2
Ns: 10000
=========================================================
          Learning params for data #1
=========================================================
Actual Params: [7 0.0886 0.002757 0.6069 13 0.5]
Predicted Params: [7 0.0886 0.002757 0.6069 13 0.4968]
Actual M:[
  [
	[6.7091, 3.3805],
	[7.8182, 3.5391],
	[4.7329, 8.9242],
	[1.7579, 8.3033],
	[3.091, 9.9447],
	[1.6156, 9.8105],
	[7.7982, 3.4284]
  ]
]

Predicted M:[
  [
	[6.7091, 3.3805],
	[7.8182, 3.5391],
	[4.7329, 8.9242],
	[1.7579, 8.3033],
	[3.091, 9.9447],
	[1.6156, 9.8105],
	[7.7982, 3.4284]
  ]
]

MSE: 0.000110
=========================================================
          Learning params for data #2
=========================================================
Actual Params: [12 0.0207 0.0879 0.7383 6 0.5]
Predicted Params: [12 0.0207 0.0879 0.7383 6 0.5007]
Actual M:[
  [
	[8.9539, 8.4467],
	[3.3699, 2.8542],
	[2.1241, 8.1794],
	[3.7258, 9.7948],
	[7.0767, 7.3472],
	[4.0693, 3.8746],
	[4.9779, 1.1954]
  ]
]

Predicted M:[
  [
	[8.9539, 8.4467],
	[3.3699, 2.8542],
	[2.1241, 8.1794],
	[3.7258, 9.7948],
	[7.0767, 7.3472],
	[4.0693, 3.8746],
	[4.9779, 1.1954]
  ]
]

MSE: 0.000009
=========================================================
          Learning params for data #3
=========================================================
Actual Params: [2 0.05498 0.08157 0.975 10 0.3]
Predicted Params: [2 0.05498 0.08157 0.975 10 0.3012]
Actual M:[
  [
	[5.7926, 5.3744],
	[3.4344, 8.3844],
	[9.9198, 8.6803],
	[6.6847, 8.727],
	[2.0576, 5.5303],
	[1.8384, 7.6044],
	[4.2735, 3.7381]
  ]
]

Predicted M:[
  [
	[5.7926, 5.3744],
	[3.4344, 8.3844],
	[9.9198, 8.6803],
	[6.6847, 8.727],
	[2.0576, 5.5303],
	[1.8384, 7.6044],
	[4.2735, 3.7381]
  ]
]

MSE: 0.000000
=========================================================
          Learning params for data #4
=========================================================
Actual Params: [12 0.08775 0.08303 0.6181 10 0.3]
Predicted Params: [12 0.08775 0.08303 0.6181 10 0.2996]
Actual M:[
  [
	[6.2614, 8.4127],
	[9.8844, 3.2887],
	[7.1096, 4.8903],
	[3.3824, 7.7779],
	[9.8713, 6.8729],
	[9.9212, 3.862],
	[9.1177, 2.096]
  ]
]

Predicted M:[
  [
	[6.2614, 8.4127],
	[9.8844, 3.2887],
	[7.1096, 4.8903],
	[3.3824, 7.7779],
	[9.8713, 6.8729],
	[9.9212, 3.862],
	[9.1177, 2.096]
  ]
]

MSE: 0.000033
=========================================================
          Learning params for data #5
=========================================================
Actual Params: [14 0.03447 0.02943 0.1469 6 0.3]
Predicted Params: [14 0.03447 0.02943 0.1469 6 0.3012]
Actual M:[
  [
	[9.3398, 5.4991],
	[1.7639, 4.7785],
	[1.6465, 4.2247],
	[2.066, 7.8604],
	[8.675, 8.761],
	[7.1905, 6.538],
	[5.4191, 7.9723]
  ]
]

Predicted M:[
  [
	[9.3398, 5.4991],
	[1.7639, 4.7785],
	[1.6465, 4.2247],
	[2.066, 7.8604],
	[8.675, 8.761],
	[7.1905, 6.538],
	[5.4191, 7.9723]
  ]
]

MSE: 0.000088
=========================================================
          Learning params for data #6
=========================================================
Actual Params: [3 0.06913 0.02665 1.011 5 0.3]
Predicted Params: [3 0.06913 0.02665 1.011 5 0.2999]
Actual M:[
  [
	[7.4052, 2.6355],
	[6.8333, 9.1432],
	[8.1426, 6.7928],
	[6.7303, 3.7937],
	[4.7322, 8.9464],
	[9.5688, 3.6356],
	[4.6816, 4.1429]
  ]
]

Predicted M:[
  [
	[7.4052, 2.6355],
	[6.8333, 9.1432],
	[8.1426, 6.7928],
	[6.7303, 3.7937],
	[4.7322, 8.9464],
	[9.5688, 3.6356],
	[4.6816, 4.1429]
  ]
]

MSE: 0.000020
=========================================================
          Learning params for data #7
=========================================================
Actual Params: [8 0.09432 0.07593 0.5647 11 0.5]
Predicted Params: [8 0.09432 0.07593 0.5647 11 0.5008]
Actual M:[
  [
	[7.5713, 1.7415],
	[1.6431, 6.5443],
	[7.9291, 8.2136],
	[6.085, 4.7642],
	[9.0742, 7.1303],
	[2.4952, 5.4455],
	[2.806, 6.9435]
  ]
]

Predicted M:[
  [
	[7.5713, 1.7415],
	[1.6431, 6.5443],
	[7.9291, 8.2136],
	[6.085, 4.7642],
	[9.0742, 7.1303],
	[2.4952, 5.4455],
	[2.806, 6.9435]
  ]
]

MSE: 0.000126
=========================================================
          Learning params for data #8
=========================================================
Actual Params: [4 0.07248 0.03056 0.6813 7 0.7]
Predicted Params: [4 0.07248 0.03056 0.6813 7 0.6995]
Actual M:[
  [
	[7.1174, 4.9418],
	[9.8409, 4.1169],
	[7.3875, 9.6934],
	[4.8516, 9.6847],
	[8.0458, 9.3603],
	[1.8207, 8.0572],
	[2.3846, 4.5035]
  ]
]

Predicted M:[
  [
	[7.1174, 4.9418],
	[9.8409, 4.1169],
	[7.3875, 9.6934],
	[4.8516, 9.6847],
	[8.0458, 9.3603],
	[1.8207, 8.0572],
	[2.3846, 4.5035]
  ]
]

MSE: 0.000024
=========================================================
          Learning params for data #9
=========================================================
Actual Params: [11 0.05288 0.1001 0.7631 10 0.7]
Predicted Params: [11 0.05288 0.1001 0.7631 10 0.701]
Actual M:[
  [
	[8.5821, 6.4933],
	[4.0645, 5.0269],
	[7.6156, 9.0557],
	[8.2838, 6.7496],
	[4.4336, 1.0499],
	[3.9031, 2.7941],
	[8.4707, 3.0816]
  ]
]

Predicted M:[
  [
	[8.5821, 6.4933],
	[4.0645, 5.0269],
	[7.6156, 9.0557],
	[8.2838, 6.7496],
	[4.4336, 1.0499],
	[3.9031, 2.7941],
	[8.4707, 3.0816]
  ]
]

MSE: 0.000016
=========================================================
          Learning params for data #10
=========================================================
Actual Params: [11 0.08807 0.04289 0.9603 13 0.3]
Predicted Params: [11 0.08807 0.04289 0.9603 13 0.2971]
Actual M:[
  [
	[1.5648, 1.0447],
	[6.142, 8.0967],
	[5.3103, 7.7681],
	[2.8124, 8.5013],
	[1.508, 4.1041],
	[3.2568, 1.7692],
	[3.2529, 8.1921]
  ]
]

Predicted M:[
  [
	[1.5648, 1.0447],
	[6.142, 8.0967],
	[5.3103, 7.7681],
	[2.8124, 8.5013],
	[1.508, 4.1041],
	[3.2568, 1.7692],
	[3.2529, 8.1921]
  ]
]

MSE: 0.000055


MSE list: [0.00011 9.252e-06 3.48e-07 3.317e-05 8.842e-05 2.031e-05 0.0001258 2.394e-05 1.59e-05 5.493e-05]
MSE mean: 0.000048
MSE std: 0.000045
Time elapsed: 52.657268
