set3
Ns: 10000
=========================================================
          Learning params for data #1
=========================================================
Actual Params: [12 0.02904 0.005287 0.1909 9 0.5]
Predicted Params: [12 0.02904 0.005287 0.1909 9 0.4957]
Actual M:[
  [
	[4.1229, 7.1553],
	[2.1928, 2.4237],
	[1.8739, 2.7593],
	[7.9858, 7.7988],
	[9.9497, 2.9864],
	[3.8855, 8.5377],
	[9.6982, 2.2332],
	[5.3424, 1.8394],
	[4.4776, 5.4386],
	[4.5843, 2.3409]
  ]
]

Predicted M:[
  [
	[4.1229, 7.1553],
	[2.1928, 2.4237],
	[1.8739, 2.7593],
	[7.9858, 7.7988],
	[9.9497, 2.9864],
	[3.8855, 8.5377],
	[9.6982, 2.2332],
	[5.3424, 1.8394],
	[4.4776, 5.4386],
	[4.5843, 2.3409]
  ]
]

MSE: 0.000048
=========================================================
          Learning params for data #2
=========================================================
Actual Params: [6 0.08333 0.0576 0.8178 6 0.3]
Predicted Params: [6 0.08333 0.0576 0.8178 6 0.2999]
Actual M:[
  [
	[5.7895, 1.0904],
	[6.2125, 5.7856],
	[7.1447, 1.5892],
	[3.2431, 5.3426],
	[1.4049, 8.6264],
	[8.9263, 7.6408],
	[6.0796, 2.9174],
	[3.5284, 8.2277],
	[3.7307, 2.1708],
	[6.7964, 1.1748]
  ]
]

Predicted M:[
  [
	[5.7895, 1.0904],
	[6.2125, 5.7856],
	[7.1447, 1.5892],
	[3.2431, 5.3426],
	[1.4049, 8.6264],
	[8.9263, 7.6408],
	[6.0796, 2.9174],
	[3.5284, 8.2277],
	[3.7307, 2.1708],
	[6.7964, 1.1748]
  ]
]

MSE: 0.000015
=========================================================
          Learning params for data #3
=========================================================
Actual Params: [11 0.02103 0.03234 0.1099 11 0.5]
Predicted Params: [11 0.02103 0.03234 0.1099 11 0.5005]
Actual M:[
  [
	[6.4082, 2.6337],
	[3.0198, 9.1973],
	[3.4106, 5.8212],
	[4.309, 9.0914],
	[5.4476, 2.5134],
	[2.6929, 4.0391],
	[5.2711, 4.906],
	[9.5966, 1.9723],
	[7.3133, 1.336],
	[3.0795, 8.1371]
  ]
]

Predicted M:[
  [
	[6.4082, 2.6337],
	[3.0198, 9.1973],
	[3.4106, 5.8212],
	[4.309, 9.0914],
	[5.4476, 2.5134],
	[2.6929, 4.0391],
	[5.2711, 4.906],
	[9.5966, 1.9723],
	[7.3133, 1.336],
	[3.0795, 8.1371]
  ]
]

MSE: 0.000048
=========================================================
          Learning params for data #4
=========================================================
Actual Params: [12 0.008264 0.08028 0.3637 6 0.3]
Predicted Params: [12 0.008264 0.08028 0.3637 6 0.3038]
Actual M:[
  [
	[3.353, 4.1972],
	[4.2028, 4.3317],
	[5.8332, 7.3911],
	[1.0897, 9.989],
	[1.964, 9.2061],
	[4.0064, 4.9395],
	[3.7916, 9.1133],
	[3.075, 5.5527],
	[3.2291, 7.2749],
	[4.9538, 8.9374]
  ]
]

Predicted M:[
  [
	[3.353, 4.1972],
	[4.2028, 4.3317],
	[5.8332, 7.3911],
	[1.0897, 9.989],
	[1.964, 9.2061],
	[4.0064, 4.9395],
	[3.7916, 9.1133],
	[3.075, 5.5527],
	[3.2291, 7.2749],
	[4.9538, 8.9374]
  ]
]

MSE: 0.000104
=========================================================
          Learning params for data #5
=========================================================
Actual Params: [7 0.0781 0.0757 0.3766 11 0.3]
Predicted Params: [7 0.0781 0.0757 0.3766 11 0.3019]
Actual M:[
  [
	[3.3068, 6.7137],
	[4.0489, 1.2393],
	[3.692, 8.2201],
	[5.1263, 3.5942],
	[3.0904, 5.4838],
	[1.7162, 2.983],
	[4.3678, 8.8463],
	[3.0899, 4.3687],
	[9.3724, 7.5118],
	[2.5953, 4.0944]
  ]
]

Predicted M:[
  [
	[3.3068, 6.7137],
	[4.0489, 1.2393],
	[3.692, 8.2201],
	[5.1263, 3.5942],
	[3.0904, 5.4838],
	[1.7162, 2.983],
	[4.3678, 8.8463],
	[3.0899, 4.3687],
	[9.3724, 7.5118],
	[2.5953, 4.0944]
  ]
]

MSE: 0.000000
=========================================================
          Learning params for data #6
=========================================================
Actual Params: [7 0.01025 0.04218 0.7062 9 0.7]
Predicted Params: [7 0.01025 0.04218 0.7062 9 0.6995]
Actual M:[
  [
	[6.8872, 9.0848],
	[5.1358, 3.4868],
	[3.4615, 2.6715],
	[7.5326, 8.2249],
	[1.6833, 2.3291],
	[9.206, 4.4505],
	[1.1234, 5.6471],
	[1.539, 5.6909],
	[9.1008, 8.8513],
	[6.4185, 4.5342]
  ]
]

Predicted M:[
  [
	[6.8872, 9.0848],
	[5.1358, 3.4868],
	[3.4615, 2.6715],
	[7.5326, 8.2249],
	[1.6833, 2.3291],
	[9.206, 4.4505],
	[1.1234, 5.6471],
	[1.539, 5.6909],
	[9.1008, 8.8513],
	[6.4185, 4.5342]
  ]
]

MSE: 0.000029
=========================================================
          Learning params for data #7
=========================================================
Actual Params: [12 0.06591 0.0716 0.2883 10 0.5]
Predicted Params: [12 0.06591 0.0716 0.2883 10 0.5027]
Actual M:[
  [
	[2.468, 8.5694],
	[5.6916, 1.2769],
	[5.3695, 4.3587],
	[2.1193, 2.5804],
	[4.988, 8.1534],
	[8.489, 3.0654],
	[4.456, 2.2072],
	[7.5827, 6.4569],
	[6.3528, 4.7899],
	[8.6647, 5.7085]
  ]
]

Predicted M:[
  [
	[2.468, 8.5694],
	[5.6916, 1.2769],
	[5.3695, 4.3587],
	[2.1193, 2.5804],
	[4.988, 8.1534],
	[8.489, 3.0654],
	[4.456, 2.2072],
	[7.5827, 6.4569],
	[6.3528, 4.7899],
	[8.6647, 5.7085]
  ]
]

MSE: 0.000035
=========================================================
          Learning params for data #8
=========================================================
Actual Params: [12 0.06784 0.03608 0.957 12 0.3]
Predicted Params: [12 0.06784 0.03608 0.957 12 0.2992]
Actual M:[
  [
	[6.0721, 2.2454],
	[3.2622, 4.8486],
	[2.777, 7.4128],
	[2.3891, 3.4386],
	[9.4918, 8.6208],
	[1.9577, 7.4003],
	[7.0488, 5.3962],
	[5.4568, 9.1014],
	[5.559, 9.0396],
	[8.1349, 5.9695]
  ]
]

Predicted M:[
  [
	[6.0721, 2.2454],
	[3.2622, 4.8486],
	[2.777, 7.4128],
	[2.3891, 3.4386],
	[9.4918, 8.6208],
	[1.9577, 7.4003],
	[7.0488, 5.3962],
	[5.4568, 9.1014],
	[5.559, 9.0396],
	[8.1349, 5.9695]
  ]
]

MSE: 0.000037
=========================================================
          Learning params for data #9
=========================================================
Actual Params: [7 0.001913 0.05217 0.922 13 0.5]
Predicted Params: [7 0.001913 0.05217 0.922 13 0.4997]
Actual M:[
  [
	[5.279, 5.5098],
	[1.5975, 2.3357],
	[9.4757, 4.9901],
	[2.5392, 1.4115],
	[9.0072, 7.1212],
	[7.9377, 5.5679],
	[7.6763, 8.7913],
	[4.4623, 1.661],
	[1.1523, 2.3404],
	[6.2803, 5.7662]
  ]
]

Predicted M:[
  [
	[5.279, 5.5098],
	[1.5975, 2.3357],
	[9.4757, 4.9901],
	[2.5392, 1.4115],
	[9.0072, 7.1212],
	[7.9377, 5.5679],
	[7.6763, 8.7913],
	[4.4623, 1.661],
	[1.1523, 2.3404],
	[6.2803, 5.7662]
  ]
]

MSE: 0.000033
=========================================================
          Learning params for data #10
=========================================================
Actual Params: [3 0.08485 0.07077 0.9386 9 0.5]
Predicted Params: [3 0.08485 0.07077 0.9386 9 0.5]
Actual M:[
  [
	[6.4558, 9.8237],
	[3.5982, 9.3153],
	[6.1453, 4.3124],
	[3.1648, 8.9715],
	[6.2195, 3.2572],
	[2.6598, 3.3843],
	[9.4378, 2.3301],
	[3.9303, 1.0584],
	[2.1681, 7.9529],
	[4.7689, 9.5371]
  ]
]

Predicted M:[
  [
	[6.4558, 9.8237],
	[3.5982, 9.3153],
	[6.1453, 4.3124],
	[3.1648, 8.9715],
	[6.2195, 3.2572],
	[2.6598, 3.3843],
	[9.4378, 2.3301],
	[3.9303, 1.0584],
	[2.1681, 7.9529],
	[4.7689, 9.5371]
  ]
]

MSE: 0.000027


MSE list: [4.801e-05 1.507e-05 4.843e-05 0.0001043 1.48e-07 2.938e-05 3.482e-05 3.686e-05 3.271e-05 2.7e-05]
MSE mean: 0.000038
MSE std: 0.000027
Time elapsed: 38.172444
