set4
Ns: 10000
=========================================================
          Learning params for data #1
=========================================================
Actual Params: [6 0.01048 0.09347 0.6619 9 0.5]
Predicted Params: [6 0.01048 0.09347 0.6619 9 0.5011]
Actual M:[
  [
	[5.4559, 3.8589],
	[5.7904, 9.4533],
	[6.321, 6.4622],
	[9.1597, 8.2455],
	[2.5524, 3.6977],
	[9.2294, 2.7679],
	[4.5952, 7.9509],
	[7.7787, 6.7735],
	[1.2703, 4.9991],
	[9.7626, 7.1873]
  ]
]

Predicted M:[
  [
	[5.4559, 3.8589],
	[5.7904, 9.4533],
	[6.321, 6.4622],
	[9.1597, 8.2455],
	[2.5524, 3.6977],
	[9.2294, 2.7679],
	[4.5952, 7.9509],
	[7.7787, 6.7735],
	[1.2703, 4.9991],
	[9.7626, 7.1873]
  ]
]

MSE: 0.000078
=========================================================
          Learning params for data #2
=========================================================
Actual Params: [7 0.002658 0.05934 1.031 7 0.3]
Predicted Params: [7 0.002658 0.05934 1.031 7 0.2954]
Actual M:[
  [
	[6.7878, 4.0805],
	[1.1699, 5.6311],
	[4.9092, 9.9969],
	[5.1991, 8.2377],
	[7.2856, 2.161],
	[2.2416, 1.2197],
	[5.806, 5.3335],
	[8.6, 6.8361],
	[7.2292, 8.6917],
	[1.0703, 8.5617]
  ]
]

Predicted M:[
  [
	[6.7878, 4.0805],
	[1.1699, 5.6311],
	[4.9092, 9.9969],
	[5.1991, 8.2377],
	[7.2856, 2.161],
	[2.2416, 1.2197],
	[5.806, 5.3335],
	[8.6, 6.8361],
	[7.2292, 8.6917],
	[1.0703, 8.5617]
  ]
]

MSE: 0.000017
=========================================================
          Learning params for data #3
=========================================================
Actual Params: [3 0.01907 0.02772 0.6474 9 0.7]
Predicted Params: [3 0.01907 0.02772 0.6474 9 0.6976]
Actual M:[
  [
	[1.9209, 6.6835],
	[5.5596, 1.6384],
	[7.5601, 9.5587],
	[4.0948, 2.3501],
	[9.3653, 4.7113],
	[3.5672, 8.8111],
	[1.2658, 8.2121],
	[5.5531, 7.7049],
	[7.7599, 4.7993],
	[6.1568, 9.8185]
  ]
]

Predicted M:[
  [
	[1.9209, 6.6835],
	[5.5596, 1.6384],
	[7.5601, 9.5587],
	[4.0948, 2.3501],
	[9.3653, 4.7113],
	[3.5672, 8.8111],
	[1.2658, 8.2121],
	[5.5531, 7.7049],
	[7.7599, 4.7993],
	[6.1568, 9.8185]
  ]
]

MSE: 0.000051
=========================================================
          Learning params for data #4
=========================================================
Actual Params: [10 0.08347 0.01039 0.4206 11 0.7]
Predicted Params: [10 0.08347 0.01039 0.4206 11 0.6989]
Actual M:[
  [
	[1.6961, 3.1829],
	[5.9039, 4.4354],
	[4.0088, 8.2137],
	[2.1123, 9.9837],
	[4.4561, 9.6691],
	[2.1431, 9.5443],
	[8.2292, 5.4949],
	[5.1295, 9.5461],
	[7.6169, 5.1456],
	[2.2804, 9.2519]
  ]
]

Predicted M:[
  [
	[1.6961, 3.1829],
	[5.9039, 4.4354],
	[4.0088, 8.2137],
	[2.1123, 9.9837],
	[4.4561, 9.6691],
	[2.1431, 9.5443],
	[8.2292, 5.4949],
	[5.1295, 9.5461],
	[7.6169, 5.1456],
	[2.2804, 9.2519]
  ]
]

MSE: 0.000024
=========================================================
          Learning params for data #5
=========================================================
Actual Params: [15 0.005602 0.04936 1.048 10 0.5]
Predicted Params: [15 0.005602 0.04936 1.048 10 0.4995]
Actual M:[
  [
	[7.6422, 6.1578],
	[1.5456, 7.496],
	[8.5077, 8.9245],
	[6.9019, 4.6655],
	[2.3092, 4.0145],
	[6.3186, 5.3923],
	[7.0036, 3.8335],
	[8.1513, 7.4795],
	[4.4782, 9.3731],
	[2.2137, 9.646]
  ]
]

Predicted M:[
  [
	[7.6422, 6.1578],
	[1.5456, 7.496],
	[8.5077, 8.9245],
	[6.9019, 4.6655],
	[2.3092, 4.0145],
	[6.3186, 5.3923],
	[7.0036, 3.8335],
	[8.1513, 7.4795],
	[4.4782, 9.3731],
	[2.2137, 9.646]
  ]
]

MSE: 0.000058
=========================================================
          Learning params for data #6
=========================================================
Actual Params: [13 0.07515 0.04428 0.3062 10 0.7]
Predicted Params: [13 0.07515 0.04428 0.3062 10 0.701]
Actual M:[
  [
	[8.3264, 5.2889],
	[2.7621, 7.6215],
	[9.4554, 2.146],
	[5.9297, 8.2934],
	[9.2898, 3.9568],
	[6.1323, 2.0642],
	[6.2128, 8.6085],
	[8.4597, 7.0034],
	[3.708, 2.4111],
	[6.8061, 8.597]
  ]
]

Predicted M:[
  [
	[8.3264, 5.2889],
	[2.7621, 7.6215],
	[9.4554, 2.146],
	[5.9297, 8.2934],
	[9.2898, 3.9568],
	[6.1323, 2.0642],
	[6.2128, 8.6085],
	[8.4597, 7.0034],
	[3.708, 2.4111],
	[6.8061, 8.597]
  ]
]

MSE: 0.000047
=========================================================
          Learning params for data #7
=========================================================
Actual Params: [3 0.01854 0.0322 0.264 12 0.5]
Predicted Params: [3 0.01854 0.0322 0.264 12 0.4989]
Actual M:[
  [
	[1.3541, 4.1343],
	[9.0605, 1.8931],
	[3.8588, 4.8764],
	[7.3164, 3.7888],
	[3.4345, 3.5958],
	[2.8433, 3.9166],
	[5.2057, 5.7397],
	[4.6678, 8.2039],
	[8.1603, 6.6289],
	[5.5667, 7.0906]
  ]
]

Predicted M:[
  [
	[1.3541, 4.1343],
	[9.0605, 1.8931],
	[3.8588, 4.8764],
	[7.3164, 3.7888],
	[3.4345, 3.5958],
	[2.8433, 3.9166],
	[5.2057, 5.7397],
	[4.6678, 8.2039],
	[8.1603, 6.6289],
	[5.5667, 7.0906]
  ]
]

MSE: 0.000030
=========================================================
          Learning params for data #8
=========================================================
Actual Params: [5 0.09266 0.08487 0.291 5 0.7]
Predicted Params: [5 0.09266 0.08487 0.291 5 0.698]
Actual M:[
  [
	[2.5434, 7.0666],
	[9.953, 3.311],
	[1.7554, 1.7555],
	[6.2532, 6.6801],
	[3.8213, 4.1345],
	[5.7197, 3.0761],
	[4.6253, 7.3993],
	[3.7587, 3.0967],
	[7.3822, 6.0077],
	[6.1287, 2.5375]
  ]
]

Predicted M:[
  [
	[2.5434, 7.0666],
	[9.953, 3.311],
	[1.7554, 1.7555],
	[6.2532, 6.6801],
	[3.8213, 4.1345],
	[5.7197, 3.0761],
	[4.6253, 7.3993],
	[3.7587, 3.0967],
	[7.3822, 6.0077],
	[6.1287, 2.5375]
  ]
]

MSE: 0.000046
=========================================================
          Learning params for data #9
=========================================================
Actual Params: [7 0.007387 0.07956 0.5033 5 0.7]
Predicted Params: [7 0.007387 0.07956 0.5033 5 0.6995]
Actual M:[
  [
	[1.995, 7.0812],
	[8.6369, 9.5787],
	[5.7856, 5.7954],
	[7.6278, 6.9064],
	[6.0201, 1.3067],
	[7.5074, 2.8717],
	[1.7031, 4.1757],
	[9.9671, 1.2131],
	[7.7372, 5.3285],
	[3.1516, 1.0452]
  ]
]

Predicted M:[
  [
	[1.995, 7.0812],
	[8.6369, 9.5787],
	[5.7856, 5.7954],
	[7.6278, 6.9064],
	[6.0201, 1.3067],
	[7.5074, 2.8717],
	[1.7031, 4.1757],
	[9.9671, 1.2131],
	[7.7372, 5.3285],
	[3.1516, 1.0452]
  ]
]

MSE: 0.000058
=========================================================
          Learning params for data #10
=========================================================
Actual Params: [4 0.01947 0.09716 0.9316 9 0.7]
Predicted Params: [4 0.01947 0.09716 0.9316 9 0.701]
Actual M:[
  [
	[3.3366, 5.7812],
	[9.1008, 9.6818],
	[5.3242, 1.3323],
	[5.1578, 1.5885],
	[4.8251, 2.185],
	[3.9965, 5.445],
	[2.4127, 9.6987],
	[5.6746, 7.5692],
	[6.7941, 2.0371],
	[2.3135, 7.7798]
  ]
]

Predicted M:[
  [
	[3.3366, 5.7812],
	[9.1008, 9.6818],
	[5.3242, 1.3323],
	[5.1578, 1.5885],
	[4.8251, 2.185],
	[3.9965, 5.445],
	[2.4127, 9.6987],
	[5.6746, 7.5692],
	[6.7941, 2.0371],
	[2.3135, 7.7798]
  ]
]

MSE: 0.000039


MSE list: [7.849e-05 1.736e-05 5.101e-05 2.412e-05 5.81e-05 4.711e-05 2.992e-05 4.633e-05 5.842e-05 3.93e-05]
MSE mean: 0.000045
MSE std: 0.000018
Time elapsed: 79.866769
